10835643
11058917
11179012
11439001
11474653
11536079
11692167
11702217
11776382
11880368
11950908
12069597
12176944
12414644
12673275
12714611
12810839
12901863
14631379
15086542
15184964
15382558
15459974
15501592
15645653
15723264
15727254
15760889
15837081
15888484
15889270
15894595
15900406
16086317
16127278
16135817
16183260
16297187
16374464
16392638
16604369
16835894
16854481
16997394
17045963
17214963
17309461
17360558
17493076
17617515
17823974
17845218
17942075
17979973
18029147
18049453
18201967
18253096
18305351
18347285
18469514
18791038
18800149
18850323
19122649
19133228
19284998
19339160
19341707
19784827
19904211
19929409
20075945
20090764
20185580
20226001
20443931
20463007
20491760
21039331
21179111
21281810
21304270
21318057
21435020
21603348
21813308
21831958
21935449
21979437
22056557
22209248
22261738
22421595
22469843
22763786
22811557
22873774
22897576
23014343
23041262
23248644
23251082
23415960
23483032
23572048
23625951
23674961
23702584
23807484
23935882
23978319
24008425
24137173
24152371
24277820
24330694
24352041
24387186
24479134
24670382
24675664
24732453
24840500
24969777
24994603
25062064
25064003
25169437
25607347
25615550
25893161
26029710
26084751
26199043
26356190
26375467
26942607
26982014
27066968
27668282
27758107
27826008
27922550
27994049
28102862
28111129
28186352
28416300
28536638
28652107
28696355
28891970
28912966
29385210
29662086
29709427
29722917
29765157
29991491
30112102
30130617
30154241
30155470
30169544
30206659
30328268
30611276
30639429
30731651
30805891
30923132
31240106
31646622
32442430
32517079
32873932
33058196
33131056
33211322
33352936
33383974
33483533
33523493
33594095
33799762
33820832
33918053
33925341
34199119
34355424
34597610
35186933
35280774
35331386
35511611
35645325
35771123
35895733
36012482
36030475
36261288
36317459
36400944
36465446
36497052
36606277
36769695
37259549
37309085
38057332
38248755
38367909
38656313
38818560
38944164
39015234
39136767
39723611
40040597
40044626
