834958
10068681
10498618
10615128
10640140
11170285
11368359
11550282
11559572
11904740
11979553
12161353
12419580
12667992
12823349
14993251
15098032
15145216
15193448
15254401
15361874
15502840
15565165
15674415
15713800
15756589
15789067
15949566
16015385
16079118
16205638
16213363
16518848
16669710
16873673
16955467
17024111
17215855
17244689
17485517
17488685
17541395
17690707
17728783
18007576
18082628
18180382
18181176
18242697
18243808
18268888
18305550
18339898
18401417
18406870
18406872
18408710
18477035
18528425
18537972
18538733
18614052
18615681
18628453
18638369
18656692
18784740
18799215
18827185
18923437
18978822
18986386
18987655
19002192
19131339
19135771
19166098
19175693
19215797
19294558
19344397
19377081
19457553
19480935
19544476
19575551
19583844
19587702
19589926
19605820
19723306
19759560
19770381
19794096
19837272
19963124
19968720
19998064
20067558
20073070
20082857
20305692
20417861
20447687
20448119
20513535
20534699
20571070
20589932
20597967
20618334
20633771
20682391
20697350
20739956
20806817
20808301
20809971
20863169
20876806
20965784
21072049
21138592
21156844
21157140
21193423
21239056
21248843
21266020
21275954
21299458
21299849
21302112
21328433
21330326
21338279
21357704
21382019
21388681
21391972
21435002
21454413
21474922
21481795
21486895
21489623
21489624
21519342
21527515
21546494
21593872
21623761
21625237
21637474
21641035
21641037
21653319
21665148
21692997
21693657
21694468
21732333
21850662
21863287
21901249
21934295
21934297
21944569
21955823
21960589
21990409
22023807
22025110
22029197
22035739
22035746
22036635
22067393
22103975
22118668
22134481
22166509
22183070
22208485
22210326
22225474
22231203
22234689
22249155
22252550
22289492
22299775
22300134
22372463
22378924
22380496
22431575
22432067
22453304
22489663
22511494
22526369
22566190
22616642
22646772
22672996
22689211
22749885
22824785
22829126
22847163
22870928
22873741
22887688
22904675
22924699
22937329
22989955
23032829
23037633
23047475
23051894
23054652
23062378
23071469
23086454
23098889
23127356
23168614
23171811
23175662
23212150
23223358
23252482
23253862
23278256
23287430
23289360
23289634
23319659
23319824
23323950
23380743
23411734
23426164
23428668
23430446
23458731
23471097
23491079
23515925
23521501
23532861
23541592
23545186
23547655
23575066
23575252
23598197
23604228
23666687
23666688
23707389
23711595
23741973
23799845
23804397
23810242
23859904
23872305
23876601
23894305
23926299
23927500
23955590
23968727
23974192
23986553
24053143
24109527
24123676
24131888
24134676
24164534
24215620
24262285
24304373
24304421
24305542
24318592
24333704
24339928
24349524
24366361
24367893
24389534
24394666
24407376
24464015
24480987
24482808
24528501
24532437
24550512
24586514
24617663
24618035
24627518
24630366
24691568
24697132
24698424
24703333
24705186
24705490
24740226
24752059
24779036
24790057
24791856
24837466
24859364
24863063
24876147
24891015
24903628
24915631
24923453
24927924
24984979
24993880
24998463
25012945
25036192
25049327
25061833
25068103
25074247
25132497
25134459
25151955
25179732
25187896
25203717
25216532
25217890
25233427
25256906
25293778
25333255
25337274
25360156
25360237
25367136
25367954
25368826
25387678
25389112
25401297
25436260
25449686
25483082
25490448
25520049
25525119
25530131
25553301
25573206
25573989
25579165
25593988
25641431
25656907
25661443
25667568
25671272
25676420
25686603
25709891
25721898
25740109
25740611
25754950
25769542
25798691
25840747
25880391
25895547
25895602
25899399
25913326
25916436
25928096
25932444
25951974
25999449
26023536
26030291
26030620
26045294
26045902
26071474
26072332
26111048
26118315
26149409
26159458
26166664
26166681
26179066
26183593
26186983
26187587
26194865
26202934
26206693
26208040
26220041
26230589
26243622
26248945
26250733
26251899
26252834
26291129
26297264
26309501
26309809
26321221
26354355
26354357
26375673
26511402
26522763
26555285
26560179
26582647
26587743
26600955
26603839
26618175
26637844
26653363
26681761
26695912
26706195
26757169
26758680
26773037
26773044
26802623
26807241
26837312
26847954
26854094
26864341
26867670
26869304
26890068
26892479
26915617
26915625
26942999
26980736
26991870
27011159
27013199
27013275
27044711
27070707
27076173
27095369
27109508
27118564
27125982
27131622
27161873
27175272
27198500
27214026
27225178
27229714
27247866
27334764
27339816
27349028
27350795
27352262
27412040
27447561
27460189
27466307
27485109
27552679
27570624
27611742
27630861
27658269
27658493
27666407
27696211
27699446
27701913
27710957
27757426
27801667
27806304
27812500
27821800
27834071
27834072
27863067
27890928
27894077
27894117
27904889
27965460
27982417
28029006
28035733
28057740
28072818
28083711
28121203
28135325
28140313
28164528
28186983
28190001
28191543
28222016
28253536
28276292
28278193
28278720
28278724
28287043
28288113
28295199
28298076
28325357
28329763
28331056
28369812
28377570
28418880
28437552
28444777
28451802
28457753
28458002
28465516
28466557
28467002
28484156
28495914
28527402
28533818
28540759
28542840
28550414
28554234
28571780
28579617
28580869
28588805
28624216
28627443
28650474
28657534
28663031
28666496
28681927
28698847
28707321
28708130
28709134
28779753
28804122
28808717
28818808
28819281
28827408
28828991
28830596
28836580
28856190
28862704
28888102
28895203
28971504
28972424
28983061
28990497
29022901
29023488
29048642
29067094
29079599
29093755
29123930
29134817
29150116
29151104
29157947
29177615
29199525
29214763
29219890
29220871
29266206
29285010
29296806
29297244
29310021
29327708
29375916
29386476
29393574
29431866
29466766
29474869
29508536
29541390
29575541
29608815
29611379
29616854
29622889
29675955
29676359
29689094
29694669
29696694
29726059
29853524
29915172
29946549
29959790
29963522
29965782
29967475
29974949
29976745
30017934
30028819
30045148
30049824
30082224
30084669
30093395
30105753
30107177
30111418
30121665
30125955
30137981
30171671
30181314
30203581
30212872
30224298
30225494
30267776
30297534
30338507
30369761
30370478
30377763
30399426
30409797
30410673
30419548
30419862
30458320
30553471
30561755
30584318
30630459
30666020
30675008
30684523
30687103
30692122
30695512
30711891
30726713
30730614
30790375
30798348
30798394
30833651
30835732
30855488
30858550
30877503
30897165
30928650
30932408
30936193
30938769
30956968
30965317
30985947
30991025
31006307
31014138
31014357
31025148
31026597
31036315
31036317
31047698
31050567
31069190
31069976
31073408
31100317
31101753
31136068
31158331
31173268
31184233
31208943
31233644
31246142
31250767
31258010
31262926
31276931
31289206
31291942
31293972
31311809
31346481
31353136
31371419
31388278
31389273
31391364
31396300
31399807
31401626
31404304
31425923
31455852
31456947
31464171
31493432
31510844
31512295
31518872
31537692
31537693
31543464
31556219
31594548
31594785
31595038
31608223
31612025
31614827
31628323
31639634
31644323
31658184
31669230
31676277
31681999
31696382
31702048
31707540
31723760
31723770
31761618
31801582
31810968
31817063
31863797
31876209
31882420
31902694
31914386
31919873
31930541
31935370
31937894
31943141
31980730
32000382
32031548
32032978
32037516
32077355
32078113
32084002
32095159
32107574
32111748
32122205
32127950
32146105
32147612
32154668
32158229
32171747
32211287
32231188
32237084
32257476
32269977
32270699
32279331
32289275
32299902
32305283
32306475
32330662
32332702
32354950
32362982
32366389
32374276
32378810
32404952
32414125
32414847
32457305
32470534
32475788
32477529
32507808
32508223
32570264
32579287
32616864
32643838
32652042
32655840
32667912
32688056
32696696
32697563
32702127
32711426
32724345
32737448
32770022
32782768
32803312
32810969
32838725
32850446
32852239
32859628
32871588
32879093
32892149
32908250
32913188
32915195
32918123
32918288
32919926
32949441
32951102
32952973
32952977
32971032
32972178
32990400
33003326
33007075
33021971
33038988
33050861
33054045
33075386
33096322
33100706
33122628
33134868
33147049
33172063
33194157
33194747
33206758
33220656
33223528
33254033
33262525
33283168
33284042
33303719
33338050
33356699
33357484
33361731
33376671
33379130
33387682
33390067
33403687
33416167
33433047
33460055
33466839
33477751
33478278
33489389
33647814
33658660
33660258
33669758
33674940
33677711
33683721
33750258
33757770
33769465
33772144
33774681
33778144
33780164
33789164
33814500
33824712
33828011
33895809
33898316
33906825
33949040
33952249
34014289
34026165
34027795
34031342
34036664
34038034
34048072
34053988
34062996
34086861
34110462
34114218
34118580
34125992
34162038
34185393
34276365
34284978
34300312
34307175
34326740
34362508
34371436
34438119
34462403
34484330
34485806
34491231
34496035
34496460
34497309
34506622
34508625
34511573
34585520
34587720
34608829
34625105
34647743
34659899
34673425
34673444
34697168
34704452
34725711
34743075
34743077
34744339
34758608
34771634
34781898
34783280
34785798
34789006
34816424
34818644
34820009
34824194
34866085
34867354
34868917
34884309
34902205
34906861
34919644
34997766
35021069
35057108
35061886
35082629
35083526
35112716
35123463
35165777
35171727
35223524
35253360
35256549
35267003
35277197
35290157
35296447
35298544
35344115
35346116
35361036
35365438
35370687
35389507
35407383
35414788
35484080
35524023
35551463
35562492
35587747
35609336
35620443
35620965
35641210
35665131
35676453
35699277
35719027
35735203
35756686
35762721
35781906
35782581
35788154
35794090
35809644
35816360
35833297
35834027
35844709
35851200
35860345
35869805
35906470
35908105
35916333
35933523
35967571
35991550
35992847
35999358
36049365
36051070
36086954
36125143
36155130
36156725
36167055
36172171
36180046
36194587
36195570
36208021
36213346
36263131
36264026
36301018
36321418
36324283
36338985
36348635
36354705
36389397
36394571
36452349
36467807
36518237
36535407
36575328
36605226
36611899
36633225
36636958
36683287
36694063
36703773
36744864
36759599
36765910
36843408
36849307
36864712
36871092
36880968
36891575
36912524
36912819
36923939
36949155
36949638
36958819
36959186
36959211
36966724
36990968
37023866
37026766
37103615
37123466
37128502
37156894
37161070
37165001
37169211
37182315
37183966
37212909
37231781
37234746
37248544
37302352
37337105
37357837
37373266
37386079
37397496
37400842
37414723
37449465
37452789
37469124
37479951
37496024
37503586
37530356
37536976
37548333
37554265
37568730
37587772
37621071
37629188
37637992
37649438
37651280
37660636
37665349
37670617
37681349
37689224
37695125
37731314
37745842
37763211
37781087
37807980
37864715
37867386
37871900
37875583
37895120
37895201
37929079
37937766
37969054
37992230
38017337
38031192
38031800
38050674
38057328
38067214
38085116
38104892
38116407
38153913
38155246
38183785
38203288
38236369
38282677
38302862
38314531
38316788
38326048
38358603
38383224
38386975
38394773
38394774
38395895
38397221
38406521
38441775
38457494
38503133
38503522
38525919
38531949
38532120
38548834
38550770
38550948
38567568
38572397
38577721
38584839
38596359
38633128
38636337
38643202
38643492
38653245
38658532
38665121
38718214
38734786
38743093
38749501
38750137
38751957
38760987
38769689
38771542
38779092
38790196
38811958
38821940
38840510
38848536
38860593
38865109
38877512
38879610
38879611
38887856
38888615
38895060
38906962
38919665
38936913
38952502
38955697
38961741
38965368
38970095
38977756
38986084
38992279
38994654
39005688
39009935
39030308
39031848
39056282
39060421
39063200
39066837
39085402
39091920
39098922
39105739
39125877
39127642
39134127
39138661
39145066
39155385
39157453
39167824
39179585
39183370
39183762
39198163
39205695
39214096
39217000
39225048
39231779
39238631
39244947
39251426
39285385
39291932
39300220
39303728
39311765
39316990
39337361
39363594
39368210
39374639
39415233
39423354
39425629
39440695
39479819
39527392
39596557
39601532
39611926
39615652
39624635
39631575
39636243
39645610
39652455
39674654
39707364
39715735
39731492
39735596
39739907
39743410
39757940
39758798
39774950
39816491
39825826
39841145
39863016
39887622
39917514
39931407
39932123
39932124
39957332
39966356
39996897
40009976
40020451
40044423
40052397
40076290
40076467
40090323
40105009
