3037531
3384441
8555458
8798465
8820606
9218788
9393600
9480839
9572739
9755080
9791057
10352038
10400647
10424760
10673324
10740979
10905496
10972879
11032861
11087733
11161470
11162248
11219467
11410591
11413220
11454948
11485901
11508278
11533044
11544177
11571628
11590437
11606407
11706182
11733558
11745387
11803463
11861503
11889562
12095990
12194869
12373610
12419217
12460881
12529330
12554721
12556562
12584724
12592338
12602892
12618287
12684267
12700283
12706837
12782654
12783873
12783884
12795698
12920191
13130504
14581516
14744864
14745448
14767876
15149850
15263908
15522255
15545269
15686884
15734909
15797868
15833196
15857405
15888491
15896313
15911620
15951481
15982448
15998799
16026766
16041729
16075047
16075056
16128748
16174550
16174774
16193290
16227992
16280327
16287854
16338656
16365168
16395129
16517604
16537497
16540633
16552185
16583435
16636172
16678413
16682946
16684529
16711509
16723520
16763066
16775835
16778075
16778831
16780593
16782806
16814720
16814735
16849522
16882883
16923802
16982679
16982699
16987250
17012749
17018644
17047397
17064355
17077150
17138652
17141631
17143278
17152074
17210696
17218321
17276404
17300918
17310852
17335965
17372934
17383860
17400190
17426444
17438183
17460049
17462862
17464696
17478485
17555943
17562714
17580302
17609365
17611497
17616691
17635910
17692316
17696196
17721885
17804734
17825267
17912369
17915974
17921701
17932490
17957242
17993462
18035048
18046412
18053070
18054229
18054314
18172656
18173715
18224693
18249537
18256540
18258266
18283331
18294842
18310482
18336909
18379876
18395980
18410456
18415691
18439899
18477468
18479914
18491207
18497887
18504432
18519842
18570920
18611285
18635704
18644989
18656339
18665177
18668138
18700164
18700973
18715928
18728674
18754328
18770014
18774655
18779657
18783292
18798258
18823366
18838251
18846252
18853424
18945941
18954143
19010915
19051289
19074894
19080402
19097641
19097777
19132987
19142853
19151757
19262140
19270695
19276680
19300183
19305146
19342603
19353338
19364500
19377290
19389506
19398948
19418217
19440551
19461960
19462409
19487299
19488783
19491266
19491896
19501140
19509299
19570880
19602596
19622728
19639178
19640582
19654415
19679212
19693774
19699171
19736514
19744127
19757167
19762778
19794155
19802009
19844585
19853286
19876913
19885581
19892399
19911006
19925030
19931325
19957795
20017300
20022634
20042722
20046382
20048146
20061534
20101210
20102399
20132317
20133737
20137932
20141546
20153226
20159991
20160512
20163786
20180400
20186153
20187155
20214684
20219156
20237411
20299462
20354168
20358958
20361045
20363892
20385773
20407443
20413648
20421846
20440266
20454577
20471940
20493625
20514083
20515660
20520724
20530873
20532513
20557351
20572141
20607729
20622004
20623644
20695763
20697673
20716939
20816796
20856200
20872231
20886116
20921115
20934114
20951798
20980686
20980808
21049487
21061022
21090343
21093899
21097644
21113138
21187413
21242979
21266360
21300805
21303257
21312341
21321187
21321378
21339740
21351045
21355052
21391741
21413766
21432781
21441921
21443457
21479466
21494560
21532616
21559496
21592956
21596690
21636835
21637923
21658387
21720709
21722267
21741444
21775978
21785701
21788944
21793738
21824779
21842346
21842521
21864508
21874010
21898122
21911043
21915327
21925532
21932773
21962254
21984198
21998731
22027102
22037765
22057724
22064480
22075994
22117619
22122896
22129268
22135402
22142798
22150081
22151747
22177840
22179310
22179829
22189542
22199277
22210899
22227366
22228640
22228739
22249024
22251423
22272766
22277669
22290123
22315412
22386689
22387880
22393424
22417847
22430898
22480544
22483702
22505016
22525159
22535956
22548784
22562201
22568219
22580126
22582905
22606274
22623957
22647600
22665067
22685591
22694815
22705004
22740904
22767145
22779686
22798428
22824368
22831980
22840369
22885182
22890326
22896661
22897592
22904301
22916090
22929028
22930469
22931788
22938585
22940215
23054389
23083684
23085752
23117821
23125486
23154063
23157832
23183538
23185040
23200933
23223135
23237847
23246288
23255608
23264741
23298478
23300339
23300741
23314241
23325864
23331977
23334667
23342113
23348505
23392353
23421430
23436452
23442539
23460382
23464484
23474853
23475883
23499911
23500391
23513069
23517169
23567263
23583326
23613163
23639623
23667466
23700733
23725177
23728071
23741320
23747160
23783032
23787999
23792459
23810294
23884311
23888070
23904165
23912456
23919516
23935948
23965747
23977070
24022875
24024202
24030155
24047462
24058804
24064382
24106278
24113181
24126057
24132831
24134954
24169049
24188879
24206815
24214128
24265152
24282290
24291487
24297510
24332918
24335174
24368729
24375547
24383815
24387135
24389511
24400145
24469394
24508830
24516643
24532302
24600969
24601882
24628780
24632578
24658401
24658544
24663486
24699751
24704831
24728886
24737346
24742286
24757677
24768640
24769357
24809327
24817119
24825450
24850616
24916783
24933620
24949720
24955524
24957363
24962437
25012168
25046438
25060489
25065544
25074979
25096783
25136137
25162660
25187230
25188469
25189901
25201081
25231380
25234814
25238546
25239227
25245053
25296502
25322691
25329478
25332163
25355908
25388284
25389299
25414595
25416384
25446079
25498304
25501279
25550560
25559359
25574850
25576812
25597410
25612735
25670795
25688191
25702787
25714871
25726893
25736682
25737399
25738369
25748236
25767506
25782637
25785267
25798836
25811375
25843685
25862630
25868464
25871970
25889856
25901825
25917740
25931014
25955155
25973007
25986148
25987255
25996556
26013465
26045045
26053093
26100275
26137473
26137586
26138884
26147087
26148825
26155399
26170662
26178916
26190111
26267528
26267533
26269114
26279331
26279447
26294745
26296520
26297431
26315674
26318486
26333304
26338103
26354121
26362254
26367276
26371245
26450699
26455908
26455965
26469692
26485540
26486080
26487674
26490838
26515520
26548560
26550305
26565903
26579576
26597376
26598509
26601091
26617940
26622777
26631969
26635480
26654940
26660108
26676365
26683100
26700476
26759241
26783834
26810905
26811378
26818920
26821070
26826201
26828791
26829980
26872686
26882038
26885609
26921108
26959555
26961886
26969743
26980713
27004402
27034381
27036045
27053161
27062580
27113546
27172362
27186265
27259051
27305091
27308618
27319215
27323412
27336035
27336809
27342216
27353512
27388747
27411279
27415427
27416746
27449010
27454941
27461820
27484635
27515171
27550858
27554198
27573172
27574028
27593939
27601661
27615800
27626683
27628192
27660271
27682215
27699769
27717743
27742746
27753212
27769787
27783537
27825082
27878243
27885953
27907160
27913303
27938661
27956098
27966646
27980566
28017679
28025803
28039842
28087810
28095588
28097440
28122142
28139737
28157137
28163294
28209124
28209923
28209968
28243621
28255309
28264587
28264754
28271235
28287129
28301567
28316145
28339062
28363000
28376212
28390089
28392905
28416594
28435051
28436990
28439067
28452287
28472036
28489509
28498460
28499984
28529765
28587351
28588706
28602980
28603765
28604419
28655554
28747671
28764807
28765579
28782920
28811129
28820394
28830562
28853539
28894299
28895639
28911943
28964785
28978011
29054988
29090098
29093541
29118671
29151963
29156644
29169420
29197878
29207183
29242168
29278885
29290948
29298992
29311840
29350822
29358593
29366808
29376449
29443546
29449333
29454754
29456101
29470540
29482156
29482551
29506489
29518009
29523748
29540052
29572181
29636108
29682203
29701200
29702193
29714127
29720254
29725418
29738361
29755115
29762834
29773654
29808317
29864676
29975419
30062828
30065170
30065942
30082413
30101817
30111766
30125599
30140389
30158592
30173931
30176313
30205513
30212483
30243083
30257319
30298836
30338790
30355958
30381078
30422632
30429128
30445978
30485528
30519270
30553445
30556874
30571108
30623492
30647870
30660646
30662304
30662662
30680010
30717751
30720164
30760089
30766479
30798436
30832755
30833219
30850948
30877085
30877761
30911675
30915770
30917320
30950355
30984553
30987615
30991049
30992313
31010589
31030094
31046137
31062368
31074018
31078742
31099190
31105831
31133344
31138602
31147216
31179560
31186741
31202735
31223209
31231210
31262910
31269567
31291942
31299858
31305593
31322550
31325096
31332347
31348981
31363142
31398213
31421084
31428695
31470906
31527710
31531867
31535400
31560953
31572367
31579114
31623606
31650099
31654273
31671832
31693862
31695573
31698236
31720997
31744268
31750041
31755616
31768762
31781484
31810747
31814979
31819647
31838955
31847370
31849975
31870258
31889917
31898360
31907522
31924700
31933423
31959776
31966584
32003469
32007668
32015077
32016970
32042868
32070062
32075106
32078465
32078727
32078952
32088208
32098189
32100243
32179553
32193155
32236665
32239427
32253335
32268790
32269671
32276198
32312891
32319617
32337956
32350110
32395524
32398646
32404972
32451180
32454979
32461380
32484847
32489586
32511815
32536252
32540997
32601379
32617723
32619082
32649737
32679705
32712598
32746771
32747503
32811869
32859224
32865424
32868527
32931746
32935482
32937140
32977414
33009488
33028811
33030203
33034831
33038070
33042406
33054853
33090398
33107190
33112820
33123537
33129761
33140889
33157202
33177006
33184261
33193858
33203795
33247386
33247671
33299873
33303690
33316281
33322851
33336058
33377281
33377972
33399177
33430878
33443209
33462382
33462407
33469941
33477701
33568640
33574948
33582106
33614606
33634018
33639990
33658929
33675995
33680975
33739781
33755722
33794833
33815378
33847878
33911067
33916378
33932497
33935736
33945919
34011974
34020144
34075774
34108622
34150656
34153339
34214875
34236826
34288124
34335983
34343636
34345161
34375627
34382740
34385319
34411782
34475988
34541111
34568352
34573260
34634811
34663861
34670536
34673053
34693844
34698359
34758823
34761338
34791822
34816327
34837233
34860318
34863858
34916807
34965411
34977336
35013126
35035532
35062349
35080342
35095481
35124166
35129270
35158840
35182065
35191464
35250567
35269443
35317488
35333956
35355421
35406397
35419360
35420095
35439639
35447198
35472606
35491166
35603567
35670639
35702106
35705314
35706815
35731312
35756492
35840059
35887580
35892586
35931736
35943573
35952473
35953860
35962953
35973363
35984495
36005478
36056431
36075565
36139434
36144632
36165015
36167696
36179802
36188542
36198696
36203195
36208078
36217693
36221415
36229454
36237516
36252912
36265762
36269831
36286049
36314765
36350496
36365115
36379536
36380131
36387579
36398246
36399797
36444808
36497091
36520054
36522517
36548639
36579349
36591458
36593255
36607602
36613903
36758543
36760260
36773738
36795969
36801666
36910637
36947849
36968077
36985568
36990368
37005876
37007209
37011004
37011414
37029297
37053038
37056786
37059313
37086344
37172698
37187363
37214894
37224013
37259219
37263461
37272194
37302368
37326109
37365174
37386832
37390887
37395092
37454602
37483521
37511907
37525829
37539493
37556795
37567425
37601705
37632628
37633993
37653038
37759434
37801894
37809066
37812949
37840566
37907196
37919788
37984122
37984409
38095558
38100153
38130993
38191051
38240951
38241710
38244852
38263319
38275109
38284203
38290657
38325141
38326625
38328122
38418388
38454426
38473215
38514060
38523299
38529821
38555458
38566133
38582133
38603854
38608439
38613881
38630117
38663496
38669103
38722433
38725859
38738523
38760896
38773462
38796797
38803943
38824570
38842166
38860522
38871335
38872062
38908914
38923026
38923341
38962788
39002070
39013279
39048162
39058425
39083871
39103917
39114447
39143572
39150597
39159418
39162596
39177257
39229496
39234106
39235066
39243420
39245773
39256892
39260306
39262872
39274878
39275052
39317592
39325536
39329938
39332480
39344774
39439795
39457497
39515101
39532968
39558855
39580448
39634125
39643433
39653248
39664580
39696520
39700962
39724412
39800268
39841429
39874016
39881875
39890175
39891863
39897037
39899681
39922147
39929029
39954354
39960165
39976173
39980197
40015949
40027941
40049415
40051559
40078292
40078376
