1409633
3037531
7566964
7657393
8622988
8780719
8976376
9190895
9496907
9620559
9679957
9712142
9916143
10490823
10523666
10594016
10822383
10905496
11087731
11387480
11466625
11507039
11706182
11753568
11861503
11948187
12032855
12034902
12048203
12447548
12517337
12517798
12697749
12782654
12795698
12799317
12843127
12876218
14504284
14654898
14680486
14699494
14735903
14744864
14755341
15082758
15166380
15522171
15531580
15545269
15557754
15686884
15753124
15802290
15824192
15855319
15890450
16000877
16007218
16084396
16297070
16316977
16365168
16402276
16405753
16584837
16652225
16721043
16803855
16814735
16856912
16923802
16923958
16950770
16968880
16982699
17012749
17030088
17047397
17085433
17146665
17202487
17210696
17276404
17327441
17332325
17372934
17426444
17482291
17515613
17565718
17576055
17609365
17804734
17908691
18054229
18158623
18171600
18281467
18294842
18316591
18335029
18353613
18396141
18479914
18768676
18842333
18949011
19075230
19079138
19097777
19116344
19142853
19151757
19197940
19309364
19330838
19433625
19460343
19491266
19628421
19771908
19797172
19843246
19861406
19883618
19933843
19995912
20019746
20042722
20056908
20079400
20102399
20116920
20133737
20164156
20167810
20203102
20236253
20339009
20348245
20354168
20354455
20356836
20407875
20409325
20511715
20514445
20705244
20728450
20735958
20837017
20848774
21050850
21182834
21279637
21297943
21303257
21354697
21387307
21392556
21432781
21438592
21445013
21445098
21479466
21518566
21555366
21555401
21569643
21618512
21636708
21722267
21737686
21743498
21823353
21890689
21932427
21953010
21957489
21960994
21964073
21979934
21979951
21980074
21982711
22044669
22093993
22158034
22228739
22261254
22273180
22275470
22312312
22480544
22580126
22647600
22737270
22771706
22846604
22851690
23018889
23166527
23250987
23258696
23305873
23321478
23372433
23444369
23468863
23499910
23567263
23698120
23746671
23777806
23823123
23863156
23872024
23900341
23912456
23919516
23951196
24030155
24056770
24080829
24100980
24122251
24123662
24126057
24150286
24194853
24220638
24254999
24277697
24285683
24296248
24337067
24368095
24438685
24480654
24496246
24622975
24642468
24656454
24749362
24769357
24805195
24815778
24819169
24819347
24838891
24845341
24919955
24970808
25025572
25059120
25134663
25148525
25162660
25183970
25240046
25258648
25263462
25285168
25392271
25416384
25428377
25575350
25733895
25740694
25771729
25776480
25811375
25856297
25894377
25955002
26003998
26064277
26100075
26102366
26136161
26158514
26185456
26234648
26235054
26254095
26265698
26280982
26296318
26318486
26393327
26455965
26465754
26475619
26500117
26512921
26546510
26654940
26716908
26739650
26803515
26828791
26918455
27034381
27043750
27090732
27112536
27163697
27175587
27308476
27317762
27364926
27418134
27422603
27545875
27786542
27825085
27825087
27825088
27871477
27878243
27878305
27888450
27906180
27966646
28026019
28036396
28068324
28102348
28115273
28129626
28132765
28271235
28272306
28287129
28300158
28341696
28365702
28404925
28440469
28455433
28534950
28541532
28548936
28586057
28681509
28819383
28837154
28849233
28853539
28902365
28933647
28965945
28979807
29050238
29051585
29075783
29079702
29090098
29141982
29153407
29170369
29199386
29207197
29275936
29301787
29374601
29383164
29391600
29399059
29435076
29494643
29561764
29595878
29611645
29667444
29782828
29863983
29933193
30013448
30043319
30071535
30174831
30258434
30278103
30392041
30444896
30460386
30519800
30536701
30541951
30554086
30562559
30565691
30574832
30598523
30628701
30697802
30735546
30833219
30877036
30927374
30980807
31109453
31217849
31249571
31357505
31375748
31496625
31548312
31552693
31598939
31608140
31671832
31683681
31737186
31755338
31802908
31843954
31847370
31933973
31944891
31967930
31997506
32009350
32025205
32051753
32070687
32077748
32078465
32096546
32113052
32184272
32211805
32228353
32252758
32358666
32415173
32512189
32589479
32628059
32746771
32798084
32873299
32880392
32922621
32931746
32986769
32993067
33015042
33101321
33123457
33129924
33137110
33253205
33290778
33324106
33328589
33378961
33390976
33398370
33486928
33537821
33566812
33710684
33768461
33868320
33916378
33968717
34044676
34053181
34111909
34194444
34320278
34348974
34455717
34673243
34804121
34882295
34887078
34900533
35013144
35036361
35117029
35163412
35191555
35202908
35314291
35398208
35602880
35628294
35717934
35729187
35743776
35822150
36014807
36120909
36122209
36156852
36173680
36211462
36217693
36229454
36409629
36427136
36453255
36532641
36659254
36698459
36719624
36804889
36809024
36873171
36959001
36989267
37012691
37053038
37105912
37184210
37202192
37202473
37378334
37443129
37466171
37549580
37567009
37609254
37662310
37664735
37702285
37754255
37800555
37894325
38103826
38193847
38226859
38244769
38280862
38290690
38344362
38355376
38419893
38469746
38478015
38485586
38518852
38577021
38643275
38737389
38825497
38854016
38915532
38962788
39034314
39034529
39209249
39412071
39482976
39497357
39616732
39677737
39897896
39902819
39988126
40016746
