9480839
10208883
10377458
10419456
10773662
11181729
11466625
12172027
15265084
15466193
15579468
15698844
15713641
15930105
16287854
16527273
16923958
17047397
17178867
17372934
17426444
17668379
18451171
18524868
18675946
18794153
18813315
19208796
19493313
20102399
20167810
20647317
20980808
21159799
21191416
21351097
21487925
21821713
22262409
22410780
22500628
22525724
22632897
22729223
22729224
22729570
23166527
23300296
23335751
23698120
23745724
23764849
23794269
23873136
24081905
24244539
24335962
24463007
24686007
24700746
24781864
24942865
24967401
25091978
25275594
25323119
25368680
25370363
25388284
25416470
25424989
25483406
25501707
25523067
25595898
25737557
25784815
25811375
25877206
26002580
26206082
26315541
26318033
26481529
26482618
26512921
26523971
26741489
26782072
26902608
26972278
27026523
27193124
27297869
27329362
27421659
27422127
27671373
27699933
27903978
28028179
28064546
28114274
28190287
28254819
28352194
28365400
28389565
28442992
28467426
28483982
28560065
28624527
28733453
28849051
28886184
28962076
28969385
29038347
29090098
29162479
29197138
29202451
29228422
29282901
29321317
29321820
29367689
29456101
29556282
29747050
29862252
29864963
29956747
30053339
30108448
30136020
30136280
30186040
30280779
30535467
30555259
30659640
30688489
30737029
30825222
30853971
30927924
31041846
31043342
31074018
31143378
31160577
31297863
31304004
31376943
31381191
31383783
31398659
31404142
31441589
31470874
31471318
31480991
31518563
31576144
31660951
31672157
31692069
31736006
31894425
31929334
31951549
31997395
32045877
32199263
32273754
32291381
32308106
32313260
32325885
32446860
32453706
32457485
32459543
32468068
32520206
32524841
32550227
32572913
32597022
32705237
32764974
32782437
32810693
32827175
32860899
32890417
32970816
32978818
33087445
33139577
33145050
33200535
33220166
33298846
33358903
33499874
33506036
33519139
33540707
33654198
33670586
33673003
33794982
33799788
33811778
33820740
33887546
33951290
34077553
34092081
34103010
34237354
34278482
34285188
34330897
34402705
34430428
34477352
34624276
34650684
34658165
34660257
34663861
34677734
34745324
34746118
34830091
34870380
34930676
34950443
34953897
34992689
35025475
35030644
35187761
35233464
35665751
35672742
35764644
35833537
35836520
35892313
35935376
35997716
36069215
36082709
36090644
36168425
36173763
36248429
36248732
36272235
36375570
36397317
36426654
36476861
36562080
36593867
36695285
36752556
36777504
36940911
36943433
36982700
37088138
37223515
37304547
37395289
37511199
37528219
37538424
37651290
37683450
37731502
37829406
37922073
37926285
37998329
38058816
38094332
38147774
38230005
38267920
38282793
38291468
38296728
38321651
38402584
38459620
38491196
38508092
38612866
38670410
38759814
38901498
38963709
39011768
39197298
39262485
39262494
39324069
39484291
39524453
39687386
39689180
39786707
39905552
39937792
40032969
40048438
40057591
