235968
1268188
1692973
2533557
4856314
5371802
7488127
7655001
7655022
7772531
7824924
8122112
8616079
8683377
8707881
8721682
8866227
9021682
9025093
9028963
9053841
9057627
9057650
9094977
9174053
9187427
9209450
9209648
9250148
9264265
9269795
9292659
9367435
9371779
9376569
9414185
9415224
9449486
9490693
9547986
9589484
9736036
9763551
9886332
9894470
10021895
10075688
10187774
10194450
10216106
10339500
10450759
10473888
10507087
10552961
10556217
10574705
10610119
10641597
10664470
10702393
10705576
10706082
10706887
10767348
10793082
10807789
10814522
10842190
10886208
10899246
10911802
10934137
10934142
10942417
10994999
11014897
11049976
11170071
11178628
11215285
11255272
11259271
11263444
11280613
11284039
11310834
11387242
11395396
11438487
11485898
11485911
11532349
11607814
11684952
11697652
11704868
11729213
11801565
11830398
11850821
11876560
11877285
11888936
11891807
11943732
11957137
12065756
12112524
12115586
12122009
12134634
12153187
12181047
12393874
12401829
12405914
12424201
12500399
12555065
12644020
12650409
12657933
12661011
12671761
12691166
12691918
12692835
12700602
12707379
12750159
12763927
12800156
12816858
12879008
12920229
12937132
12939746
12950232
13679433
14506160
14511260
14529317
14555389
14560573
14580334
14586401
14636272
14656871
14656879
14684682
14692518
14692830
14716040
14736822
14761818
14962911
14968112
15000827
15004538
15080301
15093542
15105807
15148593
15184887
15208656
15226403
15245952
15291103
15297972
15385940
15475930
15476173
15492998
15517393
15569532
15577680
15588951
15602716
15680399
15702480
15753060
15852431
15858125
15895073
15897755
15897859
15902287
15921012
15933425
15938644
16084951
16086416
16101126
16107887
16114011
16123970
16126883
16153455
16161041
16170336
16175752
16189272
16189700
16271073
16273656
16313264
16317043
16351638
16360423
16361803
16381509
16429404
16434897
16440742
16458083
16469875
16482992
16499814
16513253
16554750
16604305
16623783
16709933
16758729
16763206
16766651
16796648
16825495
16831032
16835382
16861286
16871283
16888916
16900211
16909118
16939498
16941203
16955462
17063337
17071493
17073594
17077326
17086210
17110082
17157164
17168442
17185414
17197570
17219009
17264955
17274988
17276053
17277765
17285636
17320171
17332315
17353907
17389604
17392503
17396140
17396261
17414097
17416736
17464320
17483340
17488701
17509395
17519389
17537995
17560012
17571585
17577798
17611412
17612934
17656252
17660712
17690253
17694547
17720243
17889677
17904822
17922009
17992044
17998938
18220322
18275429
18385450
18418091
18458503
18495593
18501703
18509351
18549625
18564100
18572809
18615104
18660380
18670345
18685609
18701132
18724359
18755494
18758723
18788887
18794057
18794171
18832464
18845790
18923523
18923525
18946602
18990089
19036440
19043261
19088198
19131589
19131793
19135051
19171536
19176057
19177199
19200234
19221621
19244133
19249873
19250532
19286999
19299651
19305144
19330656
19364961
19393833
19393834
19409178
19415011
19423729
19462760
19503098
19521280
19531656
19535344
19545284
19589272
19608866
19639490
19656550
19671850
19691112
19695703
19708574
19717436
19726563
19737948
19741726
19833155
19886557
19887368
19887607
19921106
19951975
20015877
20040904
20060813
20168249
20169312
20178077
20185586
20207848
20217288
20223922
20236372
20301782
20306994
20308445
20371451
20393185
20424160
20428197
20438504
20448669
20460631
20524084
20554525
20561033
20576349
20621063
20621192
20632993
20644462
20676809
20719933
20805506
20806578
20846102
20870660
20890996
20955410
20957039
20976631
20979472
21030553
21045017
21059859
21062932
21074994
21076462
21102269
21102525
21109691
21112040
21119722
21134980
21146873
21154129
21155181
21164297
21205076
21213368
21215175
21233286
21233671
21233844
21242967
21278610
21297104
21297223
21304536
21310753
21312108
21317739
21326808
21343335
21366363
21377836
21380699
21383740
21425149
21430068
21463119
21471522
21472870
21487394
21488949
21494621
21497367
21513493
21518520
21518927
21535966
21575397
21587085
21593591
21596819
21616006
21623265
21625996
21632243
21632861
21703420
21708465
21709672
21711449
21715655
21720997
21729665
21734404
21751909
21763080
21765024
21778999
21804922
21812414
21838707
21844131
21847065
21855164
21855232
21859094
21866270
21888258
21888259
21904575
21933749
21940108
21945349
21972109
21972113
22005476
22010214
22042699
22052633
22053281
22061645
22071784
22071890
22072808
22076124
22080568
22082640
22084369
22085494
22087763
22090705
22129856
22134072
22141319
22155737
22157554
22169650
22172029
22179823
22192458
22215853
22246491
22249260
22250643
22277784
22280150
22282074
22286764
22289917
22323827
22327622
22327623
22334013
22334442
22347506
22351377
22354277
22365399
22385925
22394598
22397764
22425930
22439928
22439933
22440390
22465695
22473102
22477389
22479414
22488797
22497840
22500682
22506598
22508824
22547770
22569898
22584871
22585002
22591683
22622260
22630575
22642275
22646268
22649787
22655263
22655265
22659414
22681779
22693986
22696294
22705117
22726922
22734674
22735679
22740451
22743134
22743652
22743654
22754660
22764207
22773605
22781601
22787409
22789543
22789917
22791880
22808292
22810114
22820970
22829165
22852078
22875026
22885405
22887466
22895149
22907048
22920921
22932403
22940020
22940474
22953081
22954506
22954507
22967419
22968692
22980280
22989574
23013405
23020724
23022960
23042012
23050789
23064464
23082771
23092569
23107363
23135034
23135783
23139213
23141944
23153582
23154564
23154568
23160323
23171433
23196275
23205942
23239810
23239932
23242445
23245516
23246132
23261227
23267434
23291583
23335077
23338972
23344087
23359795
23360421
23379755
23386486
23392229
23401436
23407554
23407557
23407559
23407562
23407563
23420373
23434628
23453647
23480896
23484153
23486263
23486271
23488602
23495083
23499337
23499398
23499906
23513811
23514114
23523007
23542520
23542521
23543207
23549832
23551194
23551582
23552377
23562183
23567620
23588372
23598173
23599149
23605565
23610619
23610781
23617826
23619105
23625438
23639469
23639470
23639785
23669222
23674171
23674213
23683537
23686309
23689429
23692425
23700294
23707512
23712184
23724913
23727056
23729361
23741337
23742252
23743928
23743932
23761833
23769207
23774148
23774392
23797004
23809060
23814019
23817194
23837018
23837797
23842228
23851431
23857406
23880539
23889739
23896707
23904459
23904763
23914266
23923082
23927068
23934135
23952683
23957430
23965898
23975180
23978023
23988776
23999969
24022839
24034896
24037730
24038295
24055074
24060861
24091028
24095090
24119912
24128725
24129244
24129617
24138716
24142740
24149177
24166094
24169448
24192124
24192513
24194854
24218456
24246918
24255633
24258622
24276038
24279718
24290361
24293393
24296758
24297868
24300132
24305026
24307515
24330038
24356251
24360322
24362875
24369229
24389428
24389440
24389444
24389446
24389447
24404167
24404580
24407988
24415871
24416053
24418728
24419430
24422905
24427373
24442099
24443522
24444403
24462463
24470379
24475247
24478318
24478382
24486058
24490615
24495999
24507113
24507115
24509625
24515771
24518086
24518094
24518095
24524823
24556908
24567432
24576404
24583837
24592134
24598180
24613277
24613930
24621075
24623980
24627688
24629636
24633193
24651909
24666231
24667260
24667320
24670165
24670172
24673736
24675041
24685107
24691006
24696735
24698962
24698967
24715763
24717232
24722149
24722153
24722154
24736061
24736067
24736079
24736082
24739865
24750504
24775606
24778081
24785465
24787965
24797423
24809706
24811913
24815447
24817629
24819116
24830726
24842379
24850290
24852617
24854402
24856155
24881614
24885982
24888607
24889366
24891360
24894770
24899136
24900750
24915814
24923762
24942490
24947326
24952065
24953081
24955213
24959902
24963575
24963576
24965113
24965693
24966207
24976005
24982390
24984564
25004215
25009592
25017418
25022069
25026277
25028698
25035277
25035278
25044944
25045570
25053852
25054154
25058391
25071109
25071110
25083769
25099128
25100004
25115320
25122422
25133812
25135744
25145835
25153496
25153538
25153539
25157335
25157781
25158817
25165192
25168906
25170635
25170637
25173427
25188507
25193384
25193856
25197351
25200979
25202776
25221748
25223557
25228532
25228534
25228590
25248157
25251827
25269809
25274227
25274232
25299566
25312988
25312989
25322323
25326243
25327654
25327665
25337766
25344360
25351246
25351247
25352000
25364578
25367936
25381900
25386659
25393795
25393798
25403583
25404214
25406835
25413260
25413595
25414829
25416234
25421750
25428710
25429239
25433426
25436797
25436802
25436806
25436807
25444930
25450694
25458559
25461779
25466349
25469238
25470694
25474521
25474523
25497976
25501013
25501114
25502629
25514802
25517749
25520569
25526238
25529354
25533804
25534130
25541622
25551161
25557162
25560531
25565443
25568147
25576294
25576649
25577516
25580142
25586273
25588040
25596129
25601484
25602801
25605971
25605972
25624131
25624436
25633507
25644934
25652176
25652313
25653133
25656847
25659177
25669831
25674293
25676396
25676397
25676398
25676399
25676401
25678258
25682925
25682942
25688981
25693021
25693022
25693023
25707491
25715771
25720769
25724526
25733882
25736571
25738071
25744866
25749034
25755678
25759024
25766836
25769414
25772857
25789831
25789833
25789835
25789840
25790980
25791634
25795305
25797883
25801645
25803780
25805801
25806218
25806324
25806326
25806340
25813151
25813404
25822227
25829459
25831763
25842168
25847523
25855891
25857825
25870797
25870798
25874976
25877310
25882777
25884514
25888090
25896198
25898960
25898961
25899913
25914136
25921060
25922061
25922694
25929957
25938345
25950466
25955180
25956936
25957328
25961555
25961696
25961697
25961699
25961700
25961701
25964588
25966792
25971833
25973127
25975837
25978431
25987255
25997961
26001146
26001147
26001149
26002608
26018037
26018086
26018876
26029853
26029864
26032424
26045026
26053561
26056079
26059060
26059187
26062823
26076736
26082648
26084268
26107553
26112806
26114236
26133723
26134233
26147305
26152804
26179668
26187744
26187868
26219569
26220634
26223379
26229087
26235945
26258416
26263240
26264346
26268749
26272586
26272700
26273395
26275476
26276782
26278300
26299615
26312204
26318457
26338968
26340116
26342831
26352769
26353035
26373952
26379151
26379824
26380734
26381283
26384210
26392858
26395848
26416997
26417000
26419961
26420623
26422230
26431052
26433824
26438117
26444240
26445453
26454747
26457764
26458652
26463425
26464158
26466010
26466011
26469915
26476082
26476749
26477969
26483333
26487585
26488404
26498130
26508931
26519123
26521903
26531107
26536196
26543602
26547338
26547803
26551338
26552960
26554404
26555338
26568007
26582431
26597476
26598747
26599807
26603857
26616860
26618223
26620365
26626570
26628475
26629283
26629437
26629439
26630010
26633560
26647767
26649248
26654768
26655846
26657151
26657321
26667344
26676577
26677785
26698910
26702525
26703948
26704844
26705037
26705180
26705279
26708154
26708155
26709645
26712094
26734914
26735175
26736010
26739884
26747246
26747894
26751586
26752677
26753004
26753905
26758803
26769771
26773439
26775590
26786851
26791794
26793530
26801737
26802023
26804638
26806320
26808369
26809026
26811347
26813592
26813601
26813604
26822904
26823889
26825369
26829053
26834485
26835190
26838801
26839360
26842788
26848800
26849637
26857243
26872010
26873340
26880708
26888425
26892300
26893756
26893862
26898615
26899759
26901483
26916631
26923695
26932269
26933125
26935372
26939704
26943457
26945447
26951079
26958510
26958511
26962519
26966027
26973202
26973203
26973216
26973321
26973324
26979157
26979794
26984297
26987388
26990744
26992209
26993609
26998057
26998073
27002760
27003761
27022118
27026837
27031368
27031565
27049722
27060878
27069372
27073482
27073516
27079186
27079579
27086595
27091190
27109446
27114375
27114604
27122312
27130468
27133743
27134984
27136744
27137772
27138017
27142166
27144064
27149298
27155927
27162697
27179218
27180975
27183864
27196063
27197808
27202172
27202192
27206799
27209536
27217763
27217997
27225638
27225694
27232673
27235139
27237026
27237034
27238948
27239236
27245570
27259007
27262592
27263791
27266545
27271275
27281552
27288979
27293826
27298405
27308613
27311871
27318655
27322022
27324494
27330348
27338643
27359268
27386342
27393500
27393517
27401242
27411885
27413075
27414060
27424178
27432227
27432917
27438515
27441079
27445489
27446444
27450657
27460205
27460479
27461706
27468827
27468935
27469327
27470969
27471553
27474925
27480287
27483357
27488695
27496196
27498387
27498729
27500442
27500967
27518729
27523323
27526980
27527804
27528762
27530886
27531800
27533086
27534579
27545320
27545757
27554841
27561692
27561801
27562706
27562868
27563714
27564104
27565907
27565911
27565932
27566263
27573751
27573752
27585676
27598116
27602773
27607176
27609840
27612448
27618520
27635639
27636888
27637426
27641368
27646667
27646887
27646895
27647407
27655296
27655666
27662658
27666124
27669408
27682212
27693505
27694894
27696251
27698100
27699584
27707887
27707976
27732954
27740969
27742657
27744726
27747151
27753543
27761194
27764548
27764703
27764830
27769042
27773932
27776007
27776643
27780368
27780853
27785052
27792126
27793034
27795556
27799390
27799783
27803410
27821172
27822065
27825731
27835868
27836716
27838332
27840423
27841077
27846861
27863198
27863201
27865624
27866637
27866638
27867609
27867615
27867635
27874193
27877008
27879019
27888620
27899405
27899998
27913214
27930548
27936143
27965961
27974674
27986745
27987580
27987586
28003677
28007627
28007629
28009326
28018791
28024691
28029301
28029324
28032602
28035073
28035616
28042680
28050149
28050598
28054318
28056306
28061468
28065466
28066567
28072980
28073897
28081478
28083479
28093881
28104537
28105150
28112990
28122866
28126330
28126333
28128193
28139895
28147239
28149753
28149759
28150468
28163672
28167572
28174489
28176910
28181564
28183697
28183714
28185914
28189201
28193280
28193771
28210129
28210140
28210149
28210152
28210164
28212996
28213819
28215724
28238961
28243498
28245558
28264878
28275502
28276856
28285684
28285695
28290719
28296581
28316074
28318251
28318609
28321808
28326957
28330089
28332225
28332433
28338501
28344319
28346673
28356514
28359267
28362192
28363487
28364271
28365051
28365966
28368436
28368455
28370436
28374971
28381153
28385505
28396832
28404650
28405961
28409069
28415158
28419723
28421869
28423535
28424965
28425916
28426485
28427213
28431340
28432815
28433570
28434515
28434517
28435288
28438075
28438234
28441913
28449509
28450729
28455243
28459464
28461563
28476735
28477056
28480209
28485010
28490045
28490385
28501139
28501140
28504207
28506557
28507204
28507205
28507793
28514730
28516197
28520828
28521447
28522440
28532546
28532565
28534251
28543105
28546523
28550959
28551680
28556361
28557340
28559820
28560674
28561721
28578501
28581487
28586279
28589737
28594000
28597670
28600466
28601386
28602777
28602779
28606126
28607809
28611010
28622610
28624922
28625556
28634201
28642334
28644837
28646771
28652442
28656214
28657423
28659337
28665006
28666189
28669346
28676215
28676219
28683775
28689043
28701030
28705139
28705706
28713152
28721068
28721071
28729021
28731868
28740365
28743163
28744138
28744144
28748818
28762087
28763691
28766541
28771164
28787259
28787324
28795421
28795492
28805673
28805682
28806414
28829490
28834601
28837676
28838397
28838404
28838710
28856564
28857122
28868517
28869221
28869862
28878445
28881815
28887531
28888040
28892267
28892280
28910456
28911956
28914263
28915608
28915678
28923119
28926892
28931104
28932533
28938595
28938646
28939148
28969070
28987389
28987540
29026208
29028122
29030834
29035291
29046324
29046432
29048652
29057463
29061835
29066738
29067644
29067878
29074098
29074100
29075144
29079636
29080943
29080944
29081033
29084134
29086093
29086626
29088872
29088875
29093346
29114471
29119148
29132261
29134510
29137103
29143801
29147338
29149104
29150811
29151522
29156716
29156778
29163763
29164298
29166168
29167001
29169525
29174221
29174809
29186933
29187012
29189709
29190913
29191776
29193772
29201885
29209525
29224419
29225862
29237803
29251734
29256901
29268402
29268561
29269007
29279700
29280331
29286567
29288940
29290991
29296088
29300322
29310482
29312572
29312610
29315286
29317532
29318404
29321660
29323742
29327718
29345319
29352732
29353684
29359238
29370427
29371584
29374774
29376144
29383158
29383359
29394665
29400604
29405994
29429221
29436187
29437006
29439172
29449735
29450203
29455091
29455675
29456853
29458050
29458783
29463284
29467147
29472032
29472060
29474558
29475913
29483416
29488330
29492199
29495603
29505033
29507494
29507657
29510386
29510549
29512859
29514107
29515255
29519903
29524063
29526950
29535535
29535836
29545318
29550682
29559559
29562445
29563138
29563169
29564876
29572000
29581789
29581862
29582563
29587818
29599410
29603581
29609590
29622884
29623743
29627725
29629521
29632648
29633575
29635259
29636358
29637735
29638111
29642597
29642598
29643133
29650733
29656744
29656760
29660984
29662531
29666949
29668860
29669702
29670367
29675948
29681538
29692481
29697184
29698859
29703534
29703539
29713488
29714122
29723525
29737033
29741520
29742298
29744229
29744867
29747676
29748847
29754556
29755689
29758012
29758320
29760833
29760954
29768118
29771657
29774128
29776956
29781772
29782561
29794871
29796191
29801706
29805713
29844259
29844868
29850298
29855693
29856687
29858024
29862230
29862231
29862659
29872693
29877921
29883880
29885478
29886587
29897634
29898383
29899875
29902067
29905579
29907598
29910648
29920315
29923908
29925295
29930762
29935304
29935853
29937385
29937933
29938474
29939839
29950554
29952979
29963223
29966800
29977788
29978950
29981924
29984766
29992063
29997966
30001233
30001602
30002191
30006284
30008296
30010763
30013190
30015720
30018815
30023004
30030733
30032847
30037374
30047595
30049377
30050303
30050322
30052658
30061385
30066208
30067619
30077013
30082557
30085561
30087736
30088419
30089600
30093503
30108370
30116888
30118545
30123541
30123543
30123560
30125543
30127638
30144282
30149189
30150445
30154667
30165392
30173234
30176786
30187817
30191596
30201068
30205165
30207282
30210922
30214557
30215676
30218431
30223120
30230699
30233266
30233874
30239586
30244850
30244852
30245054
30245863
30251885
30258533
30262185
30262555
30263998
30265285
30268049
30271189
30273505
30280657
30290811
30293790
30296185
30318176
30322862
30323631
30326973
30327151
30334450
30344149
30347546
30348720
30350464
30351856
30352060
30355843
30368418
30396775
30400214
30407628
30408331
30408570
30413378
30413381
30416687
30425456
30429043
30429055
30441974
30448291
30449794
30449809
30449853
30453899
30459281
30459283
30460540
30464681
30466405
30475455
30476928
30477470
30499816
30518629
30519133
30521972
30523493
30525750
30525756
30526220
30529198
30529852
30538293
30541790
30541792
30546443
30550870
30562196
30564472
30565433
30568455
30570886
30572472
30572846
30573850
30576255
30578110
30579547
30580372
30580903
30581091
30588655
30591488
30599201
30605844
30608384
30632123
30638036
30642552
30642554
30643552
30643578
30647405
30652510
30653181
30653748
30658713
30659989
30660696
30662526
30664791
30666169
30669647
30675302
30679328
30681723
30683295
30683298
30683300
30683630
30685783
30687633
30688675
30696805
30697903
30699985
30709602
30709888
30724750
30729850
30734108
30735274
30737082
30737231
30741758
30741845
30742941
30771218
30771874
30776174
30777610
30778092
30786826
30788907
30789735
30790150
30799936
30804663
30804692
30811109
30813562
30817606
30819904
30820854
30822515
30831648
30843662
30848386
30851442
30853819
30857967
30863883
30866974
30867324
30867736
30867766
30873584
30878128
30878517
30885334
30888598
30892100
30892989
30898567
30900201
30900377
30909092
30909793
30920172
30922571
30922581
30926356
30927566
30931120
30943926
30952820
30953147
30955009
30955398
30957057
30990569
30992232
30993895
31004022
31005443
31008509
31009559
31016879
31020351
31021856
31023173
31023244
31025247
31027750
31028202
31029398
31035769
31043949
31045816
31052302
31058082
31058542
31093306
31093934
31095455
31097098
31099642
31101622
31106125
31109278
31109722
31116035
31119374
31122568
31123682
31140869
31144459
31147208
31149429
31151782
31151983
31156305
31171381
31177400
31189527
31190983
31191129
31200813
31215130
31215177
31218818
31226541
31231786
31235037
31235041
31243098
31248938
31250485
31260890
31262882
31264439
31278140
31280315
31281052
31284702
31285825
31298630
31307938
31316849
31318119
31326196
31331844
31334113
31338990
31340081
31340850
31341009
31345339
31345343
31345828
31346159
31346927
31351348
31354217
31354290
31358542
31364872
31368077
31371408
31374369
31375452
31383960
31383967
31390744
31393373
31393391
31396389
31407528
31412611
31413792
31419130
31423342
31423437
31424209
31427559
31428523
31431076
31434245
31439588
31440061
31445731
31452835
31455365
31462708
31463119
31470995
31481530
31482479
31491676
31492532
31502411
31504148
31504160
31513617
31528614
31540894
31542727
31554817
31555485
31555515
31556208
31558238
31563285
31569004
31570354
31583605
31585938
31588629
31594044
31596959
31607713
31614113
31615346
31616158
31616196
31616703
31618659
31625265
31627758
31628085
31628086
31630043
31630357
31641223
31648302
31649129
31650892
31654622
31654627
31654838
31668326
31669591
31677810
31681574
31687467
31696059
31699471
31705818
31706099
31707279
31711449
31712133
31719172
31720204
31721468
31725869
31727555
31746406
31753813
31754210
31756496
31763577
31769228
31772744
31776900
31777594
31778074
31778798
31780656
31784094
31787343
31794146
31804301
31804622
31809604
31812890
31812932
31818063
31818064
31823000
31827192
31834627
31839532
31852910
31864154
31870845
31871676
31882485
31887093
31893088
31897590
31900393
31902064
31902065
31902709
31903240
31906956
31910789
31910790
31936488
31936678
31937834
31945065
31955355
31956933
31959728
31965718
31993771
32005261
32009824
32014940
32021525
32023733
32032241
32033930
32038920
32048771
32055239
32059449
32060867
32064308
32067689
32072245
32072746
32074131
32086345
32090101
32093858
32093861
32102128
32106310
32106398
32110052
32114282
32123306
32126881
32132036
32133282
32150350
32161218
32164629
32175279
32186215
32188095
32193476
32195970
32205481
32216941
32216942
32216970
32217130
32217741
32221155
32222087
32224191
32234264
32237210
32243017
32256712
32266148
32271187
32272316
32278292
32283823
32284325
32290309
32290439
32296961
32297415
32297438
32299384
32299643
32307109
32310859
32312912
32325863
32329859
32338548
32342917
32344248
32344292
32347754
32351894
32353632
32357254
32360579
32371261
32375829
32379091
32418886
32420065
32420077
32420302
32430041
32434787
32437899
32440556
32442405
32447492
32457845
32457846
32467651
32471573
32490560
32495721
32509362
32511029
32521388
32523354
32527124
32529332
32540202
32540558
32543087
32546380
32549278
32553554
32564377
32573700
32576444
32593262
32593442
32606173
32606188
32612920
32620471
32629718
32631118
32640547
32647695
32651063
32651064
32652371
32658887
32661669
32664698
32664812
32674491
32676140
32676339
32684628
32690092
32701692
32711931
32716129
32721959
32725539
32750526
32757294
32762670
32769561
32771343
32774266
32780660
32782616
32782689
32788112
32794105
32799090
32801744
32808682
32814620
32815748
32821158
32822792
32826530
32830600
32833271
32838488
32854915
32854917
32854918
32868646
32872120
32881404
32882306
32884302
32892561
32893122
32895754
32902767
32908253
32914017
32914035
32915420
32923899
32923908
32928143
32946634
32953517
32966799
32974130
32979347
32980422
32980847
32981606
32986959
32988235
32997436
33002123
33005033
33007314
33011443
33011694
33011863
33033286
33034056
33034114
33038629
33039599
33040459
33044566
33047769
33053439
33066037
33069075
33069079
33085842
33097593
33102632
33103386
33116613
33134180
33140567
33140950
33141118
33142232
33145318
33146791
33147606
33154326
33155495
33157202
33166721
33168793
33171712
33196781
33197836
33207094
33209384
33209633
33216956
33217002
33217413
33220966
33221344
33237469
33243034
33248320
33249555
33250347
33253051
33273548
33277054
33280926
33283131
33284732
33285759
33290353
33292314
33298723
33310759
33310890
33311990
33314597
33334571
33341678
33344853
33352665
33353436
33360808
33362183
33362185
33363793
33367551
33378972
33380870
33382123
33387041
33387080
33394101
33399308
33399341
33402581
33402590
33411331
33413671
33419583
33427000
33430343
33434380
33434512
33442363
33452442
33453602
33457258
33467720
33472332
33472762
33483162
33483163
33486679
33489809
33489818
33489822
33491794
33504766
33506568
33508008
33509141
33512368
33512651
33514657
33515938
33528789
33530027
33531669
33544200
33545389
33547131
33551421
33555117
33556194
33559138
33560375
33562105
33565277
33568345
33569313
33569319
33569330
33569340
33569983
33572278
33572634
33573919
33581554
33583243
33588113
33601493
33613692
33619116
33619137
33637344
33637566
33639216
33640300
33641716
33659043
33661174
33676770
33677892
33683692
33684925
33685820
33687135
33687477
33692962
33707479
33712566
33728771
33731690
33732615
33738250
33743408
33744781
33751180
33751979
33753563
33756437
33762169
33767072
33776691
33776703
33781443
33781444
33781445
33791755
33795207
33806977
33818198
33823082
33841676
33847258
33847688
33865115
33871952
33875457
33877580
33879132
33884320
33887544
33887553
33887694
33896577
33901030
33905667
33916986
33921762
33936630
33937954
33939293
33947691
33956064
33958877
33959513
33960639
33966367
33968818
33973641
33976638
33994796
33996693
34001476
34001747
34011083
34012812
34014367
34015889
34019333
34019742
34029351
34030112
34032206
34036223
34036227
34045098
34048085
34049720
34051652
34059475
34063424
34066104
34078046
34080140
34082691
34088997
34105864
34110434
34110954
34112097
34114760
34115544
34117602
34120772
34121173
34125345
34136235
34139965
34147645
34150615
34151703
34158340
34158345
34168990
34173019
34176264
34182952
34184417
34186175
34190169
34190415
34203606
34210658
34225542
34232936
34234236
34237620
34242968
34245207
34245852
34250410
34257603
34260934
34263607
34264955
34266695
34272360
34272470
34273398
34282791
34287231
34311110
34311346
34325640
34325996
34330640
34336591
34339964
34341009
34342748
34344086
34344501
34345533
34350237
34359604
34363798
34365220
34365647
34365942
34374890
34375729
34376997
34377493
34382381
34387356
34401280
34404075
34407349
34407403
34409981
34422387
34423228
34423539
34453745
34455066
34458166
34459458
34462665
34464935
34473198
34475089
34482333
34485156
34490099
34492553
34503232
34511936
34514573
34521190
34521724
34522753
34534615
34534734
34536944
34541785
34556462
34558414
34559836
34568722
34572893
34575503
34581153
34586462
34588195
34589917
34589920
34589922
34589934
34589943
34589958
34589961
34589975
34589983
34589985
34589995
34590008
34590010
34591095
34591871
34596160
34596344
34606829
34611409
34612143
34612144
34618040
34619707
34625293
34625839
34626769
34628481
34628929
34640394
34646012
34647426
34657149
34660278
34660618
34666310
34670356
34671564
34680298
34680408
34685497
34686712
34688937
34707369
34713842
34714948
34715999
34720935
34722239
34725992
34729013
34729938
34734040
34743247
34746883
34753277
34756882
34760325
34762616
34769149
34771686
34780708
34791573
34799988
34816804
34819497
34825133
34832908
34834176
34836510
34843129
34851035
34853072
34861448
34864500
34865427
34876698
34881519
34885113
34896762
34910220
34915469
34929229
34937902
34940813
34941039
34944936
34950005
34950579
34956530
34957683
34957737
34964276
34975099
34984581
34987411
34992382
34994227
34994610
34994612
34994987
34999541
35002258
35002693
35005993
35008316
35016425
35017371
35026476
35039026
35040089
35041745
35041775
35042943
35045680
35050329
35050790
35061088
35070994
35074228
35074229
35081265
35087031
35091210
35091443
35092185
35100701
35100727
35108034
35113153
35113459
35116685
35116968
35116987
35117552
35131778
35132576
35135121
35135148
35135161
35137445
35154838
35158987
35164578
35171116
35172497
35180768
35183992
35199053
35200571
35204520
35211406
35212154
35221965
35228642
35229187
35233056
35234192
35236698
35237506
35238057
35240371
35242631
35246138
35249298
35250311
35253386
35256331
35256912
35259921
35275991
35278911
35280726
35280798
35281837
35288525
35289445
35298959
35301419
35305096
35307611
35311071
35319816
35322575
35324529
35326668
35328235
35337281
35340157
35342041
35344649
35347923
35351152
35356928
35359354
35366157
35373356
35373538
35379758
35394532
35395680
35405360
35406475
35406523
35409355
35411036
35421578
35426613
35430374
35435363
35435375
35437925
35437945
35438749
35441911
35446297
35449656
35460414
35463328
35476549
35478149
35479767
35482341
35486222
35496614
35498380
35502464
35508387
35510711
35511648
35514136
35520562
35521914
35527331
35527776
35534623
35538024
35551625
35560368
35567918
35568279
35576654
35582571
35586895
35586965
35605188
35608148
35608716
35609408
35614430
35616148
35620707
35623681
35623682
35624472
35626451
35634237
35640677
35644823
35645123
35645829
35646639
35646707
35664754
35665359
35665929
35666357
35673721
35676454
35677159
35677534
35677682
35679525
35682619
35689207
35691173
35693284
35694701
35701529
35717222
35718773
35720977
35726063
35726064
35727390
35732409
35734411
35734870
35740600
35756632
35756755
35759857
35774122
35779323
35781589
35785159
35787143
35794050
35802834
35803438
35813748
35814861
35820889
35832447
35843080
35844173
35847849
35848751
35857126
35860076
35865984
35867481
35870258
35870711
35873553
35875467
35879438
35898185
35900506
35908452
35914224
35924402
35925390
35940055
35941871
35941996
35952318
35956900
35960371
35969185
35971001
35972630
35972844
35977671
35978810
35980679
35982724
35999456
36001099
36003760
36003768
36012123
36029175
36030461
36031298
36032102
36032351
36036294
36038416
36042659
36045716
36048274
36049410
36057739
36058854
36064579
36065449
36066124
36072236
36075574
36077379
36083035
36086904
36090635
36093718
36100230
36102237
36113668
36123063
36125853
36128929
36131505
36140661
36142468
36145589
36150036
36159860
36162012
36162227
36167821
36168410
36171493
36186223
36201714
36203454
36210850
36211108
36220003
36230686
36233802
36237256
36243793
36244926
36248330
36253270
36253486
36257531
36264594
36267131
36267610
36270866
36286064
36290807
36303600
36315833
36315913
36324562
36325885
36332597
36340452
36345766
36348885
36350070
36368902
36370168
36374445
36375271
36376172
36380511
36386458
36396552
36400739
36401689
36408160
36408869
36410210
36411716
36419902
36424628
36439495
36446190
36453104
36453105
36453106
36453513
36457588
36458467
36461127
36467355
36471533
36493600
36495785
36515740
36518310
36519329
36523965
36534942
36535299
36535300
36537289
36542835
36545322
36548111
36551587
36564237
36571997
36579743
36583451
36585041
36585857
36588605
36591504
36591719
36602782
36617917
36623237
36623817
36624188
36626420
36627781
36628311
36628851
36630332
36633881
36635892
36636415
36640634
36641932
36644155
36647478
36648711
36648781
36654881
36660237
36690569
36698412
36702855
36717340
36718244
36720638
36721855
36729543
36730016
36735219
36740945
36754658
36754839
36755262
36763539
36765519
36768562
36774856
36780194
36780766
36786970
36794043
36797503
36801605
36803384
36803981
36807339
36812383
36812691
36818419
36819147
36820064
36823653
36824291
36824323
36829154
36842815
36842817
36842818
36843055
36864442
36866958
36868569
36875894
36893377
36895918
36895922
36895924
36895933
36896848
36900294
36907641
36910660
36928998
36961312
36961816
36965191
36969063
36969551
36993828
36994308
36996378
37000352
37000961
37001294
37001707
37001858
37005558
37007097
37007870
37010729
37012551
37014824
37017097
37017194
37025119
37035183
37035208
37036582
37038567
37041305
37045730
37046197
37057106
37061247
37061413
37064740
37069213
37072555
37073562
37073762
37077094
37077199
37087822
37087886
37089387
37100654
37103947
37109714
37113357
37114121
37120670
37121107
37122027
37123042
37126920
37147298
37147996
37149665
37153035
37173513
37183643
37183647
37192591
37194628
37197536
37197622
37201296
37210839
37216160
37221218
37223611
37232842
37243883
37250506
37260294
37261522
37261851
37265111
37266153
37268866
37270815
37271069
37272226
37278051
37287428
37287941
37291945
37295609
37304651
37305526
37305584
37312210
37316450
37324060
37326123
37334877
37339995
37341856
37343514
37349867
37351800
37357529
37368362
37371571
37377191
37377783
37379367
37381763
37383584
37388733
37398940
37408412
37425399
37426397
37428255
37430060
37430061
37441362
37444532
37448121
37449387
37450292
37456921
37456922
37465214
37468653
37468822
37475109
37480524
37502466
37504341
37509482
37518989
37522200
37522608
37524810
37527981
37529699
37533439
37534826
37536956
37542770
37549532
37572583
37572870
37573276
37573967
37574132
37574511
37577303
37577307
37577313
37577315
37599056
37599057
37606551
37636695
37644531
37644967
37655119
37658466
37664607
37675509
37681660
37686416
37686528
37691657
37705536
37706178
37706248
37715310
37726067
37734987
37737557
37748191
37749521
37753577
37762644
37765276
37765282
37772744
37773266
37773318
37787425
37787868
37805396
37810968
37815923
37818649
37833218
37835467
37840519
37842503
37849796
37861443
37861993
37869075
37878279
37883378
37892172
37894533
37900840
37906110
37906510
37917191
37922771
37925047
37927472
37934354
37938503
37944178
37950994
37964559
37966566
37969671
37988952
37993214
37993887
38000524
38018800
38020577
38026106
38028318
38031677
38032041
38032068
38032104
38033666
38034719
38035835
38039739
38039964
38046784
38051455
38054562
38057186
38057916
38071095
38073184
38074113
38085025
38087686
38090286
38090516
38090526
38090529
38093982
38096470
38099690
38111829
38128254
38143760
38144359
38145398
38149055
38154064
38155713
38158887
38162174
38175372
38179893
38183554
38186344
38201357
38205201
38205210
38212894
38224050
38229767
38234623
38239813
38240038
38241569
38245899
38262977
38264975
38274094
38279625
38280448
38281195
38282663
38285799
38292996
38295954
38303518
38307859
38312631
38319906
38321754
38331773
38339401
38364363
38375471
38379102
38380728
38389588
38394779
38396367
38397899
38399413
38400801
38402122
38404991
38405000
38405002
38414747
38421881
38424421
38425329
38425547
38434150
38434770
38435286
38439810
38444194
38451510
38451815
38459978
38463230
38465731
38467041
38472960
38492039
38493759
38494766
38507062
38523398
38526831
38531551
38549368
38549441
38558847
38569859
38573563
38585847
38586212
38589728
38596625
38598794
38598800
38607364
38610927
38613165
38616252
38630549
38639799
38653965
38656257
38656284
38656502
38656535
38664533
38669726
38670236
38676786
38678335
38678336
38682850
38699646
38700643
38706599
38707952
38711893
38720809
38738966
38740834
38741708
38749835
38755432
38780617
38787533
38787994
38796386
38804307
38814131
38819031
38825406
38825915
38827520
38830303
38835344
38839088
38839424
38843599
38849164
38852815
38859770
38861389
38864832
38865667
38867367
38867577
38873557
38877641
38879393
38881327
38884266
38885453
38885462
38895816
38902768
38904451
38916812
38919655
38924375
38925827
38927925
38928438
38941542
38978737
38979776
38983150
38983180
38986363
39001519
39008330
39009490
39016057
39030811
39036803
39047224
39055554
39056757
39063924
39067643
39073541
39081957
39085682
39091593
39098856
39103263
39109887
39112826
39112947
39115579
39118874
39125737
39140806
39144250
39144336
39147711
39150182
39157603
39157676
39160676
39171208
39177282
39185828
39197358
39205743
39207720
39224878
39227196
39227986
39228173
39231392
39232917
39237383
39256524
39257160
39259069
39260066
39260522
39263024
39263342
39269178
39271557
39280126
39282663
39284095
39288551
39288596
39300154
39302072
39305516
39309618
39310759
39312722
39313177
39325483
39329254
39348750
39349372
39366308
39368244
39369284
39369610
39370219
39370220
39391832
39392550
39393969
39399468
39403984
39405725
39424106
39434216
39436287
39472120
39488462
39497711
39502496
39504672
39507015
39508332
39510709
39516655
39518064
39522050
39527462
39531134
39532638
39540457
39545604
39549220
39550857
39551860
39555099
39555453
39555835
39562656
39565115
39570210
39576952
39578168
39581380
39592809
39594806
39615410
39617342
39619275
39626326
39642755
39651381
39657459
39659799
39661917
39665942
39667359
39670024
39681089
39688636
39693368
39695732
39701088
39721296
39721825
39726792
39744799
39746532
39754710
39765391
39767726
39772872
39773013
39774774
39776063
39780422
39784678
39788504
39788877
39794098
39800214
39800480
39807107
39810398
39813766
39827507
39830736
39830770
39841960
39850198
39851929
39866936
39873078
39900433
39904499
39906668
39907037
39908681
39911820
39912664
39914918
39914919
39917830
39922174
39923717
39926259
39931211
39932597
39938009
39947094
39949598
39958226
39960949
39962849
39971592
39980610
39982551
39985537
39988487
39991927
39994895
40011377
40015087
40017673
40024442
40027306
40043981
40048222
40055571
40057030
40059232
40064818
40069549
40070162
40087900
40112204
