9268572
9847249
11017806
11106354
11137991
11641221
11696550
11903336
12379244
12756175
14512019
15198690
15569759
15968591
16039644
16319823
16892173
16916507
17065792
17103782
18637677
19692347
19783719
20140221
20552891
20625746
22140057
22496059
22829454
23401352
23942202
23979902
24376213
24668755
24764194
24941917
25673119
25944620
25963140
26076463
26918234
27080046
27349084
29028795
29183346
29681084
29998114
31093972
31132711
31791584
32216639
32385972
32856218
33087824
33369125
33728725
33781094
34112920
34315693
34586326
34900665
36585373
37724761
38481039
38566331
39157323
39298916
