17986521
18840648
19920853
21527850
21654729
21782149
21986947
22307766
22538187
23184435
23463723
23494856
23885231
24838796
25187894
25413698
25424714
25464108
25543316
25556659
25652421
25838844
26269249
27386191
27605097
27900361
28250421
28422132
28566769
28815928
29224748
29274743
29375862
30088855
30642272
31566922
32476269
32820523
33262785
33354850
33476899
33653342
33955014
33996804
34247373
34440431
34547584
34617417
35394473
35598261
35682590
35833929
36440975
36584991
36628575
37290286
37414914
37658852
37665295
38515699
38593730
38837887
38951500
39135054
39346806
39831200
39847329
40004465
40065458
