453080
735739
993278
1284630
1301180
1310068
1312235
1316610
1317264
1319115
1319838
1322495
1324223
1325652
1330759
1338691
1338760
1338904
1339098
1343103
1346113
1348017
1348050
1350108
1350438
1351034
1355210
1357420
1377014
1423316
1523606
1528264
1565631
1643645
1646139
1652549
1658745
1659692
1660028
1661411
1662372
1663069
1684847
1707168
1743690
1825000
1842383
1916749
1945867
2146321
2149464
2167759
2295505
2557595
2797819
3110268
4079711
4317147
4390610
4666832
5283305
5373742
5559846
5861441
6194107
6225732
6413394
6433777
6680041
6991540
6991543
6991544
6991545
7014804
7081147
7083225
7478622
7482396
7482435
7485167
7487082
7490101
7490973
7495090
7495092
7495093
7503712
7510345
7515658
7524190
7524601
7562975
7578527
7585453
7585543
7591245
7604852
7605298
7605882
7606712
7610359
7623895
7624136
7631299
7641184
7645991
7656796
7662026
7708772
7718645
7740458
7740475
7749328
7749413
7753564
7760860
7795585
7797123
7798298
7806582
7821954
7831662
7832804
7833051
7833149
7833931
7833936
7835579
7839630
7840521
7853377
7855802
7863473
7864589
7864989
7865855
7866403
7874118
7878647
7882361
7890674
7915330
7923190
7927905
7946597
7947085
7951213
7951218
7954428
7958689
7959691
7970729
7989744
7997977
8012980
8019564
8019566
8020934
8031298
8033082
8033083
8061582
8063606
8064829
8069783
8074697
8080037
8081386
8081915
8094265
8102685
8103406
8104374
8109321
8111410
8111416
8118461
8118796
8125478
8162022
8162051
8170656
8180338
8182459
8187087
8194700
8194705
8208405
8213830
8221638
8222753
8224634
8226275
8242071
8242605
8242607
8248216
8252630
8252631
8257086
8259518
8259519
8281160
8318422
8346412
8378365
8381580
8381581
8385345
8388766
8388848
8389242
8390900
8395941
8402712
8402727
8406987
8502146
8521721
8521819
8522331
8532859
8537055
8544194
8560436
8562842
8563176
8566954
8571339
8571340
8571709
8575862
8580077
8585024
8589213
8593545
8594558
8595425
8601617
8602842
8603014
8607126
8607127
8609698
8612785
8616063
8616831
8628279
8632608
8638125
8638126
8638142
8639839
8649856
8652082
8655134
8661068
8670282
8671598
8671856
8674041
8697631
8701408
8701421
8701918
8702414
8707116
8707134
8709909
8709911
8713771
8730280
8732100
8732625
8732632
8733048
8740899
8747530
8749329
8750144
8753198
8755583
8760829
8764128
8764837
8768059
8772245
8776001
8776583
8799152
8809879
8815575
8815593
8829653
8834176
8835324
8844222
8851769
8855982
8865533
8865849
8868515
8868517
8873345
8882870
8885142
8898480
8899147
8899156
8903471
8920656
8921576
8931709
8937774
8940264
8941873
8945503
8950795
8956059
8968744
8977182
8977766
8978689
8985178
8990002
9005300
9010867
9012479
9012588
9016523
9031617
9033644
9036857
9038672
9040229
9040567
9060821
9062090
9062960
9064734
9065401
9065402
9066017
9067500
9080294
9090536
9096643
9101302
9105635
9111596
9122215
9127150
9146060
9147878
9148063
9155671
9156601
9157592
9169671
9172288
9173200
9176082
9182290
9183305
9186532
9186686
9188857
9196022
9196441
9198200
9199178
9199822
9201470
9203525
9210368
9220497
9221807
9222730
9228666
9242044
9246202
9250146
9250932
9255906
9259118
9260769
9264466
9266957
9268294
9274521
9282790
9288102
9288750
9296069
9297533
9298819
9309137
9330598
9330602
9330872
9331093
9334304
9341879
9348288
9351526
9354470
9369932
9375853
9377578
9378405
9382065
9387290
9388195
9391252
9394744
9399850
9401095
9407954
9408020
9409651
9430641
9433483
9445111
9450492
9450908
9452040
9452041
9452092
9452101
9452119
9459355
9462989
9467945
9472656
9476377
9482574
9490488
9494520
9496836
9502342
9512122
9515795
9518048
9521420
9527272
9531040
9531041
9536987
9554852
9559340
9566701
9578719
9580364
9592312
9595262
9600185
9601442
9601641
9603437
9609250
9617344
9619506
9620681
9624007
9639793
9641305
9645913
9647997
9649427
9651679
9654054
9657150
9663391
9664575
9669663
9669665
9679945
9679946
9679976
9684684
9689649
9690807
9694743
9707618
9724771
9727977
9734785
9735403
9736616
9736712
9736942
9738926
9742142
9744495
9751604
9751605
9759618
9763350
9763352
9763353
9771477
9772395
9797351
9799004
9806461
9806886
9823329
9824350
9824584
9827944
9828834
9831355
9841174
9843186
9843214
9865925
9869602
9869603
9870492
9870898
9914180
9919881
9950360
9950370
9951419
9973276
9973322
9986731
10030671
10051984
10074450
10077062
10077730
10082519
10083733
10090483
10090594
10090911
10094547
10094557
10101691
10102481
10147384
10155728
10183351
10204516
10210106
10212000
10219496
10226031
10228493
10233368
10235124
10235433
10235460
10329932
10333098
10346386
10346914
10347554
10348713
10359108
10363573
10366246
10375078
10381126
10395188
10395682
10398435
10406676
10408788
10424823
10426187
10426194
10439961
10440612
10445854
10452982
10454823
10459014
10469217
10469614
10470088
10477750
10482959
10485134
10489374
10490837
10493217
10493496
10502830
10508166
10508699
10517118
10523691
10523845
10526233
10526234
10528207
10528677
10528862
10539685
10543200
10543201
10545404
10545698
10545699
10549031
10553040
10555149
10555757
10558005
10559897
10559900
10562580
10567241
10586028
10586031
10595736
10598803
10602026
10602369
10605402
10612810
10613654
10614178
10623811
10634400
10638959
10643310
10644998
10646887
10647015
10651483
10654086
10656683
10657614
10660330
10662776
10665844
10666372
10667431
10668480
10678171
10679073
10680582
10681434
10684251
10694434
10699468
10702806
10706674
10713886
10717531
10717804
10722668
10725989
10728028
10733526
10737725
10737795
10738270
10741284
10741701
10747049
10753194
10755094
10756345
10766743
10768871
10773885
10782927
10793135
10799291
10818595
10826438
10830991
10834386
10837025
10843676
10848800
10854222
10862047
10874025
10887114
10895657
10896257
10897957
10899006
10901363
10903722
10917756
10920985
10921028
10921876
10923044
10924409
10925258
10926498
10928486
10929543
10931886
10936679
10938175
10945171
10947987
10948138
10949933
10951570
10951583
10951849
10966653
10970088
10974338
10980707
10982189
10984057
10995389
10997314
11001924
11021596
11025675
11029657
11034422
11048797
11048799
11057877
11062151
11066428
11066429
11067165
11067335
11072519
11076880
11078757
11084333
11086059
11094250
11099951
11106824
11112217
11118346
11120791
11123314
11135435
11139527
11145293
11146630
11159880
11160207
11160297
11163211
11179455
11182219
11184098
11186630
11188350
11189481
11193931
11201639
11207274
11211307
11212260
11221825
11231588
11237529
11241408
11241666
11244511
11244719
11247896
11250396
11251183
11254711
11257105
11263497
11263856
11267030
11267860
11270422
11279192
11283620
11284086
11286276
11288716
11290791
11293751
11293895
11301177
11310840
11313383
11313399
11315765
11317365
11327050
11334670
11338478
11351394
11351815
11354631
11355315
11370631
11374734
11396184
11398082
11399952
11406978
11409872
11409891
11437404
11439153
11448917
11448992
11450991
11459825
11466333
11466687
11466700
11467230
11467946
11470413
11474999
11485029
11490031
11493649
11506490
11509591
11520460
11522002
11522655
11522744
11533255
11533658
11535616
11535846
11551102
11553046
11553328
11562348
11564752
11566880
11568579
11583311
11584047
11592041
11605029
11606402
11642098
11668620
11677205
11687966
11689433
11693149
11694576
11696422
11707392
11707420
11710336
11711730
11713587
11720476
11724813
11733563
11739490
11741105
11742988
11747870
11751382
11751962
11754114
11756228
11756652
11766228
11768389
11768390
11776612
11776787
11778557
11782019
11782312
11809680
11819789
11821507
11823972
11839722
11848438
11848448
11852337
11859075
11859101
11862214
11866955
11867715
11870629
11876551
11876693
11883381
11883698
11891193
11896079
11897150
11900252
11903580
11907083
11912492
11917129
11920497
11920741
11921277
11930820
11931531
11933206
11935272
11937584
11943934
11950877
11956582
11956815
11960572
11963602
11964384
11970969
11978510
11983341
11988738
11988751
11988767
11995229
12007223
12007419
12023329
12024504
12029084
12034871
12041017
12045208
12047446
12054750
12061055
12070128
12070164
12074429
12077257
12082146
12093899
12112318
12124804
12133951
12136240
12151354
12152084
12152677
12163385
12165290
12169913
12173026
12193973
12198152
12198702
12198717
12208850
12223464
12232570
12234365
12297341
12353069
12353074
12362034
12362228
12370335
12370429
12372335
12373147
12374230
12378616
12379043
12387883
12393507
12394442
12408524
12410799
12421930
12429944
12435055
12437679
12439748
12444170
12445268
12456658
12458338
12471100
12472668
12473343
12484245
12485844
12486240
12494469
12496391
12499439
12503191
12509729
12516162
12516557
12516564
12517947
12517968
12519375
12522539
12527714
12529764
12533824
12533826
12537656
12538344
12538693
12554650
12559626
12574116
12574341
12581900
12582755
12584168
12584179
12584582
12589682
12593506
12594278
12597875
12598901
12604313
12604901
12606575
12628243
12633551
12646143
12646874
12652296
12664576
12673484
12679038
12702169
12710678
12724382
12730108
12740349
12746190
12759415
12771132
12774245
12782759
12783110
12789661
12797865
12800196
12800633
12822869
12833148
12835846
12856637
12874226
12875949
12881919
12891569
12894559
12894596
12901620
12901725
12901799
12902465
12907646
12922111
12931287
12938621
12945285
12957396
12970569
13274067
13274081
13276880
13292485
13297771
13304771
13308778
13313527
13315895
13326408
13333163
13336083
13338896
13339822
13345615
13350354
13354831
13356069
13356684
13356685
13357513
13362666
13367984
13369617
13370491
13376334
13376912
13380565
13382004
13382147
13394998
13394999
13396602
13397325
13408895
13411135
13411136
13416306
13422515
13435388
13435735
13442670
13444789
13451741
13470428
13470464
13472743
13496900
13498819
13543965
13595334
13679048
13695417
13699716
13766793
13827367
13827369
13844909
13888670
13895119
13972726
14023343
14023344
14200302
14229885
14435311
14444521
14469870
14502292
14502293
14502807
14516776
14518303
14522379
14523376
14531287
14536053
14551908
14568921
14573780
14578138
14595746
14597105
14624392
14633595
14634120
14634663
14643299
14647421
14647429
14654913
14662741
14662832
14672538
14675088
14679305
14688311
14688319
14688324
14688357
14691304
14697260
14709718
14713549
14716021
14724162
14726687
14731401
14734740
14743218
14743219
14744799
14758359
14764660
14938245
14961559
14963168
14966376
14976057
14976131
14982631
14991743
15004149
15014502
15024739
15034296
15040027
15045242
15048712
15067328
15072829
15081535
15086610
15087381
15093536
15095442
15095859
15107619
15108286
15108288
15117976
15122587
15131404
15133491
15135545
15144953
15150130
15159018
15169818
15175796
15185002
15187352
15190201
15197235
15197775
15203750
15205109
15207235
15218453
15220530
15220531
15234219
15240663
15242521
15251969
15257316
15265907
15265920
15266213
15273719
15280661
15285717
15287021
15294949
15300853
15300963
15300969
15305389
15311282
15316079
15326380
15327768
15327769
15330259
15333036
15333653
15340841
15349813
15356109
15361208
15368361
15368578
15375009
15376262
15380093
15380172
15386431
15446460
15449054
15456841
15458577
15459959
15466175
15467459
15469984
15477347
15493998
15494708
15503619
15506825
15507235
15508191
15512910
15525512
15525529
15539933
15540296
15541474
15541717
15542524
15548520
15556865
15561772
15572120
15572129
15578093
15580249
15584209
15589736
15609045
15613919
15616574
15623481
15625834
15633377
15639864
15641992
15643602
15649358
15658421
15658422
15670066
15670067
15670646
15678162
15684716
15689459
15699215
15701168
15710156
15711747
15712637
15713843
15716238
15719192
15727247
15728488
15733272
15733663
15743504
15749850
15754020
15755874
15761860
15793634
15797379
15812230
15814703
15814713
15824157
15834612
15840612
15843169
15843421
15854228
15857185
15866025
15879080
15885416
15890686
15892196
15893544
15905538
15915917
15916960
15916961
15924262
15943410
15946992
15951972
15952110
15970679
15978106
15981102
15994309
15995637
15996603
16007167
16009302
16027851
16030254
16040385
16040610
16041145
16042569
16046481
16081766
16081774
16088911
16102093
16102094
16110024
16126064
16127448
16134147
16138013
16141240
16142311
16148219
16150893
16153703
16156033
16157700
16163548
16168498
16184469
16185824
16188939
16195415
16201232
16222116
16228836
16241958
16253208
16259108
16278815
16287072
16298038
16301614
16317745
16318380
16319895
16338393
16340248
16351465
16356174
16359508
16360415
16364912
16365460
16365682
16382042
16386367
16395490
16399071
16413484
16423286
16426911
16433700
16442347
16443274
16450383
16472066
16478791
16483003
16508672
16510566
16510874
16520998
16521262
16521263
16521296
16525781
16531545
16536282
16537703
16543216
16545110
16569251
16569677
16569681
16585550
16598818
16601829
16608647
16613113
16614944
16619216
16627999
16648845
16650078
16675394
16676398
16680592
16701944
16702032
16720878
16736293
16738333
16751382
16752945
16753179
16760271
16763193
16763565
16785538
16798748
16820884
16840506
16843107
16855398
16858687
16861901
16861917
16869938
16875934
16880778
16883523
16897741
16920933
16922402
16934314
16940752
16950562
16969093
16971785
16981189
17002498
17009161
17026565
17030180
17043967
17048270
17064931
17093505
17098316
17099689
17114580
17116713
17119068
17130831
17130966
17132690
17135276
17141298
17143620
17147414
17153484
17160019
17173039
17176113
17182570
17189293
17190794
17213033
17221838
17222366
17223572
17227893
17227951
17230660
17234884
17251345
17252231
17257127
17257429
17276345
17293392
17295841
17297457
17297685
17301249
17319958
17330809
17344220
17354121
17357283
17361102
17367777
17376772
17377804
17410430
17411426
17418091
17426470
17426899
17448021
17454753
17475826
17476341
17485488
17486639
17489848
17499343
17505512
17506007
17519285
17524638
17556698
17558858
17562260
17562262
17568392
17570218
17572842
17588722
17595655
17598199
17601983
17604324
17605421
17611919
17618083
17620292
17620311
17632060
17632092
17636402
17650307
17653897
17664332
17665205
17679094
17700535
17704816
17704924
17709426
17714185
17719540
17726374
17767851
17786187
17823968
17881494
17882487
17889668
17893240
17905526
17910481
17918201
17920230
17925383
17927853
17942546
17944809
17947477
17954272
17963004
17963430
17964080
17968317
17970048
17973119
17987022
18004914
18024325
18027849
18042042
18047746
18055295
18064321
18066497
18070451
18074952
18076571
18095376
18161004
18162579
18166348
18172166
18178216
18198830
18212744
18224684
18239684
18247045
18253900
18265644
18287512
18297324
18321983
18330091
18331722
18343606
18350494
18354085
18369740
18372912
18375958
18387324
18390704
18399374
18403596
18406876
18418860
18424707
18425725
18428386
18444242
18449423
18451217
18451862
18474248
18477604
18481969
18485586
18485863
18485889
18487285
18498748
18502210
18519734
18521487
18521605
18521697
18538651
18544349
18552834
18554166
18556659
18559483
18571915
18585699
18598214
18617334
18629513
18630182
18632657
18633879
18644893
18646694
18662536
18662704
18662849
18675848
18683131
18684883
18704758
18714004
18722078
18722180
18724059
18727332
18757745
18770064
18774639
18782851
18787127
18802083
18807072
18825752
18829069
18836487
18841156
18846667
18848448
18852302
18854359
18941170
18941172
18955873
18976910
18977219
18982352
18985774
18987576
18992635
18996677
18997788
19009294
19011680
19017931
19026787
19029688
19033191
19036642
19061640
19064669
19089809
19098431
19099247
19109150
19111562
19116878
19117951
19123231
19124205
19152694
19154683
19154713
19154723
19164452
19167333
19169759
19196998
19197151
19201897
19249208
19255508
19259700
19263084
19276349
19285942
19299714
19307944
19309276
19309782
19320041
19326388
19336465
19336758
19339626
19347873
19350113
19350629
19362536
19378335
19380760
19390358
19390576
19394289
19404440
19407811
19415698
19444466
19448625
19450512
19470943
19475396
19494170
19498029
19506903
19515250
19515997
19531215
19543899
19545989
19549334
19553203
19553497
19578404
19584054
19584833
19593690
19597346
19606680
19615284
19617769
19622298
19635905
19654215
19657225
19661296
19670073
19670741
19684041
19694001
19695862
19698237
19700299
19701947
19711014
19713762
19718269
19725996
19728755
19739089
19768578
19773381
19775879
19779968
19793053
19798366
19805045
19820702
19826416
19828935
19845967
19847890
19861496
19866554
19874463
19900189
19900895
19912361
19918205
19928347
19928348
19928349
19928350
19928351
19928352
19928353
19928355
19928356
19937089
19941313
19948173
19949077
19951906
19960317
19966863
19966865
20002000
20002539
20007248
20022170
20025482
20033212
20033787
20037474
20054826
20060286
20074037
20074038
20074039
20075022
20080744
20090418
20095973
20108522
20110688
20140021
20195072
20196079
20197613
20203270
20206185
20208994
20210251
20220147
20223003
20224554
20229069
20233475
20301519
20333795
20348907
20367965
20383190
20383333
20395298
20396374
20404532
20424596
20427775
20434453
20444846
20472892
20473026
20473645
20504269
20510605
20513532
20513763
20516187
20530268
20564245
20569184
20640893
20649969
20685668
20696638
20696710
20699636
20714223
20720115
20729194
20729907
20733055
20831816
20840677
20850014
20885350
20890296
20924356
20935450
20935501
20948288
20978149
20978327
20980832
21057000
21058424
21059769
21061438
21078199
21080375
21087491
21092369
21095110
21107322
21110124
21115912
21138757
21152425
21186356
21186364
21205743
21207416
21225915
21241890
21261459
21270054
21279955
21287799
21298605
21302450
21307929
21315632
21325626
21328347
21336306
21339360
21359685
21363919
21399619
21402913
21411865
21429455
21439299
21439394
21442240
21454357
21457218
21471006
21483657
21484192
21484796
21488240
21488256
21488257
21488302
21497201
21498506
21502812
21513893
21518821
21521550
21531761
21532750
21538028
21557638
21567933
21593603
21596315
21601357
21633387
21643010
21649465
21653199
21664244
21665989
21666057
21670593
21670770
21680534
21696940
21697504
21711400
21737640
21752055
21763329
21768287
21779980
21798126
21806783
21816903
21857839
21857949
21859464
21865138
21866058
21870425
21873455
21874044
21885812
21886810
21903591
21904137
21910774
21911604
21937258
21948542
21949247
21963174
21966577
21982804
21986944
21989727
21995949
22014574
22015821
22040588
22045638
22045811
22056359
22073196
22077694
22079111
22081130
22152476
22154243
22162224
22164339
22173637
22178396
22180177
22184111
22193957
22196012
22205987
22210908
22214763
22222919
22233931
22244614
22262720
22277732
22283331
22286100
22294772
22321156
22321970
22322591
22324744
22333576
22366722
22367008
22369638
22371760
22372443
22380946
22386831
22399804
22414247
22417125
22426190
22431159
22432006
22434193
22434195
22434720
22436742
22440753
22442333
22447671
22467108
22479455
22479614
22482721
22482729
22496417
22496922
22511308
22529100
22539608
22545099
22558422
22563063
22580460
22580462
22632606
22655255
22669205
22704062
22713866
22727131
22735596
22740476
22745380
22750541
22751121
22761442
22781761
22791292
22795047
22796397
22799487
22801552
22836916
22844260
22847197
22851115
22851119
22854063
22864938
22884971
22886300
22886683
22893084
22893683
22898821
22905992
22907428
22918942
22927465
22940250
22953026
22956501
22956538
22964475
22987206
22992440
22993613
23001297
23007648
23007861
23019610
23028861
23029325
23042652
23045728
23055343
23078409
23085758
23091007
23097041
23099886
23101628
23102641
23114473
23115482
23122453
23126162
23129580
23131390
23131784
23132636
23143274
23145059
23148513
23159080
23159591
23206702
23209426
23212804
23213260
23213396
23219837
23226367
23238556
23242419
23244118
23251390
23255887
23277359
23284688
23288039
23291410
23299921
23302090
23308069
23318418
23320800
23326336
23328397
23348792
23354969
23365074
23369709
23369732
23382461
23393221
23395091
23397547
23410231
23416042
23423322
23431474
23455500
23469016
23475220
23480827
23504555
23508686
23525311
23526092
23526751
23533609
23534709
23539443
23540173
23555653
23558679
23561487
23561964
23562861
23570874
23576677
23578122
23583778
23589490
23589686
23598156
23613471
23624406
23628763
23637229
23643811
23648645
23670162
23682783
23687281
23696789
23707760
23708605
23708654
23715166
23725351
23741483
23761795
23773491
23775192
23776205
23778424
23786411
23796566
23799088
23816140
23826186
23840886
23844319
23846443
23852423
23871111
23872074
23873622
23874531
23883517
23886942
23896379
23906606
23907120
23933137
23970361
23983135
24004664
24019759
24035544
24055261
24086117
24100295
24119907
24123688
24132744
24156781
24163370
24169521
24172164
24178345
24194897
24197976
24200292
24212608
24224156
24240236
24240237
24244595
24251807
24254581
24257746
24266626
24285060
24291664
24297750
24301314
24301385
24309598
24321454
24323356
24356446
24362889
24372304
24374810
24390805
24394668
24398672
24398860
24403607
24404379
24416237
24418773
24448687
24464857
24485834
24487055
24491303
24495688
24496450
24497611
24500912
24505066
24507628
24508461
24510915
24523236
24532012
24532316
24544075
24553289
24566423
24569229
24576023
24590585
24599579
24604252
24634235
24637322
24637522
24647155
24661338
24664543
24667635
24675673
24685131
24715170
24723678
24735542
24735816
24751481
24761891
24762815
24765201
24770399
24777614
24781523
24790607
24791470
24811168
24823678
24824929
24832083
24840027
24861525
24871945
24930963
24931405
24946964
24959234
25025473
25031746
25032959
25036633
25038545
25043943
25060720
25088202
25117622
25121482
25139956
25156254
25159889
25161877
25183641
25208568
25217164
25217616
25224138
25232400
25243319
25246615
25251568
25270420
25281716
25287299
25301724
25317407
25349192
25360316
25368155
25383541
25413242
25417611
25426113
25436122
25449083
25454068
25483061
25500852
25506377
25528268
25535916
25540434
25545919
25550143
25578398
25590978
25597951
25604157
25632237
25636467
25649870
25665470
25669885
25673878
25676610
25684670
25713128
25716913
25723520
25738352
25750436
25831444
25843713
25853848
25860571
25871779
25874155
25886704
25903336
25908636
25913861
25922721
25941542
25952805
25959309
25987604
26004395
26049416
26073472
26074073
26083744
26104794
26107264
26156639
26161710
26163615
26166760
26174739
26193883
26213617
26219466
26221070
26227848
26252100
26252546
26254932
26257735
26272249
26276752
26279338
26304725
26305864
26314409
26329581
26343760
26373723
26379669
26388189
26393419
26394139
26406113
26411367
26416840
26421687
26423134
26425654
26436499
26442515
26446593
26446837
26447891
26455319
26461363
26461365
26473158
26483791
26485104
26493106
26511139
26527747
26528041
26556314
26573515
26613750
26622826
26625971
26629051
26643927
26650195
26658612
26658992
26681652
26708087
26711213
26721690
26725728
26771710
26797314
26804172
26810222
26811472
26840078
26875894
26880076
26882497
26882548
26884349
26904940
26909336
26923777
26924129
26939887
26948948
26960431
26963853
26975665
26981430
26995224
27000756
27028212
27058667
27065015
27081525
27081559
27087319
27087961
27088617
27097363
27101248
27103671
27114510
27115472
27120157
27121310
27126000
27183652
27190716
27191268
27217144
27226481
27226622
27251328
27252439
27254743
27259151
27272132
27287809
27302369
27308488
27312068
27314081
27347211
27368103
27374082
27402801
27410035
27418100
27418942
27450592
27459532
27462415
27462441
27478702
27490759
27494112
27509861
27514492
27522463
27535120
27539532
27543614
27545270
27558644
27561318
27566999
27586273
27591192
27601667
27602165
27613041
27617574
27630299
27641636
27648962
27653696
27655696
27670526
27679509
27682830
27683109
27698186
27700128
27726247
27729614
27730672
27748282
27755336
27769066
27789479
27798265
27816598
27837393
27838800
27852007
27863662
27890644
27894290
27902968
27927180
27939883
27939943
27983523
27991546
27993978
28004426
28010732
28012534
28026816
28041905
28041906
28049141
28069571
28075483
28076475
28078112
28105931
28130546
28134256
28164568
28174173
28179481
28184015
28222664
28222998
28245054
28250157
28253712
28271271
28282712
28306719
28322826
28338941
28341713
28348273
28366744
28379870
28385771
28396402
28397687
28404789
28413499
28423402
28423518
28490611
28502659
28505105
28506830
28514186
28515349
28516917
28524770
28533280
28533537
28543390
28554509
28561582
28576136
28604743
28611473
28629331
28645942
28650985
28664225
28683851
28698300
28708826
28731177
28759015
28781669
28782241
28791728
28791770
28792655
28819373
28829967
28851945
28866416
28878511
28916710
28938637
28943088
28955048
28968996
28978643
29018778
29026543
29030390
29045831
29050326
29055690
29058016
29076875
29084807
29085490
29099467
29115417
29133301
29144570
29147609
29148535
29150431
29163805
29167309
29190888
29196572
29214019
29215473
29237421
29243267
29245953
29251405
29262529
29275959
29297603
29301900
29302705
29318445
29343641
29343648
29348204
29367705
29368261
29372558
29406563
29408853
29419868
29440928
29448296
29467181
29497685
29517484
29518763
29525853
29529534
29533767
29533772
29541077
29549242
29549256
29564767
29575796
29653924
29654741
29671006
29673457
29700288
29707242
29735662
29751128
29852456
29856981
29865038
29875408
29896273
29898917
29901124
29911914
29914332
29921377
29923125
29927345
29954149
29964340
29965715
29968043
29973362
29982480
29987118
29987163
30024920
30040618
30059139
30095910
30107832
30131849
30134915
30171272
30181617
30186819
30197296
30199529
30212390
30239619
30256815
30259713
30272823
30290241
30303738
30316137
30327581
30340471
30344520
30349894
30357422
30373936
30376837
30383609
30396569
30414835
30420287
30450637
30460429
30465104
30480051
30482618
30511453
30511962
30517867
30523493
30568459
30569497
30569724
30619485
30624764
30636977
30640173
30659601
30696621
30721564
30733657
30746783
30753559
30755386
30842760
30868894
30874463
30874550
30918005
30937873
30995700
31000380
31000600
31001249
31015202
31022690
31026809
31036696
31037594
31053633
31069152
31070915
31101654
31117445
31139661
31158755
31164978
31175173
31175280
31211990
31211991
31269945
31286496
31317827
31337618
31350353
31351266
31353684
31383941
31391772
31396323
31414579
31420536
31423729
31441503
31450893
31455778
31467078
31471457
31489637
31496624
31504825
31527860
31545986
31547110
31586452
31588029
31591141
31598872
31606421
31631067
31651926
31659152
31686521
31702654
31704613
31712236
31723073
31737207
31741765
31759252
31825153
31857074
31862931
31864160
31871025
31877462
31892851
31900123
31938296
31939164
31984653
32003827
32005247
32024448
32036005
32037952
32066079
32067438
32076059
32087273
32088909
32091625
32102509
32123549
32152539
32157216
32159210
32165320
32170310
32185408
32194643
32201729
32220821
32244492
32265265
32265267
32292534
32307883
32312003
32316101
32327666
32328643
32334194
32340049
32340123
32341029
32361273
32380568
32384699
32388397
32393902
32431068
32434143
32434960
32445578
32499079
32505560
32554797
32572622
32586050
32590455
32594830
32603656
32633323
32633358
32639629
32676810
32683422
32690720
32701358
32702694
32717306
32726117
32730818
32743790
32748889
32750050
32751567
32754865
32818633
32829589
32895333
32900862
32905768
32934012
33007249
33007288
33025138
33039559
33071283
33082289
33094510
33095751
33105836
33112876
33128107
33131213
33183394
33186524
33191490
33213169
33218190
33230782
33230914
33237662
33237836
33239858
33260674
33283723
33303731
33306668
33314736
33348689
33352971
33369461
33413674
33461531
33494563
33504457
33509267
33521937
33549489
33564385
33575061
33588901
33604700
33620068
33644894
33652861
33664379
33670371
33670833
33670908
33674216
33683519
33719322
33740971
33745841
33766935
33769591
33789095
33790997
33792568
33806417
33842374
33858650
33893330
33926505
33928748
33930605
33968756
33968785
33968990
33969134
33971196
33987378
34001798
34003864
34085213
34106356
34123586
34126796
34135061
34151900
34155197
34186008
34189751
34212311
34244565
34271087
34282105
34285242
34291488
34297691
34298015
34298652
34308970
34320348
34329396
34344448
34352208
34380032
34382737
34385594
34436010
34454113
34467092
34475049
34487537
34493599
34513702
34514550
34520730
34521463
34527589
34545707
34549183
34573902
34593610
34614636
34620187
34634619
34637096
34644748
34676872
34678214
34720931
34722532
34733274
34761157
34771559
34774804
34788999
34823217
34840582
34845994
34852843
34873211
34878135
34885156
34909835
34911816
34928480
34934968
34937742
34948207
34978498
34986057
34986841
35000070
35022996
35039540
35100078
35112484
35138608
35141499
35142982
35145325
35156710
35169122
35180772
35189564
35199885
35205366
35238777
35296442
35296888
35315788
35352059
35397714
35414840
35483122
35489124
35525274
35537038
35550340
35587635
35622489
35625868
35632543
35633533
35634770
35637348
35654814
35709138
35712511
35717217
35729193
35757762
35761933
35773552
35803966
35832196
35868288
35874638
35904763
35937946
35957989
35969794
35983861
36001690
36002443
36044973
36056393
36072013
36072300
36108046
36116942
36155061
36163623
36172730
36175503
36189620
36217584
36247602
36269172
36270768
36280583
36288643
36307181
36325149
36354207
36372105
36400381
36423220
36445120
36450448
36457029
36466930
36469763
36472793
36497357
36499472
36503931
36513638
36548952
36549755
36577751
36586069
36588134
36588673
36619267
36648513
36669491
36697935
36706535
36711754
36717229
36719241
36794046
36808265
36825622
36827630
36828923
36835555
36852890
36860494
36862359
36864485
36901686
36926694
36934880
36936981
36972769
36973541
36977982
37002708
37047451
37076288
37093656
37108784
37114476
37128612
37146968
37185743
37201069
37206458
37232746
37249057
37251554
37258580
37289229
37294924
37296650
37314122
37329532
37365220
37397536
37405864
37409196
37468468
37482523
37496519
37497271
37505844
37510409
37515076
37533857
37542411
37544358
37554185
37573356
37577746
37589277
37591105
37591698
37601671
37634652
37635245
37639056
37671945
37689217
37692066
37692478
37692945
37720215
37724146
37728253
37735619
37746658
37759479
37763069
37766594
37774018
37781410
37800450
37811860
37851312
37853284
37873730
37908496
37964063
37968472
37982490
37986787
38019243
38043837
38054823
38067236
38126938
38142452
38163577
38216082
38225947
38232475
38254755
38266098
38279026
38279052
38307244
38324534
38356597
38366256
38378921
38419284
38421454
38433256
38457340
38470482
38471664
38487006
38540330
38544818
38548799
38562145
38571839
38590663
38615670
38622115
38662251
38680662
38697781
38728213
38746299
38746675
38776225
38783346
38787064
38795461
38817552
38828145
38844135
38855353
38896061
38910749
38928449
38932933
38970018
38970662
39005361
39024113
39055928
39056778
39080228
39087500
39094042
39104424
39125288
39143240
39143722
39227904
39231204
39246263
39321737
39328595
39344024
39344786
39350061
39357517
39375704
39388064
39401078
39401430
39403687
39412391
39421525
39458239
39486663
39493133
39514935
39518157
39526304
39567505
39569232
39595615
39614058
39632802
39640087
39653551
39669365
39709523
39745440
39780213
39810508
39819437
39858034
39895631
39984510
39985003
40018075
40062631
40081338
40089476
