12015291
15199168
15816625
17034901
18482781
18823566
19052983
19073198
19242824
19800300
20218738
20540786
20852942
21198260
21420246
21919107
22493391
22652909
22942721
23065211
23408843
23863623
24619222
24884729
24893568
25156607
25292033
27010693
27248666
27835927
28090501
28464393
28882023
29111564
29720094
31024003
31218684
31341530
31375000
31402954
31454981
31704837
32167932
32234878
32461665
33502561
33675923
33804051
33875645
33946672
33990544
34118207
34289138
34529719
34810252
35311089
35368687
35491018
35754343
35780128
36205565
36684652
37266894
37283798
39027127
39067624
39389211
39446209
39536468
39594771
39604641
39739423
39778701
40022689
