18612189
20054350
20460642
21532585
21889209
22291082
22922568
22971728
23016962
23114164
23273568
23608171
23692655
23836053
23975371
24013273
24200646
24276541
24497567
24564228
24712521
25005032
25310577
25354457
25761407
25806972
25808444
27184773
27644650
28381164
28476190
28781666
28817678
29196500
29292192
29326336
29373897
30061358
30420689
30810385
31111395
31227872
31274788
31424309
31573954
31599655
31704777
31800538
31800539
31867206
32595701
33023658
33499894
33757861
33888010
34265779
34803080
35115057
35205374
35444070
35575404
35924577
35939970
36708585
36743919
36952466
37096502
37483604
37578068
37779495
37948999
38224186
38382358
38738968
38747454
