15382044
16230384
17492758
19486893
20826764
20942669
21412130
21590771
21614196
21647563
21889920
21892209
21900401
22009941
22037554
22101352
22120431
22157930
22193641
22249247
22274316
22301703
22408686
22653341
22808142
22915242
22976498
22977660
23030592
23080032
23097632
23129809
23202128
23208470
23232571
23318448
23349767
23416164
23427874
23521658
23524907
23575531
23650517
23702729
23887303
24036443
24076775
24167674
24185509
24293408
24336158
24382590
24430365
24435047
24459582
24557437
24559118
24562383
24566899
24618703
24767857
24788099
24793973
24833095
24899687
24925223
24979463
25083560
25168959
25175170
25195947
25311944
25400081
25557364
25561809
25623991
25625625
25628030
25653835
25686104
25717252
25744580
25757668
25776029
25912412
25913291
25963524
25975202
26067140
26069190
26125128
26279473
26334097
26378916
26384299
26400522
26468418
26484281
26569409
26572704
26589513
26614907
26637902
26680263
26770240
26786561
26826411
26832958
26904685
26953344
26960408
26962117
26980037
27030501
27044474
27137986
27160122
27172896
27280691
27308548
27334809
27354232
27364904
27387124
27433094
27486766
27499903
27510785
27528032
27562491
27572311
27582418
27654507
27681437
27699033
27873496
27906199
27941798
27958275
28031120
28105136
28123592
28253716
28297605
28401006
28440661
28466574
28469404
28483516
28543794
28716731
28737768
28751556
28752851
28860825
28937020
28942102
28942143
28967863
29073615
29093822
29113912
29131266
29135119
29136498
29136504
29170871
29177569
29178559
29316428
29317648
29392887
29451900
29486633
29500370
29540744
29547736
29581767
29590609
29604291
29659191
29660381
29662153
29689245
29730444
29736026
29740198
29760405
29767248
29890703
29949775
29980791
30014851
30025943
30097580
30126589
30138427
30221053
30228219
30297712
30301863
30315093
30358215
30381262
30467048
30520820
30525111
30584660
30635419
30664822
30686770
30747208
30753819
30787326
30849962
30851247
30858552
30879920
31028182
31043675
31072420
31131328
31196855
31210753
31213911
31217031
31237034
31241714
31259687
31263894
31271748
31277418
31309433
31311810
31365169
31386310
31391455
31392992
31424966
31492885
31494765
31604667
31655170
31660454
31665232
31695430
31704366
31731647
31761322
31764178
31796878
31831874
31847141
31891283
31906887
31911080
31912865
31913196
31913353
31914402
31932695
31940489
31949479
31953241
31959133
31982538
32005967
32015157
32027624
32111729
32272809
32282764
32334542
32387347
32391414
32483112
32486536
32506298
32554706
32572156
32639175
32646524
32670021
32738271
32747500
32789692
32791396
32823232
32832616
32858102
32868822
32878261
32888375
33000179
33008806
33016929
33080474
33084574
33158812
33176148
33185044
33196828
33222288
33276477
33290750
33292376
33294279
33303725
33342532
33344089
33414133
33451982
33541386
33558447
33608032
33639673
33658161
33668727
33675830
33706098
33748136
33766930
33769075
33785559
33822841
33826602
33826897
33860125
33882289
33917230
33983114
34011608
34042312
34044070
34063990
34070839
34078662
34083049
34085048
34109546
34109709
34249744
34255312
34257552
34272091
34282106
34289576
34290402
34315861
34386776
34414106
34414664
34424445
34429326
34447682
34469459
34488461
34493171
34512623
34518240
34548333
34562292
34586697
34619527
34671561
34689165
34715776
34731603
34753942
34782322
34804958
34843932
34873472
34897700
34921692
34924820
34941867
34942405
34987057
34994156
34997313
35028302
35038591
35069887
35070505
35117083
35117760
35117851
35125107
35131383
35151345
35167193
35198440
35236967
35283102
35294647
35320351
35328145
35346504
35353340
35390516
35401005
35415261
35421925
35461795
35483445
35523948
35565222
35611248
35647895
35661724
35669430
35682747
35715442
35750014
35852858
35854653
35858990
35867200
35964817
36044839
36049608
36077815
36082022
36117191
36123603
36153585
36199183
36229854
36247295
36249060
36252860
36323264
36329699
36344675
36348021
36369379
36385502
36420658
36435834
36452965
36592690
36654862
36758798
36789575
36811690
36843546
36853791
36869329
36876944
36882165
36890819
36910637
36916004
36916408
36918265
36950649
36958195
36963401
36980292
36982928
37013042
37028423
37083274
37137217
37139666
37142816
37173914
37179132
37195520
37205915
37221199
37221684
37238613
37292940
37305395
37306706
37357968
37366273
37434394
37543677
37543710
37553920
37556934
37627124
37797273
37800816
37837279
37841875
37906351
37939712
37981695
37986228
38001638
38008753
38017109
38017409
38029403
38033359
38051370
38071325
38100120
38130310
38148578
38166741
38229120
38275587
38294060
38313292
38324208
38324965
38327752
38358891
38358974
38369189
38458187
38477755
38489371
38508586
38555061
38555560
38587186
38593783
38600891
38725145
38740655
38752926
38754421
38761067
38811536
38833522
38835016
38847966
38858765
38873993
38893118
38893181
38906156
38944423
38966585
38989399
39003371
39013863
39034305
39060141
39068111
39095374
39123453
39143398
39179940
39226899
39228255
39236644
39272807
39281970
39301629
39344201
39344623
39350161
39355979
39402330
39418826
39472811
39475510
39476606
39490111
39549895
39589400
39652583
39701665
39706068
39711212
39754248
39764114
39773749
39779698
39796161
39843653
39856215
39885328
39892702
39908786
39920335
39932004
40074856
40082458
40087883
40101550
