21822264
22095441
22184115
23047306
24382590
25743111
26169693
26238514
26284269
26634163
26637902
27035278
27095763
27351279
27680605
28124119
28238438
28498550
28884947
28944851
29072391
29099495
29698805
30462533
30838730
31912402
31918270
32071245
32958952
32977645
33051312
33090288
33262464
33333124
33346030
33742126
33786634
33881803
34512623
34858604
35017665
35022500
35046897
35144623
35813374
35869277
36074605
36315994
36396719
36530029
36567903
36756859
37664441
38182156
38243407
38341515
38721575
39054516
39727945
39849959
39939217
40044822
