16412590
16606617
19388938
19609284
19865112
19880879
20182461
20334914
20408841
20410925
20428194
20596031
20678218
20693432
20880116
20955399
21346257
21455215
21576631
21637286
21706002
21712540
21904853
21923651
22031865
22058207
22271902
22419483
22436456
22489043
22535592
22897849
22905207
22929312
23009937
23018865
23099237
23294243
23365461
23531518
23628959
23692290
23704076
23850490
23952244
24011025
24077845
24115220
24137725
24212482
24216483
24218140
24255920
24321552
24442206
24465546
24496303
24497555
24695057
25000259
25005031
25130853
25306901
25308295
25412851
25527566
25543699
25592059
25596262
25596267
25750265
25835095
25836587
25850813
25856206
25860235
25860933
25921057
26001113
26019984
26082670
26095772
26234322
26286068
26364555
26385183
26464169
26470845
26508027
26623729
26628266
26700326
26714837
26716079
26739236
26768331
26771811
26883102
27043953
27077763
27237378
27352931
27416984
27616637
27640403
27736271
27736885
27777939
27984641
28027687
28097878
28116354
28218607
28229513
28487787
28522578
28667884
28697759
28701722
28754985
28860824
29034885
29089644
29101206
29113963
29146710
29171022
29176559
29242575
29262908
29284740
29296778
29330388
29348310
29358618
29411666
29423272
29434284
29456859
29532865
29556021
29643185
29681100
29725364
29743720
29761621
29805685
29899367
29907810
29959414
29967380
30013160
30015104
30027691
30147881
30222780
30226831
30266822
30277129
30301403
30367089
30389914
30443287
30454965
30459458
30515738
30545639
30627322
30651633
30868899
30927018
31006630
31064769
31076447
31104446
31281161
31312376
31372051
31640815
31742675
31819025
31942545
31945396
32034733
32052135
32066200
32216059
32236560
32286099
32290079
32317519
32378586
32381577
32399015
32492700
32518416
32522152
32683582
32695373
32747411
33046688
33250015
33346451
33386934
33483612
33491136
33502020
33529703
33666653
33707412
33731362
33758188
33764257
33822276
33840380
34140438
34186160
34267355
34296432
34433054
34487021
34527642
34529785
34536441
34536950
34548471
34627254
34699595
34818872
34893103
34967865
35020812
35119035
35122023
35125953
35133065
35301312
35306971
35345371
35419626
35429330
35435261
35586041
35652795
35692075
35785697
35793805
35821550
35831189
35847703
35902731
36005555
36005565
36044173
36068610
36129058
36183966
36307398
36471477
36526735
36709197
36775307
36819168
36865140
37053013
37062051
37080954
37103105
37132266
37288803
37354804
37365170
37383892
37556531
37673622
37689224
37746298
37906268
37916386
37917239
37919607
37921062
37990829
38017104
38027485
38050833
38102390
38146893
38190984
38193494
38340948
38359087
38598228
38729558
38807730
38884929
38899337
39141113
39292831
39423952
39614348
39653824
39663508
39715853
39752521
39777477
39803572
39819262
39905783
39967925
40047093
40111333
