8968741
9244431
9326931
9545503
10533076
10570185
10632111
10699177
10742099
11069290
11823444
12673795
12858175
12953102
14592816
15242786
15252119
15350606
15363844
15591283
15668733
15702418
15976132
16125058
16266892
16376512
16480427
16628246
16763962
16813605
16955409
17296936
17531976
17579672
17609377
17957225
18227278
18366812
18409179
18842153
18922870
19005673
19020049
19088125
19157545
19291773
19444003
19444090
19764021
19774083
19834512
19874722
20110566
20147399
20154359
20159591
20651253
20865721
20885787
21029854
21099363
21209221
21252315
21267006
21310198
21421568
21505078
21653732
21666677
21666679
21672208
21676266
21719641
21851155
22102817
22129561
22170462
22229159
22240898
22391447
22575867
22583365
22787211
22829774
22869205
22886134
22918800
22976303
23092150
23104868
23114596
23185534
23249563
23284920
23329831
23361940
23396441
23453691
23563309
23765250
23904111
23916100
24130152
24148618
24289169
24386478
24458433
24468746
24559763
24651726
24810474
24834375
24898829
24990380
25077701
25210493
25229770
25395668
25417162
25427834
25437195
25452430
25479829
25487495
25538301
25606380
25608029
25803170
25865896
25926359
25971279
25976463
26001292
26012739
26016385
26017030
26022452
26055325
26143912
26190196
26210286
26291601
26340527
26373274
26373281
26395639
26428317
26622943
26646632
26692951
26741321
26773061
26833422
26860117
26863318
26891131
26918938
26936505
26968173
26991472
26997013
27029610
27162024
27171262
27209355
27311324
27314101
27407094
27469217
27478330
27499896
27578458
27650176
27657132
27713914
27788029
27796734
27863708
28062559
28093507
28173139
28185325
28250240
28251430
28255664
28271343
28294389
28341773
28371197
28371217
28371511
28395727
28446958
28452859
28487353
28488024
28510731
28549927
28554548
28591701
28600056
28666128
28684426
28719461
28755029
28796347
28855512
28871469
28875283
28875424
28898627
28905256
29026176
29034211
29050070
29084956
29091765
29095838
29378238
29382748
29404388
29404769
29527387
29535300
29545335
29550762
29550880
29564591
29602769
29669917
29693772
29706636
29725455
29730439
29793052
29796169
29846902
29858379
29883366
29889582
29937341
29944970
30073524
30081149
30192422
30194745
30226859
30301828
30315258
30335163
30405805
30423196
30465651
30499772
30510993
30539789
30539794
30625996
30634744
30655743
30745338
30803555
30808951
30833786
30970016
30972500
31018710
31062529
31152217
31180492
31225581
31269211
31290759
31319423
31329278
31361513
31454099
31499081
31501157
31551363
31599805
31608750
31611308
31628488
31631027
31671722
31705439
31706351
31713968
31746429
31781420
31803910
31895940
31908895
32011516
32015155
32060267
32170402
32194873
32203094
32218364
32227259
32376827
32580781
32610139
32642724
32729303
32770176
32846370
32849845
32856116
33106857
33173999
33194637
33197500
33287933
33398522
33431668
33489866
33513905
33678158
33692341
33692348
33835015
33849943
33909709
33946962
33972520
33975869
34062956
34118569
34162889
34220718
34242965
34261040
34330696
34348791
34624827
34729095
34738503
34743173
34763709
34780483
34826036
34853665
34951647
34987156
35021084
35127601
35133485
35171439
35235678
35317025
35365243
35384159
35406561
35417255
35444965
35592768
35593993
35691289
35710802
35738587
35740680
35833621
35872157
35900487
35920001
35939517
35962714
35976056
35984514
35998910
36010860
36028493
36031702
36073547
36104326
36123880
36206476
36247274
36278851
36308711
36350851
36440760
36442427
36541551
36675163
36702689
36711727
36756391
36759506
36805596
36845293
36894374
36906375
36933012
37008737
37010579
37013192
37107548
37131619
37133522
37169669
37190157
37200088
37278280
37296979
37320994
37443610
37460674
37499040
37540673
37609273
37625115
37629169
37693131
37812190
37891325
37904029
37925436
37941518
37957569
37986934
37994132
38003676
38038252
38101998
38126976
38136279
38272925
38276254
38333682
38378963
38477352
38507506
38609433
38633919
38741704
38751398
38797245
38860964
38898533
38909708
38926805
39030998
39093924
39108605
39192927
39236084
39280333
39331358
39351526
39352684
39363269
39479502
39493492
39544481
39570009
39657822
39742798
39744954
39755758
39792760
39793153
39803578
39862081
39892705
39921567
39954168
39970292
