15860351
15880741
16049965
16411056
16532023
17113223
17120309
17627006
18006949
18802780
19001879
19197335
20303016
20464476
20486161
20585902
20732714
21050672
21441901
21479553
21508363
21598251
21761347
22207630
22621899
22864622
23060919
23092930
23204235
23317189
23333597
23358695
23499911
23520446
23634246
23761169
23787073
23925655
23934627
24032224
24104968
24240108
24374110
24574519
24729942
24756216
24876664
24953013
25061104
25074438
25128228
25169513
25253995
25328151
25395580
25463638
25512615
25547434
25632068
25634113
25646184
25697104
25830658
25900902
25996409
26036635
26290382
26423403
26432753
26481147
26497206
26569382
26616283
26779436
26782714
26962685
26998095
27121204
27250762
27270838
27329586
27339427
27341528
27366084
27373675
27857131
28101582
28114281
28152093
28155045
28188776
28242198
28269755
28322787
28393219
28442587
28572506
28588715
28592839
28595628
28625535
28647900
28843004
28869599
28875467
28898201
28903390
28906374
29202231
29269934
29333101
29396807
29433173
29477140
29512701
29675108
29678897
29760449
29942081
30013101
30097580
30104527
30153557
30174615
30200102
30288111
30342037
30454901
30498084
30518623
30536456
30547784
30588191
30713094
30734057
30755439
30811038
31031846
31173299
31174434
31269749
31485600
31570091
31583965
31636670
31740746
31832331
31837568
31871591
31885126
31895686
31920463
31949695
32004564
32032967
32033228
32190151
32200684
32224138
32246948
32287321
32349518
32371117
32393600
32469983
32540854
32572158
32705157
32733789
32733797
32757706
32849824
32851091
32859993
32950578
33117697
33158056
33165575
33167327
33238888
33451333
33545203
33613763
33629578
33754019
33766930
33824269
33848520
33867847
33976741
34002003
34018460
34031150
34050235
34148003
34176092
34311081
34332577
34337875
34462545
34463964
34518881
34565287
34597712
34625072
34632941
34700030
34702201
34710506
34880385
34902741
34951005
34992437
35014077
35039475
35041905
35149839
35201446
35280721
35378133
35574421
35576834
35637734
35652200
35771632
35870015
35875069
35887096
36064409
36071247
36072667
36093520
36162649
36180808
36377304
36450448
36549117
36587494
36601001
36685952
36694044
36717329
36750558
36778123
36797043
36919585
36937887
36973424
36977984
37003468
37005319
37083097
37083534
37101292
37153047
37199313
37217070
37313470
37385990
37386025
37436268
37565930
37737707
37773181
37781397
37790897
37965456
38023237
38027362
38064567
38147203
38287009
38340326
38368674
38447882
38467828
38521813
38571661
38575733
38592383
38612711
38639476
38642502
38655290
38673957
38729556
38738386
38764682
38781935
38783101
38810557
38873259
38912486
38961734
38988264
38994036
38995006
39015057
39022022
39078320
39112439
39177716
39195284
39198859
39219507
39220333
39300256
39402330
39491662
39536490
39585848
39598228
39609491
39610218
39614277
39639535
39673489
39706286
39734237
39754170
39789853
39915374
39928563
39950798
40098146
