16222316
19704020
19956271
20303016
20651058
20732714
21475871
22314491
23092930
23100464
23934627
24756216
25192874
25193464
26423403
26880562
27612557
27697110
28659416
28843004
29340707
29653228
30038716
30237418
30288111
30415701
30464206
30733284
30917319
31000705
31042486
31122179
31244554
31353228
31489573
31576249
31982864
32513897
32566583
32801915
32805281
32856506
32863956
33163283
33612479
34047289
34083040
34285555
34396896
34397793
34812139
34866894
34997902
35213076
35222021
35402818
35410638
35452176
35694956
36413818
36561847
36627281
37079315
37120975
37318676
37378549
37436268
37443114
37634474
37874265
38053816
38199330
38233848
38287178
38441546
38505869
38515112
38713155
38761704
38874176
38890303
38898693
38956367
39006183
39014265
39214909
39323324
39381423
39610218
39638069
39639535
39639599
39653227
39706286
39725619
39869264
39927464
39933527
40018943
