10049590
11017067
11474173
11752446
11809808
11809809
11940574
12101426
12711682
14633328
15042511
15538750
15572025
15611123
15766563
15790973
15841489
15885887
15899843
16247484
16432638
16820935
16918677
16941501
17013874
17072303
17113065
17373666
17927870
18083923
18372914
18563716
18683894
18755497
18790474
19623616
19653310
19737815
20300119
21069480
21294210
21416598
21472303
21475939
21530942
21555575
21626677
21706018
21733995
21858009
22322943
22370446
22745173
22887353
23300083
23393221
23589866
23624843
23838596
23936395
23996200
24222224
24299953
24581859
24596510
24667606
24743819
24964857
24973690
25013500
25091576
25104271
25236910
25335865
25380820
25504512
25866367
25974148
26025668
26161041
26191213
26245375
26251618
26252180
26406231
26505734
26514524
26572152
26617789
26771938
26903625
27090353
27144473
27168945
27197202
27228364
27555909
27578179
27680024
27701636
27853243
27871853
28043155
28069701
28107521
28368388
28378643
28520221
28596530
28694128
28759178
28783177
28875532
28886197
28939076
29211286
29307822
29534875
29725431
30043120
30070321
30088857
30279163
30346805
30471109
30631044
30671715
30760879
30825095
31038806
31063404
31080360
31209722
31273221
31454276
31534175
31536386
31632692
31650542
31781599
31814849
31866224
31883834
31957856
32064157
32194711
32391423
32575385
32643876
32754288
32807118
32871129
33046030
33096676
33239858
33465373
33574925
33794810
33811251
33824474
34072517
34093820
34134783
34281460
34309414
34401997
34452579
34463001
34572856
34633363
34637023
34706645
34817745
34858573
34884759
35001706
35115535
35180018
35197279
35216222
35489124
35550582
35634660
35647187
35707871
35780585
35876356
35996498
36078085
36155281
36331809
36502525
36520568
36551233
36561383
36691857
36702176
36860143
37054704
37078424
37169182
37189394
37191048
37216799
37429144
37461816
37488774
37626374
37762190
37829057
37837227
37926983
37944015
37957865
38035113
38106115
38158447
38449734
38656801
39022865
39183201
39286942
39314295
39413338
39413343
39420021
39587396
39677486
39912710
