10700176
10944858
11390362
11526492
11585731
12101426
12555076
12883680
14566817
14970870
15981102
16773576
16964294
17143481
17678853
18083923
18514388
18514389
19131971
19778269
20098615
20128690
20650886
20846493
21087614
21344612
21520248
21808024
21925151
22071115
22234612
22509369
22682247
22960659
23525311
23879168
23996749
25236910
25335865
25336178
25355064
25735981
25802106
25866367
26214021
26894286
26916619
27098453
27530555
27601169
27630299
28055379
28100566
28107521
28693262
28754688
28830684
29053018
29531269
29923028
29932918
30070692
30072583
30166345
30283086
30537735
30621017
30737831
30810360
30844369
30929455
31073336
31143301
31398705
31514071
31524541
31723073
31786079
31846370
31967859
32125723
32167488
32257184
32269738
32285989
32294900
32665357
32695658
32696754
32821442
32891348
32930707
33096676
33209423
33241432
33506901
33582657
33811251
33913171
33980824
34319618
34495485
34590211
34781631
34863211
34956880
35237324
35256667
35489084
35669430
35670901
35678873
35707358
35921500
36308071
36356835
36464067
36510340
36541713
36564008
36604170
37201672
37379772
37380960
37582359
37811065
37973999
38010886
38096938
38233113
38291457
38359148
38363556
38419282
38515941
38715121
38748384
38848383
38880668
38905707
38911180
38916542
38949237
38972426
39022865
39263074
39308524
39314295
39344774
39384753
39453546
39587396
39653061
39741188
39897920
