8533144
9062552
9528852
9797720
10546591
10667217
10825472
11168587
11544183
12037308
14500885
15019481
15543558
15607727
16341802
16529786
17018034
17592506
17631528
19197335
19485419
19815555
20674587
20805357
21051595
21098676
21484256
21642991
21874000
21874003
21941004
21956388
22321046
22367297
22374320
22385614
22545102
22645167
22683710
22825583
22863556
22878500
22889334
22935333
22958294
22997315
23026932
23032617
23147254
23171164
23277170
23333114
23341325
23495950
23550303
23552620
23585512
23620406
23644518
23684012
23709298
23726855
23833051
23849051
23850490
23867514
23915344
23963927
23977234
24018818
24076305
24098113
24128712
24137725
24166983
24185509
24187051
24211834
24243779
24247622
24347639
24382589
24423917
24633195
24697775
24703950
24748658
24855403
24887282
24894717
24928783
24970262
25058347
25080371
25087671
25147369
25222065
25225168
25228651
25231345
25283999
25342144
25359211
25380601
25451922
25465300
25479927
25488749
25521456
25582751
25634745
25652719
25658628
25687217
25787093
25796603
25830670
25871468
25889843
25900292
25902915
25938359
25952750
25953246
25970771
25972334
25974357
26022455
26081045
26095772
26096145
26118501
26119930
26140217
26154183
26166446
26191197
26226841
26246155
26300218
26300492
26364129
26376834
26409435
26416890
26419610
26437366
26448191
26452128
26458093
26493618
26517537
26517632
26559347
26559348
26645730
26680512
26683624
26701415
26719535
26739236
26748926
26765459
26774355
26834043
26854086
26876698
26885612
26896281
26900815
26982343
26995100
27015033
27067777
27085487
27114369
27116551
27121152
27181379
27187383
27223342
27235536
27239460
27270772
27270773
27373151
27422796
27447750
27614970
27718540
27748099
27751355
27771374
27813512
27859460
27864835
27984124
27990554
28034829
28038708
28062663
28098597
28122578
28170043
28212566
28213009
28275095
28284891
28327121
28327999
28339037
28342657
28347665
28362705
28404968
28409567
28444874
28473526
28482042
28488170
28551647
28560743
28561809
28572505
28597019
28614305
28618948
28654655
28661472
28665402
28693747
28705347
28713672
28746778
28765116
28781790
28793149
28802580
28889523
28900502
28935764
28977912
28994508
29053210
29061454
29069806
29076876
29085180
29088836
29113987
29159179
29166932
29187476
29206890
29266978
29284740
29298805
29345617
29413689
29416875
29426696
29467873
29530782
29554022
29623743
29678836
29686263
29689622
29743720
29753057
29754391
29761599
29763720
29778232
29787736
29802871
29853346
29891518
29974497
29981911
29988936
29994997
30001711
30013160
30059257
30060843
30076753
30145072
30156010
30202049
30244062
30269473
30301262
30305612
30320100
30321262
30338612
30349006
30376426
30395583
30400891
30405850
30416802
30429020
30446457
30455474
30463901
30475941
30477459
30517737
30519310
30553477
30578689
30640754
30642545
30660076
30664650
30669483
30672662
30686559
30716094
30759271
30777124
30788415
30801340
30802471
30883995
30885343
30906710
30907299
30911612
30914057
30992312
31000662
31058349
31058963
31130514
31151962
31159579
31206729
31233225
31285370
31314123
31323388
31382450
31382694
31406977
31409087
31439670
31555735
31570769
31580004
31580399
31623293
31635116
31635476
31657441
31699823
31706282
31734934
31735283
31741854
31780633
31862487
31864162
31891422
31895426
31895725
31897219
31903168
31957195
31960425
31988076
32002398
32004714
32028647
32096236
32185138
32206571
32218990
32258021
32271879
32295782
32310862
32325837
32360197
32371459
32378586
32422649
32441895
32471567
32509391
32509949
32541668
32583627
32649346
32669118
32678499
32683582
32690542
32769548
32808708
32819560
32877777
32881031
32932212
32944533
32944962
32945606
32953248
33077485
33093002
33094849
33107024
33112113
33153245
33155366
33176261
33208912
33209689
33210135
33240524
33316260
33330039
33347048
33446574
33462414
33483476
33510355
33513031
33515503
33516665
33529461
33547197
33600035
33658435
33681728
33731362
33764257
33777745
33866194
33888563
33903674
33912157
34008015
34014579
34019633
34033161
34050543
34052706
34085298
34106034
34170818
34186021
34186160
34227091
34257556
34307337
34347929
34353217
34398452
34404859
34504799
34591877
34593944
34597666
34628055
34646590
34661178
34694753
34706158
34722490
34723845
34725624
34737422
34771510
34795923
34815344
34830866
34857909
34907091
34970936
34976173
35046531
35051358
35052618
35114507
35117145
35122023
35143119
35176625
35194152
35212356
35261270
35266886
35317997
35341390
35348477
35356602
35381901
35425712
35426938
35446349
35459788
35462085
35473985
35483881
35489694
35512220
35565429
35575935
35576287
35580369
35584569
35588752
35603786
35637285
35750452
35811174
35814862
35815188
35833822
35862127
35875073
35885614
35905855
35920959
35932824
35945149
35950141
35954340
35992853
35995140
36003792
36013199
36039769
36077643
36138078
36148247
36180891
36216154
36253570
36292588
36300836
36318367
36369599
36426057
36428720
36513904
36550359
36562826
36656861
36657447
36669076
36669126
36673059
36735464
36754982
36788079
36790040
36803128
36865140
36867467
36889303
36911986
36980270
37009801
37046008
37088284
37137901
37193315
37230638
37246324
37265265
37272766
37313811
37414201
37428268
37445575
37479714
37543638
37556531
37557150
37569676
37594632
37605502
37607989
37655321
37710185
37715956
37734766
37740028
37845062
37880686
37909022
37916370
37941648
37956408
37964637
37976977
38045292
38054839
38088808
38142057
38150154
38175637
38187129
38238977
38243885
38280040
38324631
38326181
38383726
38456787
38519707
38529289
38592450
38642144
38673021
38690732
38708315
38715965
38759225
38785832
38789301
38816686
38824259
38849395
38861613
38903495
38906226
38965653
38968316
38969833
38976206
38999524
39042403
39074391
39076037
39079172
39103260
39120972
39122510
39141316
39151323
39189628
39191942
39245739
39266549
39326690
39344744
39350280
39378214
39379684
39455033
39527726
39528875
39554490
39587076
39604235
39605676
39626160
39669009
39705313
39747518
39752521
39816499
39842618
39846440
39862231
39937911
39976080
40014251
40080966
40083694
40084617
