1293780
1312610
1339299
1342952
1342969
1387833
1502141
1567677
1588282
1692620
1742726
1747446
1797086
1868035
1871110
1906343
1924327
2004771
2030986
2070813
2072740
2196451
2208117
2263642
2543982
2642578
2789359
3186743
7479741
7632955
7682708
7734714
7757977
7777499
7809085
7847793
7892160
7929424
7949096
8019967
8033089
8090743
8161792
8204892
8355694
8374905
8383256
8414508
8541563
8543402
8577388
8599976
8611183
8622689
8633001
8633098
8633834
8667654
8683246
8684002
8693593
8695785
8702992
8703825
8713288
8798527
8852440
8893813
8952529
8995081
9000560
9020305
9029764
9070651
9096119
9135001
9142988
9169090
9242549
9264039
9276187
9308245
9443038
9563469
9584191
9615783
9651943
9673391
9674703
9676834
9677443
9682022
9713280
9727491
9735392
9738012
9747876
9752277
9770595
9778052
9787151
9852076
9858879
9880563
9885983
9949178
10065737
10075695
10217402
10224284
10319729
10328866
10341985
10350331
10352674
10353001
10354605
10365680
10400650
10412270
10430080
10493941
10547598
10564590
10568820
10629043
10634217
10650810
10675481
10677502
10690601
10778970
10784396
10859259
10865973
10865974
10961899
10975396
10995001
11019838
11023606
11095261
11120335
11149753
11158204
11158311
11162590
11171373
11194193
11279799
11298546
11306741
11313197
11318606
11323415
11368354
11401436
11571724
11572760
11642719
11689480
11697626
11704806
11712682
11746727
11774219
11776759
11820596
11891173
11929874
11960321
11985351
11988841
11994759
12038514
12052897
12081782
12086670
12088100
12168105
12169675
12172977
12200703
12209154
12383213
12391455
12420213
12421819
12537668
12552588
12559611
12591950
12657131
12684626
12732662
12769779
12855558
12928432
12953811
14508797
14510186
14511363
14519116
14559896
14565826
14630790
14634619
14660795
14668207
14695177
14712090
14717779
14734221
14737078
14748742
14977482
14979479
15023794
15026372
15033711
15033823
15033827
15061204
15166666
15173860
15210690
15215171
15226449
15237588
15239399
15242877
15271996
15278764
15300917
15377339
15448811
15469889
15469999
15517919
15520176
15560086
15576332
15623489
15637137
15645425
15682435
15714059
15716988
15757977
15799693
15815725
15846027
15852472
15856947
15858021
15880597
15905648
15955869
16005992
16006795
16006797
16059649
16080576
16121028
16166262
16186627
16193090
16194898
16221993
16251501
16276654
16291730
16293130
16302195
16368533
16418494
16427619
16443602
16469847
16484795
16531274
16554306
16625101
16630579
16634840
16642043
16647810
16738310
16761743
16763616
16785131
16861987
16880685
16895478
16918969
16941650
16949642
16960146
16998187
17057736
17064661
17074584
17077270
17082179
17132110
17134735
17138820
17149654
17158886
17169812
17179226
17182178
17200714
17224645
17236787
17259174
17295647
17360363
17368758
17369819
17372162
17378523
17384250
17412810
17474247
17487067
17519619
17554384
17561354
17616686
17644907
17652637
17693608
17693666
17879164
17906071
17908970
17912028
17959858
17964648
17981218
17989359
18003625
18023519
18046449
18055344
18079751
18082418
18086008
18156504
18199533
18203018
18222916
18263880
18313386
18346784
18367485
18426731
18437159
18449891
18465329
18470731
18498876
18500267
18510726
18604712
18622426
18628087
18661356
18684042
18717876
18751404
18818203
18838868
18845789
18928586
18929125
18929412
18940474
18957415
19120369
19127412
19144384
19156528
19196738
19228691
19237173
19255499
19258038
19271688
19272801
19276283
19390557
19416236
19417623
19439730
19475409
19495739
19508293
19509269
19520430
19535347
19539330
19541585
19543976
19549844
19556859
19597184
19602458
19632297
19667332
19669206
19672954
19676053
19683563
19737931
19774677
19780757
19783718
19820116
19841067
19855391
19883311
19943111
19968497
20032416
20034411
20045935
20062536
20069653
20082279
20082858
20118770
20142842
20154269
20161703
20161870
20162574
20192119
20230818
20233885
20299524
20350212
20352431
20399529
20423464
20457620
20495005
20504155
20514538
20530713
20552129
20564216
20571232
20605638
20610805
20621101
20647330
20648653
20660332
20664598
20698113
20699221
20700417
20704564
20716950
20729050
20736747
20800695
20829195
20880994
20922713
20951945
20952062
20966084
20979437
21112928
21118128
21143953
21199860
21207420
21250804
21258880
21300885
21310710
21316839
21327582
21339285
21390214
21394100
21491965
21497287
21514278
21560251
21562047
21573386
21593130
21606168
21606958
21623076
21624464
21628855
21628859
21704150
21711117
21716958
21737576
21778297
21793937
21819468
21819979
21841772
21878650
21886181
21898539
21933893
21941553
21949250
21949582
21953021
21993663
22002575
22014978
22032837
22069448
22075983
22114675
22123611
22139839
22171982
22172950
22177381
22178609
22184285
22184378
22187149
22189900
22194861
22197342
22213394
22233804
22238053
22257663
22258505
22275374
22288719
22319782
22320961
22322190
22328513
22355465
22366560
22367371
22374434
22381682
22406486
22418857
22431925
22433870
22484426
22510149
22510878
22617439
22617452
22619347
22658849
22664385
22684875
22686190
22689920
22710204
22728012
22739412
22750732
22797576
22804688
22825469
22848417
22851565
22854437
22855608
22855610
22874999
22929978
22929980
22940617
22949148
22964015
22967286
22968395
22978789
23000595
23023732
23060542
23083854
23119114
23141940
23171647
23193206
23202780
23228131
23257435
23258611
23259782
23269665
23289213
23304209
23315064
23317270
23322663
23329644
23333150
23335369
23342165
23348205
23355742
23359021
23364242
23370596
23432949
23441611
23449635
23463292
23471820
23480852
23493285
23514933
23520325
23523055
23553948
23554662
23573235
23593287
23605050
23612742
23613775
23640104
23642737
23643710
23671559
23673539
23702649
23737847
23741243
23762095
23777485
23802633
23821348
23824909
23825125
23826785
23841030
23848200
23848203
23874642
23900225
23906301
23908177
23932423
23936432
23939148
23953419
23961365
23977251
23977450
23994239
24009722
24023670
24033111
24036132
24041377
24048795
24061549
24069951
24082458
24088574
24095849
24118498
24133212
24157866
24190693
24197132
24232867
24232982
24236538
24239278
24248414
24280866
24287948
24293274
24297683
24306958
24321200
24342948
24363325
24394664
24403473
24418124
24463470
24466179
24469320
24496723
24506200
24511002
24549219
24559410
24559432
24577512
24608034
24637189
24637330
24648943
24665447
24669865
24674866
24679006
24718050
24723333
24735445
24746206
24752899
24768477
24768735
24786774
24875127
24893165
24931256
24966485
24967145
24991825
24997994
25007950
25014217
25016979
25031780
25040181
25048785
25090026
25090918
25103070
25110065
25128927
25149548
25168538
25181458
25181591
25189901
25216797
25225463
25230790
25284491
25284608
25301240
25303368
25333252
25336632
25342468
25350317
25355877
25374001
25381133
25382610
25384217
25388617
25403402
25407655
25452615
25480575
25492481
25492486
25549806
25559680
25563364
25567982
25582069
25611382
25616695
25618543
25648135
25656914
25680182
25681273
25684043
25696794
25704029
25707315
25715028
25722793
25744050
25766318
25767602
25772147
25776476
25792827
25797560
25803782
25807917
25828389
25828391
25833690
25855960
25882699
25895919
25905633
25915842
25916698
25942994
25950488
25957891
25960653
25982455
25986829
26000071
26002578
26004684
26016222
26041838
26045015
26074734
26081683
26099171
26108665
26109525
26111978
26115875
26158410
26163602
26172269
26179084
26181206
26182827
26204652
26214636
26218299
26224092
26251029
26256929
26260042
26268226
26271547
26272263
26297542
26320497
26323996
26325180
26335622
26344465
26390147
26400280
26421520
26422397
26437080
26448193
26464626
26467384
26474308
26505349
26515759
26517296
26517511
26546525
26550222
26554163
26556430
26556865
26558423
26563651
26573127
26612738
26612919
26621338
26639348
26656462
26657198
26657288
26658664
26662799
26682258
26687593
26693593
26717387
26719766
26722046
26725534
26728277
26732379
26743236
26763367
26824017
26834242
26838806
26841249
26861461
26881923
26893680
26898562
26905515
26917450
26919255
26949422
26960633
26963620
26966728
26991267
27008505
27040706
27049723
27064025
27069256
27071312
27095936
27098707
27105491
27129795
27134111
27157620
27203548
27222586
27241100
27244080
27262527
27286976
27314518
27321750
27351033
27351886
27391453
27416945
27444341
27447126
27458112
27465916
27467668
27474739
27480872
27483029
27514648
27519795
27523007
27523575
27535975
27543313
27544800
27546370
27555755
27571358
27573302
27590081
27628560
27633052
27657475
27668844
27669008
27689743
27693384
27698099
27717585
27721874
27739436
27748813
27762064
27765352
27805565
27806433
27807049
27813532
27821509
27822420
27834342
27986708
27995898
28004108
28035139
28040547
28057804
28063405
28064040
28102286
28120341
28134252
28154089
28211974
28212447
28215535
28218232
28223017
28242622
28247997
28256505
28258011
28259902
28270083
28270177
28273657
28278726
28280903
28288979
28304403
28321348
28327893
28331083
28338657
28340489
28351934
28356875
28362701
28382095
28382141
28396899
28417194
28419517
28429233
28449207
28468776
28473407
28514780
28521466
28522442
28525305
28579851
28580305
28605593
28606806
28619982
28647470
28701032
28710745
28716711
28765546
28771060
28805284
28824170
28831692
28842171
28849107
28851813
28852199
28864113
28877516
28910164
28915653
28918507
28927145
28949959
28972015
28973148
28975995
28984304
28984869
28985492
28988613
28992336
29043595
29044419
29062236
29066822
29068538
29088292
29088805
29097500
29099481
29115552
29125600
29135311
29136958
29146057
29146569
29151814
29177249
29189488
29202620
29218851
29222016
29233926
29246583
29259008
29269870
29271539
29281558
29297235
29310838
29323723
29336659
29345419
29348885
29353886
29361709
29386360
29416349
29416778
29419530
29422965
29423411
29433359
29435079
29472118
29475959
29499219
29501391
29523881
29526801
29561706
29581544
29599919
29623179
29628632
29643240
29653556
29662863
29666005
29666157
29674626
29686228
29690750
29697268
29760419
29785017
29787950
29793519
29796658
29801406
29843746
29844823
29849149
29854869
29858490
29897892
29899841
29902576
29903764
29912596
29921925
29931583
29948851
29958837
29958992
29968039
29982263
29992111
30018745
30021909
30055346
30069445
30069633
30073206
30081744
30082821
30132966
30191661
30210134
30213285
30213603
30219819
30220882
30227178
30232463
30246261
30264333
30268882
30276139
30277098
30280050
30283401
30301500
30306208
30309852
30309889
30355909
30360879
30396091
30404918
30417787
30420758
30429160
30429882
30442352
30455877
30460680
30468468
30479840
30511443
30514704
30518523
30521861
30523053
30523718
30537994
30542505
30546041
30571346
30579601
30583683
30586419
30592293
30607541
30608910
30625316
30626284
30635584
30643390
30647052
30647404
30666297
30679328
30687320
30701356
30707764
30731458
30809101
30816329
30824485
30842155
30868965
30886319
30931307
30931701
30941978
30949409
30968846
30998188
31004002
31004028
31013740
31016032
31020662
31021056
31040360
31044156
31045473
31048320
31055249
31059100
31085176
31114002
31115481
31117840
31123034
31127909
31158261
31160360
31171907
31173223
31205469
31213844
31217754
31217874
31228231
31229156
31234236
31247931
31253168
31262744
31280208
31281146
31285189
31288832
31313099
31315646
31337422
31343125
31353965
31364281
31371451
31376811
31399555
31419226
31430423
31430575
31451552
31465739
31467227
31468517
31515455
31534865
31549850
31558562
31563901
31569576
31572459
31621996
31629930
31642881
31644584
31665034
31666345
31683218
31695002
31727766
31743516
31752970
31835085
31842912
31844144
31866271
31868268
31878995
31889909
31892985
31908478
31908533
31916399
31924214
31933818
31938114
31942813
31944390
31945545
31951646
31966752
31986422
32005716
32008743
32017818
32025812
32030805
32040552
32060230
32080901
32081695
32083169
32090391
32094466
32096428
32097085
32122873
32157295
32158203
32183313
32184643
32190086
32220063
32224211
32232486
32235588
32245900
32247860
32253030
32272979
32308939
32324265
32364682
32366289
32371863
32397023
32401605
32426838
32437546
32445645
32451663
32463592
32470451
32489567
32499869
32500147
32513155
32540359
32544920
32547017
32556131
32566654
32574605
32580584
32582989
32598736
32606309
32613279
32616621
32619164
32632899
32651543
32664769
32695674
32699135
32712400
32722781
32739887
32752091
32764384
32785215
32790210
32802291
32892714
32895753
32909851
32912960
32921221
32927276
32928514
32932757
32938542
32938954
32955382
32973404
32991338
33014368
33029204
33039369
33051338
33060050
33067607
33075109
33076970
33081559
33107129
33120427
33128129
33132183
33149126
33151448
33155658
33168821
33179093
33182440
33186708
33209193
33229317
33239070
33247105
33276071
33291851
33292251
33300478
33303421
33327833
33328572
33342809
33346118
33353252
33356554
33357134
33380460
33382193
33387682
33402171
33423045
33430952
33447829
33448716
33461333
33469000
33477155
33480087
33505958
33514658
33516930
33551436
33589622
33596632
33618247
33621155
33630713
33638996
33672644
33689920
33707419
33716207
33737856
33757145
33763698
33768318
33777762
33784770
33807449
33817252
33829512
33833241
33837063
33838016
33843403
33858042
33867704
33878879
33902540
33906310
33914737
33933163
33953572
33953846
33962620
33976278
33988072
34023714
34025682
34035043
34044633
34063233
34075698
34078654
34086253
34087289
34088900
34099764
34110565
34111022
34128765
34137851
34151288
34174983
34189969
34202143
34214511
34243113
34259934
34261054
34282799
34284777
34288263
34289309
34293698
34304400
34311171
34320168
34323626
34331013
34339901
34353221
34419501
34478505
34502088
34510996
34528238
34530171
34532813
34553034
34568060
34601571
34602815
34624089
34632715
34636440
34637146
34649205
34675194
34716503
34718248
34727403
34728569
34730245
34739417
34758330
34764434
34783293
34784951
34788985
34790046
34791478
34794098
34806851
34808021
34861696
34872752
34884309
34909882
34938664
34942200
34947956
34962105
34967008
34970530
34980181
34980601
34994825
35003920
35013138
35024189
35037194
35045798
35076333
35076828
35093886
35116264
35116484
35121960
35123814
35182904
35183115
35187951
35220171
35220546
35233509
35235952
35237421
35237907
35256597
35259676
35260073
35263537
35277463
35286779
35288574
35297566
35314532
35318303
35353612
35379357
35388548
35405327
35410319
35431545
35444774
35482553
35500510
35513284
35516319
35532376
35551953
35561756
35563442
35577568
35577753
35597548
35611688
35652622
35661922
35680461
35688694
35704690
35705274
35709931
35730492
35734930
35786413
35798560
35814404
35834635
35834733
35846080
35846201
35846216
35851773
35853302
35869021
35876934
35885991
35900563
35936524
35953631
35953760
35970393
35970756
35983732
35984538
35997095
36029508
36035812
36051027
36051039
36057755
36098711
36100115
36101996
36102633
36110839
36121248
36146908
36147098
36167334
36171613
36197420
36225194
36229595
36258667
36276140
36293442
36299777
36312606
36313587
36335022
36346827
36358756
36364387
36368276
36374307
36376700
36416587
36455198
36476488
36485125
36497332
36555290
36563682
36573458
36575003
36585521
36591848
36593968
36606244
36607233
36615305
36627096
36627670
36642055
36642402
36652560
36683178
36694297
36696540
36702355
36702435
36704835
36705792
36709172
36720973
36775306
36781607
36794726
36813001
36847889
36853790
36854569
36879307
36881639
36892565
36906981
36909376
36917896
36933996
36945194
36982875
36983059
36987619
36987650
36989890
37002492
37042256
37078361
37078709
37089159
37131902
37144356
37151875
37155079
37179010
37193683
37195553
37198234
37206289
37224205
37256377
37258463
37289191
37294601
37304286
37304937
37313935
37334691
37348414
37350332
37356134
37356143
37381058
37439326
37462140
37485649
37488307
37508369
37516620
37546419
37566004
37573163
37588209
37592709
37621844
37623817
37625565
37634651
37641492
37658102
37676279
37679323
37696244
37729611
37738038
37752374
37776275
37783616
37813166
37845384
37886005
37887047
37897298
37929147
37932478
37940480
37944639
37951372
37955424
37956312
37989284
37992684
38003498
38020289
38030872
38038011
38039509
38058829
38085150
38087753
38101156
38157479
38172496
38175445
38176316
38186347
38188010
38191686
38203479
38211332
38223131
38224665
38241555
38243330
38254878
38263980
38264792
38267541
38296629
38299313
38348713
38358296
38385294
38396011
38435422
38468555
38471603
38479005
38485822
38492495
38505911
38507740
38520765
38522075
38524161
38528594
38528641
38549077
38608254
38624056
38626918
38629506
38662249
38668712
38670940
38677726
38692379
38696193
38701426
38713893
38770183
38776675
38785951
38799643
38804899
38807670
38812093
38813486
38829886
38861925
38868811
38878462
38880368
38892434
38903717
38914869
38918775
38928195
38934722
38937822
38945456
38964118
38976307
39015647
39020041
39036870
39038016
39048516
39086589
39113892
39115553
39118920
39133931
39137400
39151736
39158166
39195663
39210737
39235528
39236842
39257141
39271041
39285666
39286979
39293078
39293373
39295433
39295929
39332782
39342687
39344395
39374584
39402034
39410890
39421851
39422775
39441916
39449743
39452684
39455656
39469181
39474976
39478582
39481708
39492801
39516372
39518954
39519400
39532268
39553747
39556426
39558954
39561378
39565012
39580803
39602254
39617401
39664277
39664587
39677808
39691246
39691256
39707021
39726048
39729576
39790106
39794890
39796286
39802605
39806957
39810058
39817191
39836700
39847381
39884610
39889336
39890967
39897141
39905592
39905677
39910038
39910111
39929806
39931956
39945010
39947740
39970625
39984631
40002895
40005355
40007456
40040616
40054686
40090369
40097530
40097775
40106061
