7478591
7577614
7669744
7669745
7902168
7945383
7961119
8057668
8142643
8527378
8545127
8557040
8574789
8607866
8618432
8618933
8678989
8703825
8750627
8780747
8912662
8923787
8988030
9019154
9047392
9096701
9135990
9200999
9209377
9236196
9332330
9369442
9373196
9380707
9398863
9402330
9427715
9504630
9632807
9642131
9665205
9747876
9787151
9796700
9824205
9824206
9831352
9892104
9921651
10233393
10347555
10469447
10490843
10533607
10564588
10624132
10637510
10698307
10753856
10757802
10811103
10882420
10936424
10953971
11023530
11039912
11046151
11092811
11120333
11175338
11380473
11516111
11579468
11583814
11585778
11743658
11821949
11854457
11855826
11914273
11920179
11926184
11929873
11972514
12097386
12191569
12354385
12389616
12393409
12402037
12414651
12504096
12515714
12518453
12555064
12659862
12738680
12748254
12811744
12817026
12835729
12860928
12881702
12930733
14655758
14690607
14979479
15024721
15098010
15191563
15239399
15240675
15252312
15277222
15339680
15375218
15377470
15509806
15531890
15567177
15577913
15694375
15815725
15860730
15894265
15899396
15950739
16019457
16049307
16075463
16084948
16094416
16125304
16142238
16147992
16177801
16188230
16194898
16249378
16264183
16455075
16702165
16704730
16728698
16733207
16766263
16772123
16772602
16773719
16815642
16819511
16867873
16896311
16943429
17088997
17116487
17125145
17142954
17151114
17169813
17175379
17254814
17295647
17296600
17307796
17360630
17392284
17468402
17478416
17532053
17542409
17545502
17573669
17625604
17635238
17653714
17785200
17785208
17828269
17875538
17889713
17950876
17981218
17989715
18166773
18166802
18189332
18203018
18212045
18245479
18256039
18280243
18346918
18354204
18406879
18452090
18487509
18500267
18524763
18628087
18645192
18675787
18684923
18776761
18927431
19052359
19144384
19307668
19337254
19367498
19405121
19465899
19524106
19525926
19549844
19564417
19608860
19628815
19701248
19701497
19797315
19797429
19797725
19826251
19855081
19965633
20032416
20069653
20124477
20151461
20175752
20212093
20228272
20230742
20230751
20368579
20385356
20385364
20498019
20510734
20519643
20547840
20605493
20630860
20660332
20733034
20830719
20935202
21041953
21083459
21083654
21131418
21216477
21277811
21593872
21617359
21636294
21636296
21674482
21741592
21788950
21792874
21801248
21804014
21808017
21856866
21911423
21988858
22018272
22018468
22025499
22113614
22158971
22213394
22327073
22422878
22427637
22451912
22465074
22493480
22500836
22500840
22530049
22580161
22867898
22968395
22987803
23041630
23049957
23053511
23074094
23160044
23166356
23169640
23209284
23257435
23269799
23282478
23335369
23348205
23416424
23447690
23476051
23487426
23515950
23520325
23527264
23589612
23688737
23688983
23708665
23716595
23725655
23795761
23852366
23910958
23911289
23954399
23974956
23980208
23991920
24061549
24114011
24220798
24269670
24277074
24282530
24325634
24332591
24362533
24489092
24550509
24571259
24595451
24662818
24674866
24678684
24679006
24698494
24793055
24863065
24867153
24879792
24887457
24892698
24979752
25071203
25088465
25090026
25125624
25176650
25262912
25263533
25295537
25297597
25331958
25349747
25482012
25484205
25490446
25557390
25585900
25594020
25596256
25597995
25628935
25640395
25759025
25769544
25780007
25810298
25824819
25826411
25828391
25918344
25921526
25957170
25964495
25979336
26049022
26096934
26108407
26179907
26188063
26214636
26214741
26224092
26256929
26276666
26319027
26385350
26414904
26426741
26448193
26460037
26553360
26566802
26573234
26631626
26646149
26648304
26657198
26657288
26682243
26697522
26710884
26728228
26763361
26763367
26845350
26857366
26862951
26876184
26900682
26945968
26957522
26986233
27015556
27066093
27066592
27073562
27124935
27186677
27222232
27251748
27268052
27301994
27469333
27482887
27494852
27505670
27548065
27560392
27653595
27717585
27764808
27806296
27815824
27821509
27856253
27881582
27898346
27921272
28018990
28024482
28030830
28096407
28208987
28232365
28256570
28278726
28282448
28315684
28356518
28363935
28368400
28377453
28440396
28484026
28485934
28550121
28586108
28589317
28628241
28665415
28671040
28699695
28714680
28738086
28754906
28760529
28765546
28766546
28811467
28875978
28928451
28929458
28930682
28984304
29056123
29072703
29088292
29104620
29126613
29133396
29151814
29262721
29293322
29319368
29397940
29399573
29408281
29419530
29430000
29434588
29471534
29475959
29510136
29555420
29662870
29666005
29679906
29785017
29848367
29854311
29902576
29902581
29903764
29972264
30027711
30082494
30140283
30143009
30158513
30178847
30191661
30210134
30279226
30279867
30306208
30309852
30318011
30323893
30333862
30335946
30355686
30409904
30418981
30420967
30446717
30460680
30538335
30564339
30566857
30567732
30575739
30586419
30606808
30608910
30610661
30687256
30719149
30777872
30805081
30809101
30832685
30850088
30918199
30949014
30983568
30998141
31000603
31007628
31042473
31053612
31063496
31138703
31171907
31175159
31229156
31276232
31281146
31288832
31315646
31346987
31353074
31375635
31395741
31401377
31419226
31422869
31440479
31571234
31712669
31743519
31748270
31754389
31788471
31892985
31903146
31912593
31954378
31980486
32002306
32023467
32025812
32033748
32062068
32131762
32179158
32180900
32206063
32210715
32234966
32275432
32320427
32363958
32364682
32412910
32468318
32477338
32517789
32551010
32598736
32613279
32634740
32675470
32722781
32780869
32843454
32845913
32851455
32889391
32907850
32911532
32912960
32921221
32938542
32991338
33027650
33147467
33168821
33189730
33199235
33208943
33272692
33282727
33393503
33541426
33551436
33562631
33568199
33629212
33663954
33672644
33708392
33713516
33768318
33795634
33807449
33858042
33879579
33932086
33991335
34049715
34078654
34135058
34215813
34274316
34287839
34339901
34381423
34464595
34479995
34504602
34528238
34559466
34580446
34614509
34625792
34637146
34654055
34698105
34698964
34727403
34774129
34788985
34792530
34811454
34846884
34990752
35004320
35007926
35039330
35045798
35091793
35100079
35112355
35125178
35220171
35277463
35297566
35357654
35358978
35444774
35451420
35484551
35497498
35503721
35586895
35600178
35637103
35637283
35640966
35652622
35653645
35657291
35696785
35697533
35717285
35766181
35846201
35846216
35869021
35883106
35887169
35900784
35916066
35948398
35982974
35997114
36005560
36076940
36166198
36177669
36294483
36312606
36329085
36368276
36377663
36389679
36412101
36473934
36497332
36542153
36575003
36575004
36606244
36651876
36747852
36781858
36786995
36793435
36853790
36862431
36881639
36890662
36945194
36993833
37007047
37026591
37060074
37074193
37121830
37168512
37227491
37279329
37314948
37373354
37377713
37459463
37488307
37546419
37556508
37607223
37634473
37849385
37862430
37862431
37884171
37897298
37950867
37967194
38023351
38164749
38169532
38175404
38178593
38196006
38289985
38335269
38337096
38419581
38452514
38462571
38481058
38513666
38522075
38648564
38688934
38734343
38736408
38746879
38761804
38864622
38872345
38903717
38914869
38937822
38941927
38986820
39017840
39102989
39175012
39208743
39258188
39387112
39402034
39419175
39456751
39500731
39556426
39556799
39615185
39716366
39726003
39757449
39800885
39805522
39815148
39841144
39847381
39885128
39897141
39903727
39903994
39913335
39951546
40112117
