9490669
11955446
12047235
15371335
15574752
17020613
17052462
17113272
17129358
18347063
18498752
18627596
19699733
19715304
19738061
20637214
20682801
21383261
21703997
22024689
22196480
22353711
22914623
23382809
23667372
24360964
24599134
25149534
25184676
25678599
26494551
26711608
26844253
26844272
26998113
27314976
27507882
28074862
28103279
28174279
28296634
28358670
28769030
28817119
29271667
29428231
30009824
30172867
30217955
30366904
30760710
30760720
30909141
30914643
30923411
31081087
31086813
31440992
31561723
31616187
31751960
31827404
31911584
32352029
32488834
32553156
33235148
33552975
33767438
33821684
33838016
33849283
33862557
33974352
34026600
34396632
34417435
34545187
34566638
34660593
34978646
35023882
35027586
35229987
35368023
35486727
35586435
35745877
36803362
36991005
37051743
37349336
37692512
37881428
38253341
38335808
38645401
38811552
38912577
39291848
39509118
