1288300
1312670
1331046
1371078
1375394
1377943
1391949
1434743
1434792
1451113
1467514
1482657
1536951
1571566
1593911
1673492
1675396
1691092
1712671
1726940
1742479
1794439
1824268
1847983
1857987
1862078
1878699
1890738
1932752
1958592
1961034
2011934
2032243
2056770
2065312
2070081
2087668
2094324
2140598
2193202
2194587
2201832
2204477
2232885
2237408
2255098
2407300
2408149
2462613
2487158
2496773
2498881
2499863
2687768
2725497
2747638
2790750
2835901
2848601
2874284
2915904
3021337
3101769
3121521
3147434
3172839
3179449
3312834
3422516
3479248
3670297
7479904
7511936
7514245
7520100
7520786
7534004
7536864
7542905
7543419
7544525
7553858
7556524
7564511
7565705
7572810
7577619
7579358
7579406
7580915
7587117
7601569
7602207
7606003
7620167
7658134
7658719
7662984
7666834
7691239
7694218
7701913
7701917
7718886
7718887
7723412
7727789
7729047
7734383
7770722
7772540
7777499
7786776
7786793
7803292
7807010
7808004
7812014
7813429
7817711
7834607
7845006
7860143
7862122
7866899
7869767
7873385
7918054
7919323
7934164
7934177
7934180
7938018
7939633
7942804
7947289
7949158
7949197
7967054
8035604
8090030
8102739
8103658
8109597
8110881
8112292
8118022
8123848
8124222
8127150
8127665
8131836
8140859
8142641
8142658
8153630
8161775
8183938
8204887
8207957
8231244
8241986
8243571
8246975
8251915
8251917
8253600
8289478
8289486
8298475
8298481
8321020
8329715
8353288
8374516
8374529
8396667
8398840
8398898
8400243
8402896
8408645
8412311
8421678
8422466
8423987
8425181
8427990
8431913
8463127
8467803
8475126
8499629
8507874
8524669
8524841
8535187
8542939
8542954
8542955
8542960
8547143
8547647
8553177
8562937
8590842
8603698
8605566
8608244
8611681
8616716
8625254
8637725
8639433
8639810
8652835
8663064
8667643
8683570
8709619
8710363
8750625
8758906
8769701
8781437
8798523
8805596
8822944
8826888
8839828
8847909
8853030
8862441
8878953
8879615
8879636
8882949
8896419
8904205
8912843
8918822
8938137
8948672
8950990
8969627
8978305
8986627
8995449
9000132
9001421
9028165
9029029
9071815
9087564
9096220
9096699
9108392
9108430
9116308
9129981
9168938
9175786
9177433
9181101
9183666
9195915
9204158
9207464
9208849
9208903
9209414
9216726
9217185
9224607
9250788
9269756
9269796
9279369
9295046
9304714
9305617
9310467
9324298
9326244
9331565
9345054
9349495
9360779
9366395
9376659
9376660
9376661
9384712
9389369
9389713
9393877
9406572
9407116
9426513
9426514
9427720
9446659
9464542
9467959
9473236
9484838
9488616
9497918
9512092
9516141
9519777
9519786
9525737
9531535
9536079
9545803
9557610
9558370
9558400
9566916
9585083
9586075
9592185
9593785
9621120
9639422
9639433
9665193
9665208
9671309
9672847
9676840
9681220
9703270
9704934
9718863
9723035
9739013
9746785
9747873
9753056
9754223
9758352
9760154
9777268
9783805
9787173
9787174
9788431
9808576
9815665
9822717
9825585
9826659
9834912
9858221
9858222
9858233
9873528
9874796
9886328
9926937
9933579
9949177
9973946
10022122
10025889
10037003
10049047
10071134
10088201
10089891
10194123
10194128
10215349
10215653
10347563
10360386
10374889
10400414
10419896
10419904
10442632
10450766
10459357
10468851
10482989
10490629
10492072
10494184
10501919
10509158
10516770
10520010
10534772
10557295
10561500
10576511
10583226
10584930
10586207
10602422
10609784
10616282
10627442
10629590
10630652
10648380
10648417
10648600
10648603
10654022
10658679
10658682
10674911
10677527
10680143
10681725
10688838
10706130
10713326
10720695
10721788
10727459
10738977
10741897
10745258
10753848
10763825
10764152
10766197
10773404
10779439
10811460
10812164
10815921
10822173
10848838
10849448
10865978
10870124
10886212
10886215
10887126
10894833
10910048
10910073
10910924
10913197
10913673
10919674
10921025
10942235
10950517
10950939
10953610
10961897
10964754
10965789
10975389
10979973
10979978
10985361
10997335
10998848
11036109
11050003
11054070
11069038
11069039
11072027
11073166
11085460
11091204
11091212
11097354
11106816
11108797
11114130
11114726
11122114
11123359
11126203
11129444
11133772
11154271
11154991
11167806
11167825
11175343
11175855
11224486
11227211
11233781
11234890
11237055
11238091
11255271
11260080
11264165
11264175
11265676
11280726
11280922
11281397
11286226
11287972
11287973
11287980
11296785
11313280
11313935
11315508
11316810
11323429
11342314
11353767
11356068
11368359
11368361
11368385
11374415
11378554
11387320
11392325
11417494
11423618
11423669
11426503
11442504
11478300
11489476
11489947
11520800
11520804
11526595
11535500
11552990
11553417
11559572
11565540
11571715
11587211
11587226
11587232
11593427
11602419
11606405
11681425
11691826
11697642
11697648
11698267
11698276
11699409
11721977
11753385
11753601
11753602
11755463
11769015
11780146
11781838
11790798
11792422
11798747
11801312
11808344
11809685
11830491
11831067
11840146
11853795
11861265
11861307
11872078
11877286
11896544
11901483
11905636
11916246
11916380
11917072
11920195
11937320
11938799
11960353
11961207
11964283
11983100
11986783
12010816
12028026
12036887
12036931
12040448
12040449
12060123
12060665
12082538
12086852
12091118
12094245
12115002
12124845
12130477
12135666
12138893
12144533
12148906
12154026
12181044
12191565
12194684
12200666
12200668
12200687
12204532
12215018
12217801
12231544
12351420
12357372
12358910
12358936
12363468
12363470
12370803
12373087
12376083
12384536
12393433
12393460
12393533
12393581
12393636
12393654
12409651
12410571
12411053
12429620
12444544
12446442
12447959
12454745
12454751
12456669
12475982
12476300
12476302
12476305
12476310
12483533
12488463
12493025
12495909
12496355
12499247
12509383
12513785
12521212
12521991
12537978
12538464
12542482
12552081
12556557
12560071
12576318
12576338
12578693
12578695
12592324
12623848
12631253
12654249
12656747
12657715
12661602
12663457
12673129
12680254
12684388
12684394
12706819
12707370
12714574
12728257
12750174
12750477
12752093
12752112
12764153
12764361
12783368
12791659
12792788
12799276
12801837
12807155
12821944
12829026
12829585
12829595
12866371
12866588
12887890
12889162
12895396
12902478
12903379
12930735
12933582
12941844
12953816
12958661
12960692
12962565
12969819
12970766
14500898
14504104
14506164
14510940
14513039
14513059
14517214
14519654
14522890
14523462
14530811
14552760
14559829
14562121
14564482
14581377
14586399
14586403
14597677
14599545
14604282
14630086
14633726
14635208
14636885
14645012
14648032
14650975
14654084
14654781
14657955
14666657
14670960
14671613
14676625
14685159
14687026
14687613
14687624
14687999
14704656
14706143
14708008
14723051
14725908
14737178
14744784
14745431
14752867
14755375
14966468
15014528
15014529
15014531
15032571
15036938
15039277
15048068
15048141
15056660
15064488
15069690
15070713
15094045
15101726
15109541
15109543
15136228
15144904
15156167
15161732
15164881
15171550
15183120
15201856
15202948
15226183
15226421
15228661
15229152
15241437
15246161
15251464
15256422
15256429
15265366
15277706
15284852
15308567
15315963
15327531
15331442
15339852
15345592
15353483
15356652
15368327
15374884
15380335
15380336
15388581
15389438
15389825
15455301
15458517
15459011
15468123
15475456
15486067
15494718
15501042
15505216
15507673
15509806
15510211
15517875
15539083
15542838
15555283
15558795
15565163
15569529
15571798
15579919
15583844
15592617
15602589
15604220
15604256
15604889
15607963
15625278
15631652
15649617
15659698
15674331
15674417
15677719
15688014
15698792
15703782
15703785
15705718
15710326
15719031
15725094
15735695
15735728
15747376
15749654
15749664
15755509
15783087
15800674
15800710
15814334
15814335
15819723
15820957
15833859
15842662
15843824
15846067
15850831
15854468
15854550
15857938
15863211
15864744
15871685
15876454
15878840
15899391
15902293
15902298
15914554
15927253
15930265
15942668
15973458
15976107
15990864
15993098
16000593
16007188
16038734
16044153
16078266
16080957
16093432
16105974
16109371
16109618
16113647
16116902
16116908
16129042
16151468
16157201
16166298
16172030
16180544
16204063
16211486
16219567
16224485
16224487
16236241
16249386
16254145
16255985
16260034
16270035
16281073
16291747
16305488
16319529
16332440
16344315
16403813
16409301
16415863
16415892
16421581
16426942
16442619
16443220
16449534
16461309
16461746
16462583
16465215
16465293
16467199
16467863
16468238
16469868
16482207
16482210
16490599
16494624
16494625
16495075
16497976
16502579
16522812
16523310
16527350
16531770
16537804
16541140
16543472
16546254
16547768
16550344
16572205
16596225
16601247
16609011
16614241
16618932
16645210
16651519
16669605
16670264
16680752
16721371
16732966
16740729
16757427
16785625
16827161
16846476
16849521
16855631
16858728
16880519
16912036
16914906
16926302
16928325
16932347
16936779
16945414
16952195
16954504
16960151
16965955
16990603
16990771
16998483
17003374
17006667
17008552
17008892
17016044
17018862
17021137
17021308
17032464
17043649
17044046
17047059
17068153
17094919
17097564
17102890
17114238
17114651
17121928
17129604
17132628
17145570
17146202
17147244
17164333
17167971
17172121
17187856
17202400
17208297
17223257
17224997
17245319
17251899
17252009
17267032
17268511
17285276
17291840
17295370
17301549
17303698
17305499
17312329
17315025
17318191
17324459
17327358
17329198
17330094
17330101
17338645
17339191
17339200
17344799
17349636
17363733
17374613
17374743
17377591
17382017
17382021
17384214
17384279
17389688
17395781
17405907
17412419
17428238
17429625
17446106
17449802
17452251
17452253
17457302
17461760
17470736
17476275
17476280
17487751
17490540
17496200
17497325
17510658
17512589
17530620
17541396
17545631
17550324
17550858
17569822
17572088
17579186
17597806
17604596
17606448
17609876
17611557
17634461
17637811
17642017
17645839
17656262
17660274
17671436
17684099
17695724
17705578
17710227
17715389
17720881
17761812
17762503
17768119
17785585
17825407
17846772
17849460
17851552
17853901
17876770
17881650
17900686
17906206
17912453
17922031
17928051
17929114
17934518
17943163
17943168
17947479
17956677
17959833
17960378
17972958
17980712
17981222
17996650
17998739
18020922
18036399
18048643
18055011
18055868
18055996
18056186
18059343
18059481
18068536
18071309
18073350
18079287
18079735
18089786
18155764
18156734
18184863
18194660
18197171
18202228
18205699
18216868
18221045
18223253
18223278
18235045
18245668
18246120
18253707
18256684
18262061
18268096
18273048
18276770
18287094
18297531
18308387
18338744
18338755
18347292
18354486
18354488
18362889
18367481
18373703
18374481
18387753
18397680
18398720
18418407
18426313
18427551
18429956
18432261
18436994
18439674
18440067
18445657
18448166
18452092
18453543
18455151
18455790
18489987
18491988
18495245
18497981
18514829
18519632
18538729
18548107
18549348
18549612
18559973
18566326
18566539
18574466
18577744
18577747
18586919
18587017
18603297
18603549
18615107
18615627
18617896
18626727
18641042
18650471
18653236
18663364
18665830
18684859
18687796
18696070
18704194
18724392
18725623
18728023
18754027
18759691
18772113
18776472
18784744
18809762
18818391
18818703
18835038
18835438
18843285
18852120
18922118
18928591
18932238
18936234
18951468
18974832
18981115
18990444
19004799
19028987
19039205
19039626
19041400
19047160
19055861
19056677
19061839
19079792
19091403
19095773
19100678
19108887
19112914
19135772
19151780
19153832
19157685
19158834
19171873
19176035
19189637
19191867
19201023
19203346
19212641
19215799
19215983
19217274
19229297
19229589
19236814
19237191
19240172
19254884
19258427
19260121
19261608
19262594
19268463
19274615
19282030
19295548
19301661
19301902
19309221
19322212
19329185
19332983
19337196
19338751
19343480
19357699
19363859
19371951
19373669
19378338
19380743
19383237
19383348
19387467
19401345
19406471
19419069
19438471
19443672
19466505
19476999
19497989
19519539
19531657
19557636
19563028
19565180
19567819
19567878
19571320
19571508
19575198
19576252
19589924
19608682
19608684
19624538
19625707
19640586
19641300
19652056
19654305
19657955
19662183
19698217
19701750
19706883
19707323
19708570
19713230
19714331
19714578
19718053
19724931
19734429
19735720
19748671
19757319
19759561
19768693
19779040
19798095
19799123
19799626
19801694
19806784
19811824
19816207
19819619
19823681
19837125
19837126
19843070
19843886
19850986
19858050
19862526
19878872
19880502
19881535
19885546
19890374
19912986
19924121
19924144
19925053
19931180
19934315
19944685
19950162
19961808
19965668
20000596
20002159
20007699
20007806
20010464
20015884
20028401
20028985
20038222
20038234
20047099
20053753
20072125
20072840
20079431
20111070
20127176
20130598
20132660
20139391
20139893
20141430
20141436
20145269
20145273
20148444
20148758
20149665
20153526
20153920
20166937
20182545
20188579
20194843
20200561
20206383
20206996
20207846
20214447
20228846
20237206
20299508
20346507
20369050
20393504
20394535
20403398
20407032
20417730
20425346
20425354
20425401
20442314
20445577
20454833
20482842
20491997
20499211
20508029
20508612
20509136
20513156
20519627
20520635
20533075
20536348
20537386
20541934
20548094
20561411
20564073
20573399
20595523
20604564
20608939
20609354
20616057
20619375
20632368
20642980
20658729
20663870
20670950
20672228
20675402
20683492
20691800
20693967
20697894
20699667
20703256
20703259
20717479
20717963
20720184
20724541
20730794
20739063
20798787
20828158
20832390
20838376
20860819
20876800
20922699
20930519
20940029
20942869
20944676
20952511
20961253
20971815
20973144
20973145
20973146
20974687
21030353
21041018
21045136
21051563
21062244
21072043
21082933
21087500
21098337
21108601
21118377
21118980
21132731
21134983
21142814
21143615
21151168
21154127
21157035
21157039
21166958
21178708
21183952
21188137
21193419
21208039
21220945
21221851
21238737
21248063
21251937
21263154
21264552
21269077
21273596
21281226
21293953
21299456
21299459
21300982
21314483
21332651
21347248
21357713
21358259
21362218
21368869
21369701
21380694
21387754
21400515
21416481
21425959
21440936
21442193
21445078
21447799
21489625
21504383
21509757
21511335
21517764
21527514
21528234
21540460
21541334
21561767
21562040
21565522
21570118
21576001
21600647
21605905
21622134
21622141
21625221
21630681
21632458
21637917
21638198
21641753
21651486
21658767
21659527
21663510
21674858
21693757
21705667
21714205
21715004
21715303
21715304
21717440
21762985
21764785
21795709
21804606
21804629
21820025
21821707
21844872
21867603
21867983
21874302
21890200
21892537
21892628
21895409
21900237
21903771
21903901
21904381
21907926
21926354
21933042
21935931
21940831
21949869
21950422
21956144
21986290
21990039
21991326
22000011
22001472
22005133
22015493
22021366
22033178
22037271
22054731
22071978
22087818
22089930
22101898
22119977
22125070
22136227
22140458
22151181
22156549
22157695
22183511
22184410
22184525
22189847
22207735
22230800
22231445
22233112
22249159
22251158
22253690
22266405
22286129
22298820
22299211
22314255
22327125
22337094
22339830
22349721
22349810
22391570
22393079
22397755
22408137
22415796
22425893
22429131
22442335
22444272
22446515
22447844
22448923
22467095
22471662
22505532
22521726
22532521
22549445
22568509
22578778
22581121
22585600
22591684
22623184
22633166
22641468
22642671
22665066
22690527
22692505
22696202
22708039
22717125
22739152
22747755
22760091
22772060
22778153
22781600
22782217
22787435
22789429
22826951
22829186
22829974
22858985
22858987
22870341
22886487
22889761
22891763
22898604
22912393
22920397
22926520
22948537
22957062
22957899
22962228
22965919
22966382
22976128
22985168
22988110
22995644
23002203
23049298
23049441
23053185
23053188
23056396
23062104
23065514
23086624
23088644
23095523
23100300
23107469
23108867
23124138
23125079
23125534
23155364
23157591
23160178
23160449
23174904
23186157
23208504
23211037
23212614
23218026
23226582
23229677
23247657
23259070
23277196
23287417
23299156
23301703
23324740
23333776
23343344
23349688
23355941
23370613
23380277
23382113
23399893
23409026
23420553
23434731
23437189
23440701
23446755
23449388
23460890
23467125
23473682
23474746
23502220
23517626
23519466
23529307
23536723
23546518
23551499
23556431
23570380
23611214
23628725
23634289
23675141
23675289
23676790
23701134
23726887
23746084
23748110
23761821
23769978
23770790
23787070
23788109
23794064
23800034
23810191
23811288
23816609
23827104
23881917
23915432
23934627
23949495
23966360
23977454
23980151
23989453
23990612
24007855
24016650
24063401
24064822
24072036
24091918
24095296
24098673
24100660
24129092
24130846
24143950
24155950
24156417
24158537
24159169
24161787
24205792
24236021
24242069
24260131
24263804
24269846
24280068
24280866
24293258
24294854
24297701
24317448
24330598
24333114
24334603
24348684
24351780
24362263
24364873
24382642
24385722
24385789
24417926
24418991
24444868
24445143
24456693
24487968
24492037
24500518
24504330
24516035
24586514
24591204
24598855
24602735
24603533
24606652
24606655
24606661
24611626
24624037
24629639
24657654
24666486
24675360
24685695
24699303
24723681
24726617
24748748
24763825
24764712
24775308
24791858
24798484
24836440
24837367
24865254
24881918
24913448
24938701
24952416
24952896
24967705
24969884
24975338
24976218
24997151
25006277
25006280
25025064
25029499
25041536
25045273
25070183
25097530
25107570
25115808
25127392
25186176
25196073
25197554
25200837
25202073
25212276
25217883
25244981
25248240
25249015
25300870
25305168
25305453
25319658
25331939
25332611
25343485
25360622
25382104
25392452
25398814
25399646
25415187
25426931
25450971
25464886
25500000
25501124
25520136
25527332
25543505
25547655
25580915
25582480
25608112
25615000
25621010
25644089
25656651
25657500
25697481
25701353
25712988
25721043
25740105
25742608
25756742
25798831
25807820
25808917
25809097
25818829
25821558
25825203
25838280
25849484
25858426
25949834
25962435
25963192
25998099
26022079
26031527
26052668
26059167
26059983
26087013
26102025
26118501
26141653
26146560
26151304
26175197
26178351
26195136
26218064
26218127
26239229
26264857
26266519
26279306
26288116
26295305
26298495
26304076
26308792
26317515
26320177
26321052
26346348
26359456
26379418
26413254
26429162
26430722
26431162
26437783
26440973
26451772
26456889
26459144
26479578
26501568
26562217
26593377
26607903
26632460
26644081
26721204
26722260
26729897
26759355
26789553
26812110
26815740
26831735
26843864
26847385
26847662
26854822
26855047
26905124
26912659
26937281
26995693
26999421
27055152
27077777
27092903
27125306
27125308
27181332
27228340
27244255
27273956
27291926
27297971
27313614
27322145
27329306
27338823
27344662
27353341
27374241
27414785
27421670
27432881
27444277
27467931
27492780
27537935
27548716
27561638
27563822
27564101
27581134
27581146
27605510
27605552
27624943
27665024
27666635
27694923
27698265
27698886
27704073
27719725
27720778
27748288
27761606
27769062
27813432
27817074
27839566
27848186
27852118
27856601
27864605
27892697
27894413
27899971
27924671
27926512
27927646
27928132
27956541
27989101
28029512
28036294
28082339
28086219
28092053
28103625
28111465
28128329
28140710
28143387
28153834
28182037
28210003
28218227
28224300
28237691
28245370
28245373
28257089
28260399
28267803
28275539
28278078
28279044
28301600
28319094
28321124
28338290
28349229
28365527
28366933
28390196
28404889
28406068
28428616
28445932
28469513
28488190
28497580
28544907
28556300
28569734
28588176
28595903
28599273
28612580
28669127
28682311
28719608
28751559
28753604
28776669
28801986
28819285
28819731
28822797
28823256
28831263
28866691
28924539
28928163
28928866
28962554
28974549
29020105
29050203
29057048
29075087
29089774
29108223
29113191
29151902
29165716
29192326
29205725
29235475
29251203
29321163
29325229
29343029
29358661
29387322
29388066
29390324
29423045
29434953
29437150
29464484
29468363
29479884
29490943
29501569
29533737
29550484
29554925
29562474
29562477
29655153
29663362
29665256
29733872
29859988
29899861
29914972
29925402
29936718
29944906
30038712
30057314
30076949
30100996
30124384
30147592
30155552
30179268
30202081
30210004
30213264
30217442
30279966
30295239
30300827
30345925
30347270
30405922
30455891
30467207
30504658
30546081
30548479
30561126
30574240
30583336
30584705
30585758
30591491
30616322
30618318
30661457
30707758
30772299
30784762
30787317
30822403
30825668
30827996
30894066
30927708
30940163
30961617
30962580
30971550
30971653
30988576
30994506
31038849
31044085
31079657
31110760
31110828
31138265
31164822
31185413
31194134
31217480
31249931
31252559
31258755
31263034
31280200
31296070
31316003
31316004
31350815
31374292
31399521
31399640
31403213
31413564
31428968
31430499
31432643
31434819
31439580
31468670
31527518
31539241
31612105
31648474
31650445
31699386
31699612
31735741
31737104
31810012
31820037
31831854
31837444
31839033
31864522
31877431
31887834
31925328
31988993
32011024
32027249
32041350
32047189
32052899
32071500
32098768
32138149
32175644
32179412
32203161
32247850
32258653
32269321
32276588
32278814
32289808
32300425
32314427
32314454
32366154
32395853
32397031
32398325
32430012
32527740
32552902
32568522
32581241
32586039
32592347
32602291
32619722
32637309
32654459
32657579
32671189
32679184
32711219
32719607
32764164
32777451
32923232
32937901
32961435
32990400
32999163
33034143
33065614
33067970
33070465
33114087
33159746
33168949
33170935
33194739
33207739
33251904
33284894
33293490
33335652
33354202
33443818
33524640
33527482
33561320
33567976
33585207
33596804
33618649
33732988
33748144
33753595
33772728
33822067
33845308
33910308
33926411
33936230
33963175
33971041
34007045
34008286
34011155
34054462
34094836
34096971
34102989
34109977
34121617
34157313
34158825
34183996
34203097
34214017
34217059
34217296
34225623
34236035
34250402
34292334
34292760
34336196
34339712
34346842
34396051
34399819
34410954
34439364
34513487
34522972
34547714
34596797
34599372
34618358
34627437
34636293
34700368
34719056
34785653
34830455
34856909
34858828
34910435
34938856
34953803
34967577
34969396
35039265
35054935
35080879
35142153
35158373
35182521
35204712
35205731
35210562
35234007
35241148
35257901
35284066
35295063
35343478
35365438
35438229
35470777
35500311
35516138
35551036
35561654
35622506
35643179
35651316
35745866
35815090
35932498
35944901
35975004
36015288
36058859
36058922
36090130
36194587
36213362
36221998
36295654
36306539
36349200
36369657
36372934
36652779
36681201
36691792
36699758
36709133
36717477
36721266
36764024
36764763
36853670
36865043
36910610
36927348
36931029
36958526
36989810
37046701
37053475
37095099
37096538
37124196
37202916
37211852
37215441
37331423
37368411
37392851
37463800
37470410
37477259
37494069
37813367
37846720
37855278
37983208
37986553
37995643
38014060
38071041
38111518
38114052
38171244
38188610
38191716
38280275
38325182
38363412
38394852
38414349
38450181
38568938
38612503
38628933
38672756
38741123
38760992
38794311
38800235
38865175
38951498
38979846
38981703
38990650
39035746
39157623
39246751
39255723
39255927
39275102
39278089
39291729
39331155
39332790
39342174
39393060
39437162
39465372
39469175
39479815
39598402
39775919
39814085
39862738
39893011
39917513
39931057
39955308
40084097
