9207797
9799843
10704835
11325826
12068308
12150818
12438234
12447372
12460918
12460919
12529696
12591721
12619120
12644542
12670889
12692057
12697856
12778069
12810628
12824225
12873977
12873990
12879021
12881714
12893203
12907632
12918080
12931219
12941809
12957284
12960123
12969789
12970315
14500344
14500346
14501284
14507635
14508525
14513361
14522889
14522897
14534542
14602780
14603338
14612909
14616967
14617374
14618633
14639609
14668801
14679157
14681681
14688025
14691295
14695152
14695993
14708620
14719068
14722037
14724583
14734469
14743508
14749708
14984580
14991899
14996725
15001635
15009007
15009714
15009715
15014028
15024080
15047447
15048078
15060100
15095090
15102681
15104286
15126572
15140228
15140238
15141374
15145515
15161700
15179189
15181070
15181454
15184373
15186612
15191558
15194222
15195111
15195137
15208655
15221372
15247181
15251965
15251969
15252839
15272920
15273715
15277467
15294323
15313890
15325272
15330192
15340260
15342696
15343278
15356019
15356020
15373778
15373800
15386408
15466181
15467732
15472223
15482489
15489648
15515191
15517309
15538400
15542810
15547749
15552615
15577314
15578519
15588860
15613230
15613458
15616773
15630436
15630448
15641040
15657897
15663508
15671769
15687339
15694309
15702478
15704157
15714593
15723290
15729718
15735667
15735849
15741578
15753399
15753649
15761501
15765445
15782118
15790700
15793287
15807885
15811117
15824163
15834638
15842051
15859312
15876153
15880523
15902486
15904951
15917418
15928660
15947100
15948115
15948220
15968271
15991007
15998781
16007118
16007166
16015629
16021577
16024606
16029370
16052531
16096377
16098042
16117801
16117812
16123397
16143028
16144912
16170021
16174717
16179867
16199894
16219636
16253771
16254036
16256179
16268813
16273091
16281072
16299399
16354196
16354586
16361694
16376942
16381005
16402937
16403224
16404419
16410717
16417231
16417232
16424035
16452550
16474404
16487015
16501605
16533790
16540682
16551846
16551863
16555627
16557238
16567964
16569817
16598499
16601293
16606457
16619251
16619509
16628650
16647948
16684532
16687919
16708643
16721785
16728576
16753739
16757326
16772349
16778116
16799476
16801397
16804544
16804887
16806438
16809487
16818623
16827748
16845322
16845408
16849360
16858683
16867191
16873291
16888631
16899595
16918957
16931592
16932068
16932278
16937524
16946010
16953233
16964379
16983703
16987295
16988471
17001349
17006850
17013898
17018604
17044028
17060774
17065421
17096326
17097223
17101316
17119056
17119447
17122504
17134824
17143472
17145850
17148775
17159251
17159915
17179987
17186541
17195637
17195912
17199440
17199737
17201587
17208430
17210691
17251336
17273161
17297294
17298986
17301836
17302867
17308360
17309670
17317846
17360030
17374713
17381488
17384209
17387744
17388789
17393356
17409425
17415708
17427169
17429154
17440063
17453004
17453358
17464312
17478764
17483702
17487504
17488796
17507627
17510423
17516929
17520704
17525723
17535994
17542667
17545628
17551924
17566669
17641411
17685465
17690212
17693984
17696195
17696956
17709622
17717450
17721188
17724477
17727338
17785355
17786355
17824790
17878251
17891237
17911174
17924122
17927788
17940185
17942568
17956344
17962436
17972530
18024410
18032931
18032947
18056475
18060073
18070147
18083378
18096441
18098337
18199160
18226854
18227705
18235983
18267069
18273045
18279546
18280030
18310286
18310287
18310288
18323787
18329792
18337114
18343945
18363883
18368129
18374154
18375819
18383861
18386340
18386342
18397470
18398503
18402768
18408659
18413255
18421705
18426810
18428050
18435933
18458053
18462259
18470905
18473434
18473997
18517279
18519771
18524847
18559533
18615679
18628094
18628431
18628967
18636014
18644254
18676742
18676837
18676857
18682506
18697864
18710372
18715233
18716556
18718023
18753943
18757341
18778891
18782444
18783202
18787543
18790768
18794803
18798261
18806830
18832519
18840924
18946221
18974108
18987552
18992635
19001320
19003996
19014278
19016743
19018267
19033861
19034577
19037234
19040996
19047780
19079344
19079609
19087308
19107232
19126563
19127559
19132054
19147753
19152441
19156138
19156774
19159571
19159982
19164452
19169486
19190079
19190105
19190129
19200582
19206169
19207009
19208736
19210107
19213871
19226609
19233913
19251651
19269016
19274086
19282104
19282848
19289622
19323560
19338646
19342899
19344998
19345328
19363522
19369630
19370421
19370505
19371126
19372556
19377299
19383313
19383316
19389934
19404918
19414674
19415957
19416762
19424571
19424639
19430299
19430562
19434085
19438459
19439607
19440799
19461239
19464601
19473026
19474002
19475551
19487299
19492075
19498322
19504446
19534622
19534623
19536147
19543740
19547661
19561230
19571295
19571821
19574281
19584155
19603018
19624312
19626635
19633643
19637313
19649202
19659611
19663727
19682280
19693938
19724275
19724843
19738460
19745699
19752400
19759551
19788444
19794125
19829302
19843849
19850689
19852736
19855433
19861964
19878585
19880792
19881948
19883729
19884549
19884556
19908233
19913317
19919630
19919912
19926583
19935791
19949877
19958951
20002887
20007066
20008640
20012784
20023270
20027224
20042852
20043015
20044755
20049644
20056810
20068183
20098682
20103678
20130433
20140953
20141835
20145213
20148563
20149136
20156809
20162668
20179705
20182446
20186005
20187782
20199087
20200438
20230995
20233436
20233623
20300583
20300843
20303012
20345340
20350535
20351680
20367313
20381121
20395530
20406109
20473281
20485284
20496269
20501503
20510919
20514492
20518413
20519626
20526288
20531415
20538618
20563851
20570909
20571907
20573852
20597484
20605766
20607744
20607849
20616015
20616366
20619672
20619739
20627194
20629085
20630094
20631031
20635392
20645028
20647301
20651341
20652698
20667740
20668238
20670148
20689758
20716222
20718682
20720566
20730472
20733556
20735442
20802181
20813562
20818844
20823850
20837233
20840674
20843808
20847208
20857202
20859831
20932136
20944096
20945104
20947270
20950194
20951940
20953721
20955560
20959475
20959481
20962618
20972475
20975100
20976706
20978199
21029218
21030999
21041578
21049459
21051183
21068756
21098728
21103049
21104178
21110341
21113138
21117980
21118047
21121840
21125676
21129061
21129611
21131919
21134544
21134562
21136722
21139585
21147872
21156289
21160471
21160499
21161938
21163703
21166657
21167555
21169256
21174863
21175381
21176117
21190184
21199003
21213951
21215707
21220223
21220306
21223812
21224857
21227391
21227396
21239517
21244382
21249150
21251608
21251612
21274720
21283802
21285991
21289333
21305640
21315413
21317224
21324100
21326296
21332555
21340604
21343552
21343559
21345109
21351275
21354060
21356389
21362156
21383284
21383698
21385081
21390154
21393075
21403401
21408138
21412762
21418173
21423154
21424126
21424530
21426297
21430505
21431280
21439018
21441079
21441104
21447722
21447745
21447798
21448135
21455633
21456008
21457162
21479234
21483012
21483104
21502544
21503581
21505228
21512141
21518014
21553007
21554046
21557216
21568726
21570823
21575483
21587258
21594703
21606968
21610142
21635872
21636552
21638088
21639808
21646605
21646616
21653734
21656352
21663470
21674991
21681432
21693616
21694724
21696415
21704278
21707687
21708284
21716161
21717063
21725210
21725359
21733000
21738611
21742054
21750338
21750866
21753785
21774961
21788131
21793228
21795305
21796448
21803329
21807639
21817898
21817902
21818706
21825258
21826607
21826673
21827678
21829508
21835307
21862832
21863388
21864203
21873050
21875464
21882184
21884820
21899462
21899463
21900390
21906875
21909080
21910720
21917148
21937738
21942085
21943101
21943394
21945875
21948220
21958129
21960311
21981139
21995398
21995399
21995400
21997758
22000016
22002881
22012135
22022941
22027417
22028422
22028477
22033631
22039425
22043994
22056813
22070922
22072557
22072743
22083257
22090271
22105174
22105775
22113477
22113612
22121540
22131348
22133769
22136270
22139644
22145942
22147429
22147942
22156467
22156468
22156469
22156613
22157295
22157620
22168626
22170714
22171948
22172720
22174938
22175026
22175303
22180495
22181337
22189819
22190222
22192803
22194965
22196123
22199277
22199339
22202162
22203991
22205714
22210186
22210875
22214007
22215904
22216021
22222036
22227015
22228154
22228631
22230299
22235286
22245873
22246856
22250191
22256804
22256810
22258409
22262188
22281663
22281684
22282465
22282467
22293660
22294102
22306669
22313586
22314188
22317887
22319199
22331825
22332713
22335197
22339435
22349616
22351686
22355009
22356324
22358007
22361037
22361686
22367297
22368298
22369373
22376167
22382362
22385786
22386128
22389471
22393091
22393095
22419100
22423265
22425762
22426079
22426956
22427190
22429583
22430133
22430215
22431538
22431713
22433711
22435913
22437314
22442059
22446020
22448344
22451557
22453012
22454415
22454535
22456166
22459936
22471241
22471242
22489692
22492957
22493212
22493370
22498935
22500044
22504197
22514085
22515292
22515520
22516966
22522845
22524468
22527019
22531127
22531170
22534474
22535154
22535974
22537109
22540190
22548077
22549559
22549934
22554099
22558339
22561568
22563563
22563699
22565288
22568401
22570761
22576211
22579930
22583669
22584957
22586484
22588750
22588873
22588879
22591444
22592144
22608322
22609219
22611400
22614711
22614973
22614978
22621641
22622634
22628551
22629567
22638623
22639828
22640478
22640803
22646765
22646766
22649091
22649416
22653958
22663011
22675209
22684223
22691412
22692278
22693252
22694820
22699145
22705994
22706026
22706871
22710963
22724160
22726224
22727996
22732794
22735383
22735384
22735805
22738431
22740817
22742884
22743296
22744255
22745804
22750048
22752848
22753589
22767446
22770943
22771896
22772867
22773056
22773565
22773810
22775439
22779686
22792460
22797077
22798288
22798500
22799316
22804352
22809251
22814862
22820660
22824468
22826437
22833462
22850568
22855362
22858857
22863493
22869096
22870129
22870241
22871572
22878367
22879539
22887810
22890732
22892241
22892521
22895053
22895366
22898351
22899730
22904646
22911782
22925390
22926515
22930283
22930785
22931052
22931913
22932786
22933967
22934253
22938585
22941165
22941167
22944621
22948025
22959022
22962325
22962672
22966370
22969966
22973979
22974232
22981500
22985957
22993650
22996177
22997209
22998476
22998776
23000762
23008323
23009221
23010994
23014342
23014346
23020132
23021375
23026932
23026937
23031422
23033302
23034028
23034029
23035153
23039341
23051629
23051966
23055340
23055546
23056577
23058743
23060265
23062653
23063521
23066120
23074264
23087082
23088640
23089489
23095323
23095503
23096702
23098991
23102192
23102194
23109980
23110010
23110075
23116250
23125007
23138171
23152448
23153455
23154983
23157614
23157823
23157824
23157825
23158172
23158210
23159108
23159116
23159593
23160323
23161556
23161722
23163107
23174497
23179992
23180892
23186006
23188063
23190154
23192464
23192956
23196000
23197490
23203004
23204132
23211290
23224067
23227856
23233388
23235345
23237741
23242278
23242808
23245516
23246082
23248255
23248257
23251002
23252557
23255930
23258922
23264894
23273605
23274581
23278307
23280049
23287985
23290787
23294221
23297805
23302038
23303445
23306863
23307859
23310942
23313362
23317446
23319765
23321558
23322213
23323158
23323230
23324568
23324583
23326492
23327964
23334329
23341544
23342664
23343956
23354848
23354951
23355004
23357879
23360189
23362162
23365119
23369684
23370429
23370668
23372702
23376011
23377457
23388101
23397951
23401870
23403819
23406047
23406731
23412871
23413975
23414474
23414587
23415641
23435364
23435375
23435618
23441035
23442159
23445312
23447565
23447823
23448684
23449613
23451330
23454771
23459231
23460942
23460959
23462926
23463215
23463675
23469793
23469895
23470635
23475878
23476074
23477830
23481513
23482475
23483066
23484549
23486431
23489023
23489628
23489693
23490649
23496275
23497384
23498982
23499336
23499398
23499968
23505473
23505540
23511561
23513230
23517740
23524406
23526598
23528169
23530102
23531035
23531339
23533235
23533272
23534744
23534748
23535072
23535073
23536897
23537694
23544999
23547069
23548132
23549875
23550516
23551370
23552385
23552670
23553055
23555633
23557327
23569465
23571588
23571594
23579220
23580256
23584600
23585181
23585929
23589031
23594535
23594689
23599677
23600282
23603840
23604240
23606169
23608920
23609006
23612012
23612919
23613475
23614898
23615046
23615632
23617638
23621583
23624923
23625203
23626542
23633454
23636013
23639941
23645591
23650027
23650591
23651150
23653869
23658295
23658559
23660947
23664541
23666916
23673558
23675568
23677116
23682579
23690118
23690412
23690527
23690767
23709751
23710806
23712190
23714462
23715079
23715574
23717622
23725167
23730412
23730514
23733758
23733763
23735514
23744355
23749901
23752636
23755178
23756728
23762807
23763264
23763655
23770823
23771122
23773459
23775008
23775351
23776587
23782496
23782679
23791006
23792105
23792567
23792568
23795354
23795808
23796270
23800934
23802768
23806056
23808402
23817129
23817662
23821376
23822828
23825589
23826570
23828701
23830782
23833299
23833300
23833303
23837025
23839361
23844038
23845288
23845435
23845441
23846776
23846818
23848818
23848983
23849768
23852164
23855428
23855527
23855556
23858942
23860494
23860532
23861977
23870055
23870385
23878351
23878352
23880961
23883275
23887306
23890088
23893334
23893969
23894707
23897252
23903755
23904987
23906414
23907581
23918947
23922205
23922754
23923114
23924149
23924408
23925579
23925625
23925626
23925627
23925628
23927882
23928771
23930206
23931769
23931930
23934108
23938765
23941441
23942809
23946802
23950000
23960272
23963522
23969188
23972510
23976959
23979710
23981603
23987486
23987572
23988776
23993026
23994118
23996432
23998804
24006859
24009630
24014015
24019382
24020794
24023633
24025553
24026210
24030686
24032672
24034635
24035431
24037523
24039206
24048637
24048738
24051957
24052184
24055054
24062392
24066160
24071017
24073892
24073999
24080641
24085553
24094449
24095280
24098023
24104864
24107445
24108467
24112392
24112647
24114739
24117280
24117833
24118207
24119386
24121489
24122611
24123003
24123063
24124924
24138831
24139215
24139521
24145418
24147236
24150898
24152792
24159168
24161908
24163374
24164374
24164966
24166180
24166902
24167759
24170549
24178368
24179707
24183461
24190114
24192036
24194739
24196789
24200969
24201813
24210172
24213221
24216512
24218517
24228637
24238153
24238398
24242331
24243688
24244575
24247620
24248188
24251082
24252159
24252190
24255086
24255689
24256466
24258977
24258979
24261392
24265152
24265154
24265155
24270325
24272599
24274261
24281417
24290130
24291778
24295088
24295207
24295639
24297085
24297791
24298448
24300723
24301760
24303953
24307542
24309328
24311634
24316730
24318467
24321241
24325952
24331718
24331719
24333389
24335681
24337906
24338245
24339949
24342721
24345274
24345644
24345920
24348046
24348463
24352115
24352648
24352906
24353007
24353068
24353098
24354346
24354918
24356563
24362499
24362526
24366302
24366644
24367375
24372748
24374844
24375266
24381069
24382015
24386625
24388103
24388723
24389984
24390240
24393566
24396464
24397598
24398428
24403169
24408395
24409384
24410877
24413733
24417277
24417615
24422672
24422853
24424304
24424456
24432405
24433452
24439221
24442520
24445188
24446311
24446739
24450682
24451276
24451817
24451818
24452872
24456413
24460976
24463458
24468667
24468978
24469106
24471189
24474376
24475086
24476679
24484235
24486585
24489105
24490764
24493731
24495477
24496868
24497953
24500755
24502370
24503706
24504441
24504448
24508103
24516336
24520098
24523613
24529329
24531394
24531831
24531980
24532263
24533578
24535907
24548081
24549591
24549645
24550319
24552757
24559688
24560515
24563339
24566771
24567366
24567436
24569370
24569374
24569445
24569915
24570209
24573550
24577111
24577748
24577788
24582505
24582506
24583796
24586605
24588959
24589925
24590295
24591408
24591764
24594201
24602025
24604154
24604709
24610826
24612059
24612623
24616537
24617711
24619974
24625306
24625419
24625733
24626880
24631158
24633422
24634053
24638167
24639117
24641301
24642661
24648950
24651849
24655544
24655664
24658074
24659028
24659889
24660121
24661317
24664307
24666267
24666485
24667377
24670642
24671490
24673746
24677749
24679337
24684646
24687927
24703101
24703243
24709886
24710085
24711431
24711550
24712861
24713734
24715106
24717435
24720374
24721322
24721513
24722974
24725538
24732172
24733413
24733801
24735766
24735930
24736544
24737576
24737664
24737949
24742565
24743704
24746198
24748129
24749938
24752710
24755613
24759670
24764582
24764675
24765171
24767862
24769640
24769757
24770869
24774510
24780046
24787545
24789721
24792487
24795008
24795014
24798740
24800029
24812411
24812557
24821886
24823863
24825855
24828987
24832158
24832175
24833563
24834238
24835481
24838325
24838331
24838814
24839220
24844134
24848709
24857132
24857135
24857137
24857351
24858661
24859340
24859797
24859998
24860158
24861115
24863690
24863948
24865425
24868021
24873948
24879157
24879511
24882974
24884503
24885690
24888229
24889043
24893747
24894018
24897065
24903021
24903029
24908142
24908601
24915895
24917033
24918610
24918823
24919155
24921639
24922189
24925349
24926260
24926836
24927793
24928715
24932282
24933605
24933606
24938183
24941944
24942334
24943872
24947099
24950457
24954313
24954356
24955518
24955706
24957944
24958809
24958825
24964758
24969466
24971403
24971404
24972891
24979348
24980819
24982452
24982505
24983357
24985732
24987354
24989827
24992171
24993163
24994118
24995574
24997557
25003820
25005754
25010701
25012490
25013423
25013473
25013510
25014231
25014730
25015869
25024077
25024083
25029639
25031620
25031736
25034364
25035100
25035421
25036880
25037139
25037140
25037257
25037456
25039399
25039578
25040262
25040674
25043451
25046227
25050586
25051202
25053682
25054035
25054548
25055797
25057167
25063807
25066317
25069797
25070294
25073438
25073704
25074543
25076244
25079100
25079330
25083331
25083484
25085839
25089220
25092772
25109331
25114271
25116269
25117819
25118623
25118810
25119972
25120313
25120707
25120816
25123949
25127139
25128147
25130952
25132480
25133896
25139339
25142146
25142409
25148578
25153497
25154726
25155755
25156525
25156883
25159853
25174456
25174651
25176643
25178945
25179409
25180764
25182956
25183499
25185098
25185693
25186461
25188864
25194107
25194426
25198196
25202140
25202828
25204436
25209580
25211166
25213729
25219500
25220342
25228337
25228413
25236573
25239454
25241863
25242093
25243790
25243813
25244542
25246264
25247165
25257244
25262755
25262966
25265492
25265494
25266729
25267006
25267307
25268071
25273224
25275294
25285888
25287827
25289082
25306614
25317411
25318602
25319388
25323687
25323827
25325273
25329690
25329694
25329702
25331181
25332244
25333496
25337237
25337709
25339196
25343173
25344914
25346165
25348915
25349308
25351955
25353071
25356392
25359093
25359156
25361007
25361077
25363644
25363723
25364391
25367198
25367952
25367964
25370473
25370533
25376477
25380183
25381152
25382067
25382612
25385327
25385688
25386108
25389051
25396684
25399552
25407517
25408648
25411185
25412847
25415284
25422482
25422487
25426645
25429742
25430497
25435907
25436793
25436800
25437182
25437913
25440439
25442222
25442471
25442675
25444226
25449654
25450274
25452114
25454717
25456393
25456953
25461318
25466451
25467940
25468810
25472943
25475564
25477091
25478626
25480661
25482468
25484091
25487366
25487587
25488880
25489262
25490715
25490969
25491441
25495246
25496804
25499274
25500121
25502087
25511147
25511150
25512635
25512636
25515650
25515853
25517746
25517872
25523300
25527633
25537974
25538140
25543407
25544599
25549723
25550229
25550768
25551625
25556681
25576527
25581727
25583765
25584719
25589619
25589621
25592597
25600339
25602110
25602792
25605225
25605839
25607474
25611237
25616949
25617424
25618114
25619724
25621040
25623140
25623974
25624498
25627962
25628921
25632202
25634750
25636897
25639985
25643238
25646268
25646931
25648338
25651238
25653539
25656083
25663779
25666295
25667294
25673558
25673595
25673644
25685929
25686114
25686118
25687909
25688918
25690538
25691283
25695247
25695333
25696788
25696791
25696803
25700421
25702102
25704501
25704541
25705882
25706985
25708741
25712345
25712893
25713167
25714871
25720745
25724524
25729732
25735579
25736029
25738144
25742786
25744437
25745617
25745621
25746038
25748298
25749811
25752325
25752368
25755684
25755776
25758903
25761417
25762352
25763513
25766129
25767048
25767210
25768829
25780001
25784606
25785246
25787243
25787767
25788221
25789737
25794135
25794445
25794603
25794798
25795251
25797743
25806238
25806780
25806877
25811650
25813020
25813351
25814555
25815786
25817073
25818616
25819940
25820214
25821557
25822884
25837167
25839886
25841454
25841455
25843629
25847954
25847956
25848750
25851630
25854919
25860580
25861615
25862899
25865258
25865669
25865802
25867272
25870252
25870264
25870796
25873166
25873177
25873592
25879531
25882744
25883769
25884297
25884515
25885250
25886136
25886620
25888143
25893993
25894433
25896990
25897843
25899003
25900832
25902737
25903073
25906420
25911848
25912549
25916409
25917403
25918105
25920006
25922907
25925285
25930817
25933211
25934890
25934891
25936694
25937573
25937618
25938346
25939769
25941608
25942399
25944484
25948218
25948295
25949884
25950823
25952101
25954997
25956405
25957797
25960219
25960652
25961545
25962795
25965804
25970686
25971545
25973534
25975689
25975908
25975913
25975986
25977643
25979831
25980594
25981859
25983749
25985019
25988212
25989278
25989506
25991583
25992240
26001180
26003825
26014474
26018827
26020381
26020488
26020982
26027934
26027995
26028035
26029660
26032958
26033452
26037941
26037942
26041461
26047060
26048310
26053201
26055532
26058727
26061438
26063764
26065894
26066373
26070258
26071465
26072431
26072686
26073081
26073619
26075701
26080065
26080731
26083553
26083571
26084290
26084471
26085387
26089069
26090869
26091525
26095797
26097884
26098773
26101643
26102513
26103892
26109403
26110554
26115708
26115961
26118880
26120069
26121270
26123241
26124474
26124490
26125673
26125698
26134498
26136882
26137119
26137412
26137449
26137740
26138035
26141748
26143373
26143635
26145173
26146664
26150740
26152183
26152656
26153495
26154146
26156055
26156293
26157547
26160848
26160882
26163092
26165597
26167339
26171248
26172302
26174638
26178216
26181172
26181246
26181250
26181322
26182194
26182332
26187369
26189429
26190162
26190239
26191315
26200454
26200476
26202550
26202951
26202952
26204954
26205335
26206558
26208478
26208524
26208946
26214416
26215382
26217117
26218930
26220423
26222501
26223933
26230187
26231782
26232865
26237499
26240026
26243562
26248136
26253025
26258049
26261416
26264609
26266008
26268700
26269601
26271724
26273300
26273372
26274032
26275246
26279992
26282084
26286024
26286452
26286966
26287849
26296380
26299074
26299805
26299806
26299862
26301799
26302068
26305188
26306423
26308130
26310975
26314551
26317169
26317309
26319365
26321697
26323637
26325103
26330075
26332527
26335367
26338373
26339422
26340744
26341080
26343582
26343583
26350141
26350195
26352110
26352686
26352988
26353041
26354351
26355231
26355234
26358420
26359417
26360803
26362194
26365896
26366702
26372699
26372702
26373952
26375727
26376292
26381028
26384551
26384552
26384642
26384810
26386083
26392102
26392228
26396549
26397052
26399561
26403329
26404261
26404554
26405815
26407762
26414224
26414886
26419469
26422023
26425654
26425792
26426340
26431495
26433819
26438153
26440571
26445861
26446234
26446380
26446943
26447389
26448939
26450712
26451873
26454140
26454767
26455504
26456083
26457492
26460302
26460303
26461266
26461489
26462148
26467662
26468227
26472072
26477313
26484710
26486743
26487540
26488003
26490654
26493695
26496026
26496853
26496897
26498038
26498143
26498373
26500331
26500535
26501867
26502378
26512791
26513490
26519363
26521063
26521469
26527776
26530529
26536389
26537294
26541605
26552951
26557775
26562024
26563980
26564811
26569587
26575603
26582644
26582795
26584635
26586345
26586395
26588428
26594172
26594316
26595810
26597052
26598713
26600396
26600545
26602910
26604858
26608120
26612802
26613644
26614903
26615988
26616061
26616508
26617365
26622768
26622769
26622882
26623721
26626128
26630683
26631873
26636909
26637773
26643848
26648183
26649430
26652624
26657877
26659191
26664139
26668268
26671072
26672086
26672087
26673621
26673799
26678033
26680369
26681025
26684240
26684394
26687137
26690267
26691448
26693224
26695089
26697165
26697198
26697199
26697473
26703821
26705496
26710756
26711128
26711930
26714964
26716438
26718882
26718898
26731560
26732095
26733165
26734696
26743513
26744778
26746214
26749005
26750638
26751190
26753005
26753950
26762843
26768497
26768652
26771234
26775732
26776917
26777901
26780618
26782702
26782803
26784941
26784966
26787892
26790143
26795218
26796506
26798444
26802026
26802240
26807515
26810070
26810733
26811525
26814611
26823846
26823860
26824010
26825172
26825657
26826419
26829038
26829212
26831663
26835544
26838744
26842788
26848795
26851801
26851802
26852222
26854489
26854757
26857243
26857260
26858028
26858920
26858984
26861657
26863344
26863566
26871591
26871894
26876618
26878440
26880821
26884113
26884114
26884375
26885073
26885200
26885238
26885666
26887510
26889698
26892442
26893254
26898828
26904701
26910217
26910894
26912807
26914762
26916115
26918217
26918352
26921540
26924424
26925640
26925650
26926151
26927447
26932501
26932895
26940938
26941398
26941858
26943032
26943572
26945035
26946529
26949599
26950846
26951110
26954036
26957611
26959608
26960735
26960768
26969876
26974965
26975042
26978007
26980021
26980024
26980298
26983408
26984388
26984758
26984828
26985180
26985376
26987976
26989027
26989536
26991109
26991344
26994902
26996308
26997441
26997442
26999500
27000992
27006301
27009213
27009410
27015517
27025703
27028853
27033063
27034263
27035814
27036313
27037411
27037835
27039744
27041702
27042173
27048246
27057458
27062580
27064992
27073482
27075584
27075779
27080216
27080217
27080364
27081804
27082577
27083625
27085458
27087167
27091406
27094161
27094584
27095081
27096321
27097112
27097343
27098388
27101548
27101676
27102074
27108388
27111917
27115320
27115584
27116335
27116958
27117521
27124486
27124588
27127178
27128903
27131079
27135210
27138260
27138801
27138882
27141346
27143921
27145091
27145369
27146499
27147251
27148585
27149188
27150060
27151331
27153176
27153840
27153872
27158123
27165943
27169980
27175084
27179656
27180062
27180965
27184112
27185428
27185579
27194447
27194985
27196754
27196768
27197524
27198569
27200295
27201889
27202200
27203149
27207774
27209484
27210102
27210749
27215089
27215271
27215436
27217440
27219630
27223498
27226552
27226731
27231182
27232329
27238082
27246726
27246822
27253461
27255157
27256275
27261210
27265040
27282942
27283768
27283860
27283865
27284437
27293997
27296272
27297629
27297867
27299298
27302309
27308477
27308494
27308505
27308562
27308590
27312529
27314067
27318915
27320919
27325282
27327499
27329244
27336602
27338362
27340238
27341594
27342756
27345148
27345584
27348307
27350555
27353949
27354468
27354627
27355330
27358379
27363650
27365214
27378568
27379810
27382031
27382093
27387551
27388325
27391062
27392741
27398937
27401113
27401151
27404270
27410688
27416738
27418645
27423231
27428425
27429963
27433783
27438814
27438990
27447557
27447748
27454941
27460441
27460442
27462428
27462868
27464255
27466810
27470608
27476449
27478437
27479035
27480103
27480104
27481005
27481329
27484771
27488807
27490749
27494648
27497007
27500726
27510784
27511106
27515299
27515562
27520705
27520988
27523909
27529619
27532019
27532222
27535135
27540599
27540956
27540971
27541170
27542683
27542908
27543599
27543966
27544995
27545333
27554081
27555670
27566656
27568671
27569062
27569082
27571181
27571413
27572607
27573925
27576281
27581851
27592869
27598818
27599148
27600854
27604993
27608415
27611946
27613168
27622011
27622040
27622340
27624451
27624885
27625138
27627051
27628192
27630332
27634195
27637326
27637745
27637917
27641727
27648299
27650607
27651290
27652325
27655717
27658714
27666765
27670230
27671684
27672042
27679406
27679543
27681305
27682157
27689252
27689874
27690220
27696232
27696251
27697975
27699043
27711085
27711968
27718012
27729324
27737711
27738305
27745798
27746978
27747083
27747084
27748799
27754804
27758138
27759578
27760550
27760604
27764839
27765849
27765851
27769870
27770401
27774137
27776007
27787543
27790118
27790766
27791198
27792249
27793752
27799506
27813079
27815357
27819235
27819236
27829211
27834212
27835901
27835903
27843587
27843810
27846054
27848137
27860162
27860480
27861609
27863403
27863429
27863476
27864688
27865374
27867864
27870159
27879995
27880942
27883956
27886677
27888823
27893585
27904709
27905182
27906130
27911099
27911794
27911979
27914130
27914687
27919446
27921184
27923591
27923714
27925152
27928645
27934295
27939777
27939780
27940476
27943267
27956254
27956538
27965097
27981224
27984673
27984807
27987627
27993800
27999210
27999416
28000889
28002643
28002790
28002807
28003758
28005274
28006055
28009984
28012356
28024926
28025078
28031175
28034324
28035401
28039443
28040692
28043156
28052407
28052651
28058658
28059100
28067893
28068936
28072391
28073844
28074351
28077340
28078112
28078132
28078189
28082416
28084334
28089569
28091917
28092667
28092671
28093501
28094001
28099231
28099366
28101205
28106277
28108303
28112041
28112278
28122448
28125730
28129668
28129674
28130756
28133101
28134726
28135039
28140520
28147313
28148904
28159677
28160058
28162869
28169047
28174173
28176151
28179313
28181325
28181854
28182116
28182330
28185325
28188432
28188776
28194436
28199516
28202513
28203297
28205616
28210747
28214977
28216139
28216246
28219109
28220299
28221865
28222227
28222655
28222664
28223103
28230016
28235815
28240681
28242136
28242615
28249088
28251966
28252478
28252533
28255242
28258306
28260510
28261653
28263973
28268064
28268065
28270557
28271343
28275540
28278349
28278423
28281325
28282860
28285720
28292443
28293477
28293988
28299358
28299583
28323937
28326248
28329154
28329426
28331529
28340684
28342873
28344857
28345323
28350298
28353073
28356789
28357918
28359236
28363909
28368422
28373167
28376906
28383426
28387310
28393212
28398279
28401596
28404629
28405510
28407239
28408301
28412197
28412591
28413212
28413213
28416755
28417935
28421232
28423638
28424234
28425764
28427252
28432982
28438258
28440781
28444545
28444728
28447902
28448514
28452074
28454296
28454577
28455392
28455460
28463756
28468827
28469878
28475671
28480077
28485171
28486044
28487464
28488545
28490781
28500236
28500561
28501764
28503307
28504036
28504206
28508855
28510493
28512239
28521461
28521635
28523274
28524057
28527005
28527094
28533659
28534272
28536078
28536307
28539323
28539463
28542846
28543997
28547128
28548101
28549037
28550959
28551389
28557366
28572536
28573821
28576751
28576831
28576843
28576857
28580315
28581198
28581221
28583095
28586954
28592387
28595137
28595656
28599981
28601879
28607685
28611106
28611198
28611205
28611337
28617898
28617912
28622068
28623774
28625649
28626084
28627072
28629547
28631713
28632725
28636673
28639239
28640105
28645859
28646474
28646770
28646893
28649441
28650570
28650588
28652244
28654634
28655712
28656062
28659148
28660280
28662062
28666074
28666639
28666644
28667867
28674184
28677189
28677560
28679432
28680105
28684402
28687736
28692601
28695913
28708099
28709170
28711165
28711990
28714107
28714990
28718951
28719152
28720543
28721890
28722262
28722539
28724377
28724666
28727518
28734005
28738051
28741516
28743309
28745322
28748614
28753606
28761746
28765039
28765115
28766586
28775171
28775782
28777790
28783719
28783725
28789361
28791997
28795297
28795761
28796396
28797232
28799876
28800030
28801584
28805135
28808756
28809097
28809522
28809523
28810295
28811486
28811946
28826720
28827320
28829677
28830562
28831599
28834810
28836232
28840050
28842324
28843257
28848703
28851300
28857078
28857272
28858076
28868285
28873491
28875621
28877062
28879057
28879519
28879901
28880959
28881731
28881815
28884045
28884696
28884697
28884748
28891047
28891408
28893027
28899685
28899979
28903326
28904173
28910386
28910894
28918044
28919011
28919012
28921484
28923400
28926605
28927118
28928829
28929431
28929468
28932083
28936920
28937091
28940307
28943919
28946014
28947418
28947956
28951457
28953887
28953955
28963614
28963969
28971591
28972961
28973166
28974625
28984520
28986151
28986383
28986964
28991513
29023643
29025887
29026704
29033351
29033690
29035465
29037127
29037218
29039591
29040023
29040252
29043205
29045061
29045527
29048432
29050198
29050218
29051154
29051322
29052896
29059158
29059159
29059311
29061376
29061943
29061997
29070145
29070763
29072975
29074209
29076950
29084636
29085338
29085441
29085476
29088832
29094184
29094484
29094776
29096990
29097410
29099711
29100459
29100713
29103753
29105198
29112787
29113311
29114471
29114545
29115941
29119584
29127628
29129559
29131505
29132392
29133035
29133617
29133622
29137342
29138945
29140771
29141672
29142786
29144823
29145034
29146159
29146209
29148538
29149109
29151304
29152094
29156488
29156677
29156680
29156737
29158933
29161237
29162506
29164615
29165667
29167314
29167892
29168975
29171936
29175303
29176861
29178146
29179510
29179997
29180872
29181212
29187018
29187493
29188284
29193645
29195116
29198052
29199726
29202777
29209533
29209896
29210065
29215399
29221145
29227333
29228520
29229408
29229605
29230924
29232304
29232305
29233910
29235923
29238890
29240539
29240540
29241739
29242895
29243224
29243287
29248665
29249695
29254799
29254887
29262556
29264486
29266761
29266793
29269566
29271794
29273082
29281831
29286077
29286936
29288529
29288729
29295876
29295999
29296862
29299145
29304009
29304767
29306909
29307636
29309612
29310328
29312581
29312762
29316280
29316976
29320776
29320991
29324592
29326440
29332123
29334371
29335867
29335912
29336315
29343524
29346301
29347968
29348459
29350463
29356698
29356790
29360604
29362371
29369405
29369798
29370781
29371923
29371951
29374690
29378474
29380516
29380640
29387237
29387762
29388061
29388401
29399853
29405199
29406329
29416666
29419849
29422527
29426605
29427662
29431697
29431699
29433126
29434027
29434880
29434925
29435002
29435119
29438093
29438368
29438370
29439609
29449740
29450468
29456739
29456854
29461827
29464040
29464327
29467863
29469940
29470838
29472347
29475885
29477665
29478127
29479053
29483107
29483217
29483645
29483930
29484737
29484992
29485551
29488071
29491057
29494756
29505523
29506751
29507054
29507566
29516752
29523662
29534162
29540830
29541194
29541216
29541385
29544532
29546640
29547721
29548533
29549631
29551771
29552321
29556019
29556349
29556768
29558679
29560564
29561296
29562502
29563631
29563632
29566402
29567362
29568360
29568398
29570419
29570692
29573027
29573940
29573941
29576302
29579361
29590112
29590606
29590746
29594675
29595366
29596911
29605720
29606948
29607117
29610287
29611028
29616135
29620581
29621181
29622700
29626128
29626208
29628780
29628797
29631033
29632053
29632063
29635451
29644577
29645280
29648886
29649018
29650281
29650750
29651624
29653212
29658453
29660527
29662630
29663854
29666387
29667105
29674508
29675807
29682188
29682203
29682243
29683894
29684526
29694444
29697386
29698368
29701552
29703606
29704308
29707525
29708404
29708446
29715113
29716681
29720878
29721178
29721378
29723688
29724167
29725471
29727562
29729495
29736852
29737325
29739364
29741501
29742974
29747484
29748372
29748446
29750749
29750751
29753029
29755114
29760568
29760834
29767243
29768105
29770477
29772524
29775633
29777202
29778085
29782381
29783415
29795041
29799910
29802359
29805676
29805686
29805692
29807803
29808165
29844307
29844874
29846100
29846702
29846721
29850361
29851866
29851929
29854866
29854868
29855709
29868127
29868707
29872151
29879227
29880484
29880583
29880840
29881305
29883838
29886324
29899858
29902580
29903896
29907857
29915264
29926184
29927436
29928450
29929490
29930009
29934244
29935011
29937183
29940463
29941398
29945942
29950559
29956783
29959022
29962848
29962924
29964124
29966708
29968248
29969659
29970025
29970458
29974407
29980517
29980533
29983163
29983861
29986755
29988110
29990309
29992710
29995686
29999207
30001238
30003228
30003239
30003317
30008844
30009773
30010109
30013630
30014527
30018031
30018526
30018674
30018814
30019008
30026331
30036146
30036245
30036739
30038713
30042206
30043333
30043467
30045926
30046005
30053905
30056857
30060710
30061114
30065097
30069716
30070937
30073321
30076926
30085422
30093687
30094073
30096703
30100099
30104724
30105631
30110681
30115691
30118506
30120137
30120161
30120967
30121602
30122982
30124539
30126001
30143629
30144031
30145148
30145328
30150413
30154124
30154717
30154763
30157175
30159130
30166061
30167445
30168234
30169370
30172272
30175070
30175642
30179868
30181170
30181415
30181812
30187175
30188916
30190840
30190871
30190890
30200646
30200918
30208387
30208388
30208863
30210039
30210710
30214735
30219154
30219628
30220118
30220966
30224342
30224486
30224707
30224756
30225883
30228935
30229251
30237393
30237495
30240866
30241212
30244853
30246138
30247203
30248172
30251592
30254191
30254212
30254376
30255633
30256977
30258204
30262568
30263945
30264293
30265855
30270103
30273197
30275021
30276917
30277012
30281669
30293252
30294871
30297771
30297772
30308577
30310312
30315274
30320196
30320628
30320660
30320916
30323086
30325235
30327563
30333891
30334450
30337720
30337961
30338958
30341513
30342857
30343620
30344946
30347273
30351999
30355677
30361395
30361901
30364934
30376464
30376465
30383722
30383888
30384563
30386910
30396063
30396186
30396219
30396366
30398411
30398985
30399198
30404005
30405888
30406424
30406758
30410366
30412858
30414169
30414707
30414980
30416750
30416987
30421554
30422243
30427914
30428063
30429474
30430550
30430609
30442523
30449496
30454717
30459929
30459939
30462361
30462564
30463680
30463788
30464690
30465258
30467046
30471144
30476968
30481321
30482852
30488019
30488430
30488863
30498021
30501438
30503528
30504064
30505580
30507327
30508500
30518486
30519308
30521084
30531837
30532003
30534813
30536719
30541138
30541168
30544177
30544808
30546839
30546949
30550190
30552700
30556047
30556435
30557911
30558563
30558661
30559073
30559419
30561708
30561760
30562355
30563395
30563872
30565583
30565584
30565585
30570831
30574432
30575721
30575814
30579838
30580112
30582770
30584330
30588020
30588251
30591192
30591482
30592330
30592501
30598499
30598662
30601209
30601377
30601445
30603699
30604035
30607792
30609054
30613980
30615938
30618001
30623363
30624446
30630828
30631106
30635874
30638691
30642457
30643016
30645729
30650287
30651601
30651680
30652516
30655754
30658510
30659691
30661020
30662270
30662627
30664316
30673109
30680261
30682328
30683711
30687060
30688735
30690294
30694737
30698770
30700936
30704164
30709805
30717768
30718231
30719102
30721788
30723297
30728904
30734348
30736186
30736195
30739334
30739887
30745871
30753828
30756014
30758923
30758924
30760304
30765391
30766819
30768848
30773536
30774680
30775150
30782032
30782386
30782837
30784243
30792536
30792807
30793515
30795755
30797497
30797564
30798169
30799646
30801911
30803557
30806748
30811471
30811720
30815911
30819583
30821319
30824584
30824585
30825335
30826660
30828692
30829029
30831205
30837450
30840064
30840950
30842599
30843305
30847387
30848347
30850937
30852924
30854056
30858377
30862713
30863114
30865489
30867499
30869573
30870099
30870269
30872385
30872781
30875124
30880598
30884463
30889301
30890403
30890564
30892987
30893857
30896061
30899313
30899440
30903583
30906913
30911424
30914311
30916170
30922269
30923093
30923800
30924609
30925905
30925943
30926357
30928620
30929378
30929607
30936351
30939097
30939167
30942107
30944613
30950075
30952563
30955264
30955995
30956763
30962964
30963570
30967421
30969158
30971321
30972290
30972500
30975894
30977659
30977681
30977771
30979895
30983459
30984614
30987032
30987478
30987999
30988823
30989459
30990915
30992297
30994353
30995742
30997532
30998207
30999281
31002229
31002424
31010895
31010898
31015455
31016879
31016954
31021028
31021835
31024839
31025390
31025747
31027740
31027751
31031216
31034104
31039200
31042674
31043246
31047306
31048689
31050693
31054893
31056731
31058079
31058533
31060855
31062740
31064886
31065107
31065676
31070306
31072207
31072595
31081213
31082388
31083627
31085763
31087282
31090813
31092612
31092613
31093278
31093395
31095038
31095039
31097454
31099689
31102256
31104677
31109800
31112348
31115206
31116162
31119053
31123282
31123453
31127889
31128050
31135058
31139472
31146483
31147230
31147232
31149479
31151782
31151904
31152084
31152574
31157687
31158244
31161615
31162857
31165342
31171444
31171876
31171878
31171879
31173962
31179560
31181537
31181803
31182949
31183211
31183866
31185985
31187521
31192863
31199501
31200827
31203679
31208050
31211467
31213430
31213499
31214915
31217294
31217909
31219603
31223037
31226844
31228537
31229894
31231466
31231568
31234388
31239162
31239555
31242703
31243962
31244646
31244912
31246727
31250402
31252408
31254135
31257748
31258736
31262747
31262927
31265477
31267021
31270153
31274706
31277584
31279529
31280615
31284081
31289571
31296182
31296605
31297091
31300059
31300997
31305324
31305897
31310691
31314136
31317143
31319569
31319771
31321520
31327063
31329344
31329636
31330487
31340860
31345255
31345592
31348978
31350557
31350822
31352611
31353365
31354304
31359162
31361915
31367274
31367539
31375515
31375570
31376203
31376303
31381132
31388978
31391014
31391125
31393083
31396346
31397092
31397860
31398831
31399133
31401373
31406255
31406976
31415669
31416288
31418045
31421186
31425480
31426419
31426590
31426694
31432325
31435661
31435663
31440061
31440100
31441082
31441596
31442328
31446019
31449064
31449725
31452510
31452778
31453322
31454788
31455041
31455117
31464610
31466300
31467489
31470866
31474758
31478162
31482523
31482595
31484615
31487245
31490286
31495087
31502039
31502118
31502413
31504796
31506288
31506385
31506424
31514399
31515458
31515463
31515514
31516745
31518489
31519698
31519714
31526463
31527213
31527224
31527903
31529211
31531096
31532537
31533235
31533501
31539295
31540406
31545405
31545494
31546071
31547956
31548614
31548830
31553708
31555967
31558234
31558239
31558800
31560259
31563816
31566309
31569065
31571052
31571292
31576556
31577130
31578454
31578731
31580757
31581174
31581267
31581483
31581557
31581559
31583878
31585718
31585936
31586312
31587511
31592429
31594564
31594749
31596728
31597339
31601986
31607543
31610268
31618628
31618797
31624899
31625469
31627222
31627930
31630459
31630873
31635389
31639332
31640894
31641627
31642744
31646741
31649010
31649724
31653096
31653608
31659259
31661070
31661924
31663466
31664762
31664962
31666812
31666933
31667545
31672130
31673240
31673897
31675434
31675726
31676589
31676590
31677253
31685033
31700806
31702822
31703344
31704364
31704549
31705876
31708372
31709194
31711449
31711466
31711486
31723142
31727888
31732523
31740808
31741065
31748352
31754963
31757377
31758408
31758648
31759151
31762713
31762942
31765065
31766556
31768714
31774543
31775437
31781475
31781502
31783291
31784187
31790974
31792356
31796130
31796433
31798981
31799491
31805975
31809326
31810221
31811016
31811566
31817473
31817947
31818130
31819183
31819973
31821518
31821746
31822998
31824282
31826932
31833840
31833955
31839677
31839880
31840683
31842975
31852719
31856410
31864178
31866097
31871620
31871776
31872454
31874374
31875997
31876308
31877318
31880125
31881643
31882020
31882511
31890008
31890457
31891418
31895121
31895752
31897179
31899815
31901705
31903645
31903803
31911278
31911540
31911848
31912791
31917173
31921863
31924734
31927392
31929109
31930640
31932756
31933021
31933925
31934195
31935636
31936151
31937621
31938368
31938404
31940389
31945494
31949496
31949590
31949686
31949805
31950824
31952366
31953036
31953992
31954088
31959346
31965621
31966754
31969234
31970865
31970877
31972251
31980175
31982351
31983154
31985841
31986557
31987674
31988198
31998317
32002403
32003263
32005716
32007138
32009180
32010589
32015690
32015976
32016085
32017063
32017841
32020654
32024448
32024680
32026754
32029534
32030223
32037654
32038479
32043767
32043788
32047001
32047231
32056293
32056395
32059434
32061008
32061302
32063108
32064677
32066410
32067622
32069380
32073511
32074736
32079522
32083398
32087194
32092958
32093631
32093855
32095377
32096885
32098655
32098826
32101675
32101676
32101677
32101678
32108276
32110210
32117703
32122255
32124332
32125175
32131760
32139876
32143442
32150778
32150939
32151517
32156782
32158480
32168325
32171112
32172642
32173467
32179513
32181767
32184228
32185127
32188503
32193591
32193712
32194039
32206360
32216548
32219049
32221131
32223235
32223367
32227276
32228152
32231083
32231291
32231814
32234759
32236593
32236609
32238401
32238877
32239892
32241213
32253111
32253230
32257795
32271498
32273326
32273401
32273491
32281047
32283529
32283865
32285462
32285732
32291725
32304411
32311241
32313236
32315324
32316638
32319011
32319330
32319586
32319656
32321411
32321474
32321884
32325863
32326305
32330187
32330348
32334103
32335325
32337758
32340792
32346875
32347351
32348888
32350854
32357861
32357967
32358715
32366411
32367668
32368388
32372223
32376239
32377702
32378072
32380762
32382835
32384699
32384877
32385388
32388065
32388526
32393282
32394048
32397830
32399264
32405640
32408133
32411231
32411601
32413516
32414111
32420017
32422543
32427409
32428249
32428838
32444628
32447786
32449003
32449085
32449784
32450073
32451331
32455577
32458259
32467529
32470910
32476062
32476174
32476297
32481270
32483240
32485528
32486540
32494201
32495109
32495162
32495721
32501726
32502983
32504335
32506424
32515090
32521388
32522509
32523649
32526884
32527075
32527614
32528881
32530551
32530992
32531927
32532957
32534242
32534635
32534646
32534795
32535222
32539314
32540409
32540454
32541157
32545884
32553555
32553612
32555626
32556513
32561648
32562975
32571791
32572821
32574135
32575591
32580246
32580351
32581559
32585852
32585901
32590884
32593310
32595468
32600657
32602174
32602215
32606114
32608295
32610387
32612709
32613561
32628708
32629178
32637584
32638206
32642685
32642996
32645969
32646931
32647535
32648041
32652567
32654047
32656857
32661852
32664549
32665205
32665851
32666385
32669268
32669376
32670650
32671901
32672795
32674932
32681754
32681762
32682222
32682884
32684022
32693944
32695793
32697281
32699976
32700762
32703500
32707252
32708687
32712959
32719131
32720072
32722429
32739910
32743766
32746839
32747568
32751423
32754440
32757330
32757402
32758030
32759235
32760738
32761749
32768704
32774248
32775409
32776349
32776443
32776753
32777214
32778845
32781560
32784465
32786457
32792597
32792685
32799717
32800272
32801082
32803788
32804453
32811569
32817175
32818466
32820016
32820496
32821295
32825554
32826083
32836055
32843426
32843432
32843902
32846030
32847629
32848419
32850962
32853962
32857940
32859654
32863956
32867715
32869334
32871054
32873393
32873703
32873792
32875553
32878554
32879641
32888955
32889679
32890629
32896487
32898388
32907612
32910224
32912923
32913191
32913971
32913986
32913989
32913992
32914022
32914034
32914373
32918774
32920363
32922659
32922664
32923867
32923898
32923904
32926988
32930721
32933538
32935463
32936899
32939809
32944951
32945606
32946312
32948319
32951290
32953516
32956754
32957012
32961317
32966782
32970425
32972866
32981611
32985015
32989177
32990852
32991018
32993393
32995956
32996219
32997575
33000894
33003483
33004975
33007097
33009979
33012268
33015265
33019809
33020646
33020648
33025560
33027050
33030125
33032379
33033678
33034765
33037234
33038627
33040082
33042833
33042847
33043255
33043759
33044751
33046021
33046237
33046726
33048186
33052075
33054060
33054840
33064665
33070899
33070910
33075161
33081092
33081201
33084375
33087330
33089615
33090333
33100226
33107403
33107799
33108877
33109619
33113355
33116270
33117675
33118306
33119140
33123389
33128316
33133378
33135196
33138697
33139839
33142243
33144428
33145020
33150263
33152306
33152307
33152998
33159968
33162943
33165713
33175195
33178341
33179310
33188936
33190264
33198372
33199152
33203645
33203961
33205710
33206716
33208845
33211390
33215864
33216826
33216832
33224365
33224845
33224862
33224863
33231757
33234845
33235471
33237284
33237690
33238129
33241217
33245464
33247684
33249369
33250737
33250740
33252399
33256240
33258245
33259157
33259900
33260892
33262833
33268358
33269152
33274568
33275172
33276639
33277344
33278771
33279248
33280830
33285519
33293828
33295826
33296098
33299111
33299797
33303574
33305405
33305870
33306619
33309774
33312171
33316486
33317591
33324955
33325154
33327467
33330032
33334695
33335661
33335731
33336394
33336421
33336844
33338202
33339135
33344274
33355187
33355204
33356422
33356500
33361337
33362181
33362182
33363952
33368052
33368279
33370037
33372104
33373866
33375360
33376356
33377543
33380804
33381330
33383664
33385518
33387125
33389075
33391380
33392186
33394641
33399314
33400355
33401991
33402480
33405774
33406649
33406789
33407743
33408093
33413175
33413831
33415015
33419275
33419372
33425097
33428122
33433598
33437383
33443622
33443847
33443864
33444290
33444485
33446148
33447541
33448329
33451139
33456727
33461766
33464748
33466206
33468157
33468909
33469107
33469997
33474634
33476492
33478735
33483600
33489866
33494131
33495600
33499262
33500359
33500549
33503393
33503394
33503528
33504438
33504544
33506199
33507258
33507915
33515759
33522658
33522711
33524004
33527115
33533662
33537843
33539032
33545343
33549048
33551068
33551244
33551379
33555379
33555543
33556898
33557011
33558987
33559224
33560788
33562578
33565241
33568355
33568647
33569738
33572972
33574103
33578538
33579557
33579816
33580193
33580200
33582915
33595872
33600004
33601311
33602034
33603403
33608382
33611593
33611888
33613767
33617147
33618198
33618199
33618249
33622273
33626378
33631043
33632774
33633989
33635624
33637515
33637608
33641072
33641074
33644840
33646490
33646525
33649790
33651322
33653337
33654307
33663128
33669326
33669949
33672955
33675299
33677887
33680376
33682121
33682162
33683689
33684228
33685196
33688558
33692938
33704186
33704721
33704722
33711671
33722853
33723174
33723350
33723402
33726891
33731038
33731665
33731847
33734300
33734401
33734441
33737000
33738242
33738249
33739477
33743547
33747149
33748026
33759074
33761808
33764743
33765322
33773991
33776436
33777142
33777217
33778379
33778733
33782564
33787635
33791912
33793658
33794577
33795686
33799709
33801689
33801781
33804655
33810045
33811006
33812673
33813380
33827932
33836264
33840166
33842313
33842329
33842454
33843797
33843879
33846570
33850302
33851658
33860836
33861486
33868987
33872981
33877098
33878842
33879554
33879712
33889611
33890869
33904516
33904519
33907234
33910927
33911478
33912138
33914242
33915880
33917428
33922182
33925278
33926328
33928205
33934428
33936664
33941568
33945921
33947525
33947696
33952391
33953993
33954019
33956173
33958797
33959477
33961700
33962575
33967092
33970400
33971044
33976643
33980169
33982883
33984673
33987088
33990995
33991404
33995981
34000304
34002878
34004505
34007838
34009099
34017080
34018641
34018988
34019865
34023984
34025662
34033285
34035083
34040017
34051131
34054058
34058699
34061432
34063141
34063443
34063682
34064013
34065877
34068774
34068792
34069952
34070605
34072194
34076961
34077019
34077235
34079392
34080754
34081762
34084449
34087780
34088725
34088874
34091420
34094962
34099355
34103493
34108213
34109735
34112933
34113469
34116682
34117348
34120511
34122635
34123437
34126333
34129153
34131256
34135377
34136385
34139726
34140639
34142226
34148767
34156770
34159774
34161353
34167806
34167970
34168268
34170568
34178624
34178685
34178713
34186441
34190524
34194631
34195094
34195327
34196213
34201061
34201096
34202896
34204950
34207125
34209415
34210801
34210820
34211036
34216310
34222023
34224366
34225229
34227206
34230216
34232935
34232949
34233735
34234465
34239564
34240406
34243078
34246179
34246984
34249672
34250418
34252520
34253376
34256769
34259881
34261040
34267017
34267639
34268086
34268919
34271310
34273152
34275983
34278526
34278963
34279125
34281853
34282258
34284995
34288281
34288768
34289553
34295500
34295548
34298159
34298710
34298804
34301793
34304052
34304249
34307677
34308699
34309696
34312844
34319022
34323124
34324371
34326399
34331515
34334388
34335943
34341259
34341374
34345541
34346511
34355463
34355491
34358527
34359813
34364814
34367685
34373259
34376578
34380594
34381786
34383272
34386692
34387589
34394248
34395262
34398495
34403504
34403810
34407800
34414559
34433654
34433660
34433708
34436699
34438238
34440165
34445693
34446937
34453124
34455067
34457014
34458597
34462871
34466245
34470822
34477344
34482393
34483032
34484797
34494908
34502061
34503304
34504796
34509154
34516041
34518309
34532458
34534550
34535965
34537078
34541884
34542636
34544580
34546454
34548813
34560251
34567185
34568720
34570105
34570440
34571863
34572480
34573299
34575554
34576054
34578339
34581610
34588906
34589911
34589987
34590033
34590045
34590708
34595070
34597611
34599642
34599823
34613404
34613491
34614142
34618000
34619701
34620004
34623791
34625515
34625582
34629317
34632612
34633954
34635506
34636352
34638245
34643739
34648945
34655839
34664215
34664843
34666597
34667063
34671130
34673281
34680222
34687745
34691245
34694528
34695412
34696543
34698448
34702207
34703985
34707053
34707694
34707955
34710571
34715287
34718782
34725042
34732527
34733624
34734568
34735635
34742355
34743688
34753230
34753863
34754579
34755244
34756500
34757067
34762112
34769348
34769379
34773327
34777916
34778029
34779873
34779921
34782366
34782432
34783464
34788207
34789445
34790354
34792818
34794740
34799378
34801354
34802948
34804975
34807276
34812139
34812314
34818219
34818649
34822435
34831001
34831002
34831014
34838156
34838157
34843063
34844291
34849029
34851044
34853302
34853888
34860980
34865880
34866914
34872726
34874026
34876300
34876836
34877621
34878687
34884530
34885148
34885944
34887523
34890787
34895740
34896698
34897056
34897468
34900144
34904502
34918546
34921211
34923044
34923978
34925539
34926002
34926235
34926933
34930786
34933155
34933181
34934597
34935978
34936949
34937664
34938683
34941166
34942440
34944961
34946284
34949515
34955547
34956922
34957617
34957688
34958011
34962076
34963703
34965294
34966053
34969747
34969785
34970487
34975492
34977973
34980048
34980442
34983783
34994395
34994576
34994624
34994629
34996624
34998647
34999916
35004300
35008274
35022320
35023192
35026411
35028596
35029232
35030011
35030031
35033450
35033867
35039233
35045286
35045748
35046109
35047385
35050727
35050734
35050754
35050775
35053476
35055392
35056382
35058553
35059911
35060772
35064015
35068450
35070047
35070538
35070939
35072623
35074651
35077198
35078049
35078985
35080260
35090195
35100697
35100700
35100728
35102484
35117072
35117215
35120030
35123502
35126834
35128241
35129270
35130499
35130969
35131452
35133626
35135105
35135117
35135122
35135123
35135126
35135143
35135166
35135170
35135171
35135184
35139731
35143042
35143639
35145078
35145907
35146482
35147166
35149204
35150652
35152349
35153191
35155453
35156519
35158840
35159044
35160279
35163468
35172484
35172504
35172933
35173448
35186740
35192052
35193687
35193694
35195495
35198414
35205799
35218304
35219024
35224961
35229905
35232962
35235413
35242521
35242981
35245525
35248712
35249747
35250023
35254330
35254334
35254335
35256756
35262688
35262726
35262771
35267511
35267541
35272485
35272691
35274712
35277355
35280113
35280386
35282092
35290123
35290294
35295077
35296442
35300085
35301609
35319964
35323326
35326682
35328303
35332119
35332208
35332933
35335966
35337969
35338089
35341390
35344507
35344913
35344989
35347579
35353428
35353454
35356255
35359040
35362874
35363503
35364627
35366166
35372063
35372088
35373151
35377866
35380338
35381788
35382161
35382857
35383113
35385748
35392249
35395862
35396243
35396765
35397361
35397478
35398936
35406796
35413124
35417045
35422482
35430662
35433454
35433480
35433709
35435290
35436118
35436675
35440004
35441522
35444937
35446501
35447565
35453506
35454158
35454926
35456332
35461290
35463316
35468886
35473554
35474548
35479767
35484883
35486097
35486732
35491960
35492830
35497071
35499416
35499425
35501194
35501518
35503983
35504951
35505173
35513832
35522948
35526651
35527993
35530323
35544729
35544941
35546360
35551160
35557581
35565212
35565240
35569190
35572199
35577105
35579105
35580987
35582379
35582653
35584009
35584781
35585049
35586494
35587097
35592617
35596628
35596940
35598186
35598360
35598548
35610367
35618235
35618509
35619874
35624529
35625987
35628540
35630083
35635528
35641204
35641256
35642329
35642348
35643181
35645053
35646190
35647194
35648675
35649231
35651980
35652680
35653981
35654691
35657565
35658604
35663773
35663835
35665338
35666229
35669434
35670975
35672277
35672316
35673816
35676332
35680020
35681673
35681771
35696748
35696864
35703270
35705814
35707464
35709404
35715530
35717863
35724387
35724767
35725578
35725813
35728875
35729451
35731606
35738942
35740068
35747165
35748101
35748587
35750023
35751008
35751033
35752358
35754977
35755312
35757399
35758129
35759736
35759775
35761499
35762583
35764604
35766855
35775707
35776191
35779272
35780657
35784548
35786998
35789792
35794466
35798536
35804825
35805902
35812780
35813697
35814395
35814449
35814929
35818835
35820242
35832541
35837115
35840569
35847743
35854832
35855650
35856752
35861986
35862870
35862871
35863783
35869122
35874752
35883461
35884534
35907983
35908992
35910024
35912092
35912223
35916021
35925403
35933302
35936102
35944584
35948475
35949061
35949215
35950639
35951455
35951496
35952324
35961969
35968344
35970034
35977349
35978321
35979276
35979667
35994225
35996515
35996969
36003386
36003762
36003777
36004810
36009541
36009596
36010943
36028463
36029520
36029653
36030465
36038253
36039514
36046043
36049147
36049549
36056964
36059688
36060960
36061246
36067564
36067829
36068115
36069597
36070149
36075666
36077604
36077798
36079062
36093718
36097219
36099854
36100125
36103644
36104595
36108341
36114599
36116035
36117091
36122630
36130145
36130926
36136993
36152114
36156323
36157689
36158392
36160023
36160343
36166727
36170791
36177801
36178221
36181299
36181568
36186221
36187114
36191562
36191968
36197750
36198029
36200799
36202008
36202798
36212431
36217175
36217756
36217799
36221356
36221415
36227105
36230610
36230797
36230853
36230856
36244075
36244080
36261329
36263632
36267655
36267742
36271142
36273257
36273892
36275468
36276087
36277559
36281614
36281617
36288238
36288742
36295658
36299811
36307775
36307938
36308909
36309522
36317675
36319795
36319846
36321226
36321230
36321670
36326132
36329938
36331065
36331404
36331719
36335561
36347258
36351333
36351596
36351866
36352267
36352809
36353582
36355316
36356284
36358868
36368253
36375115
36377266
36380064
36380878
36388158
36388686
36396645
36400004
36400750
36402789
36409971
36410812
36411743
36412023
36418472
36419902
36427494
36428582
36428606
36428683
36430869
36433688
36435868
36438490
36444572
36446115
36447197
36450250
36451536
36453261
36455412
36459337
36460017
36470024
36475349
36475784
36477181
36477686
36478905
36479894
36494600
36500607
36502614
36503484
36504219
36504909
36505826
36509002
36510281
36511370
36520196
36523293
36526595
36527039
36529262
36531075
36531226
36534729
36539575
36543304
36543792
36545211
36545921
36548021
36551563
36555268
36567957
36571370
36576580
36578099
36578355
36579260
36579983
36582791
36585710
36589179
36591710
36593813
36597866
36608320
36612138
36619621
36620501
36622773
36624452
36625499
36627494
36632022
36635469
36636144
36636677
36638198
36638586
36639851
36644083
36644171
36645848
36651156
36651286
36653848
36654945
36672358
36672468
36672561
36673047
36674722
36686670
36686797
36688618
36694231
36697098
36698391
36702949
36704723
36713544
36714606
36721074
36726481
36727222
36729648
36733110
36733350
36736685
36737739
36742811
36745053
36747657
36754028
36754566
36756976
36758042
36758579
36759733
36760148
36760378
36762067
36762947
36763212
36763936
36765847
36768289
36768841
36769861
36770936
36778401
36779536
36786145
36786200
36788089
36788354
36789913
36790391
36791370
36795444
36798895
36799315
36801912
36804879
36807248
36811382
36815470
36815657
36819812
36820825
36824910
36825105
36830931
36831331
36831610
36834830
36835466
36841436
36842301
36842874
36843593
36845751
36847042
36847048
36849918
36854237
36854806
36855200
36856908
36858850
36860319
36862900
36867406
36867514
36870549
36875315
36875340
36878307
36880426
36881161
36884302
36888936
36890675
36891427
36895480
36895926
36896641
36900217
36902296
36906728
36910263
36912150
36915629
36916822
36919691
36921693
36923435
36923612
36930789
36931147
36933169
36935386
36936358
36942906
36947208
36950455
36951060
36961816
36963484
36966054
36967333
36974575
36975409
36975440
36976740
36977615
36980495
36980598
36982192
36986566
36988401
36990254
36994709
36995534
36998456
36999511
37003481
37010809
37013641
37016119
37017614
37023721
37031435
37032157
37033354
37042037
37042168
37045720
37045861
37046641
37046778
37056711
37057125
37057379
37065428
37065875
37074727
37077063
37078209
37079639
37080489
37088911
37088959
37093491
37097370
37099199
37115331
37116163
37122752
37123657
37124503
37126990
37127213
37131649
37139656
37144819
37144982
37147869
37151278
37151366
37155469
37156689
37158935
37159870
37160621
37163002
37163235
37168352
37168877
37174072
37176114
37182332
37183363
37190300
37191843
37191938
37195006
37195124
37198319
37204254
37205993
37212326
37212518
37213293
37215708
37216396
37219859
37220176
37221610
37222093
37226844
37231247
37236546
37239344
37240418
37240450
37242499
37247116
37251170
37252843
37268805
37270690
37270692
37277330
37280243
37285606
37287303
37289207
37293958
37296851
37298104
37302081
37305163
37307878
37309702
37316358
37316651
37325027
37326121
37332807
37334075
37334778
37335698
37335879
37343204
37344275
37345669
37348922
37350948
37352389
37352476
37355486
37357851
37364156
37364158
37364232
37369457
37373171
37374289
37374338
37386023
37392767
37400141
37401109
37403699
37405002
37409251
37410972
37417313
37417899
37419557
37424193
37433466
37433888
37437144
37444559
37444637
37445731
37446932
37452600
37455182
37458152
37458275
37458522
37461149
37466791
37470921
37473892
37477404
37477913
37478552
37478666
37479689
37482749
37483610
37491596
37499251
37499639
37504287
37505499
37506329
37507910
37508582
37509693
37513926
37519790
37526097
37530550
37533438
37533985
37534159
37534686
37535876
37540271
37543207
37543210
37543582
37543586
37544359
37545048
37546400
37555268
37565534
37568570
37569841
37570213
37572175
37576670
37576936
37577680
37578595
37578745
37582124
37583001
37584204
37590148
37590898
37595284
37600581
37605122
37608030
37609641
37611431
37612270
37614154
37616543
37619846
37620872
37627054
37628868
37629023
37632946
37634281
37637599
37639010
37643378
37645429
37646022
37647391
37647938
37656784
37657227
37662310
37665297
37671312
37672258
37673974
37675898
37683921
37686562
37686659
37689827
37690975
37695168
37695851
37700448
37706179
37708867
37716647
37720173
37724848
37725109
37725905
37727982
37730278
37730481
37732735
37733309
37735514
37736078
37740653
37742132
37743598
37744307
37745303
37746754
37752023
37760406
37760447
37760556
37760573
37764362
37771077
37773629
37775019
37775523
37776537
37788106
37790750
37791907
37793888
37803212
37804006
37809108
37811916
37814056
37816788
37827067
37834222
37834284
37837178
37851243
37853469
37859987
37866812
37870738
37870961
37872712
37879765
37886242
37886935
37894325
37895015
37900238
37900828
37903392
37904611
37905233
37908458
37918362
37920169
37922690
37922948
37923078
37924529
37924647
37924953
37927219
37940765
37943120
37943239
37948895
37953496
37958416
37961267
37962220
37962682
37964967
37965433
37966682
37966914
37967234
37969652
37969845
37971411
37972012
37973552
37976733
37978795
37981300
37983279
37985676
37989341
37989409
37990886
37990891
37996169
37998732
37999148
38001654
38002585
38004388
38019223
38021761
38025833
38026745
38027240
38029480
38039778
38040818
38047109
38050369
38051975
38057461
38058036
38058071
38061750
38066305
38066633
38067230
38071720
38074649
38078628
38082106
38086758
38088189
38092013
38096472
38099495
38100030
38106051
38110823
38111303
38111371
38112201
38113329
38113409
38113749
38113780
38116848
38124787
38127894
38128404
38130275
38134955
38136294
38136350
38138211
38138441
38139338
38147597
38147740
38148327
38148884
38150000
38150037
38155379
38167503
38168084
38168366
38173102
38173291
38177660
38179547
38181312
38183457
38188365
38191609
38192629
38195220
38198485
38201012
38201408
38201541
38202120
38203795
38204997
38205001
38213996
38215251
38217014
38217945
38219188
38221928
38222175
38223096
38226606
38229767
38232513
38235944
38238163
38241826
38246222
38248787
38252285
38252936
38256402
38261444
38263136
38264797
38266090
38269311
38269481
38275291
38275886
38278009
38278874
38282867
38283732
38284248
38288458
38288865
38290359
38290660
38293276
38296628
38300401
38303349
38305404
38312748
38323558
38325268
38327091
38327604
38329690
38333370
38339344
38340027
38341587
38342905
38343359
38344591
38347938
38348572
38348829
38357200
38357801
38360051
38361348
38362771
38366182
38366204
38370458
38371226
38372057
38372437
38380848
38389257
38394466
38394545
38395926
38396916
38398128
38405632
38406519
38406543
38409889
38417222
38423222
38424736
38425426
38426487
38429142
38429301
38429896
38436206
38446982
38450188
38451831
38453411
38455129
38455982
38471994
38472212
38473384
38476918
38479107
38484692
38491825
38494749
38494972
38503018
38504068
38510242
38512604
38521609
38523924
38525831
38529368
38529375
38532250
38532456
38532782
38538919
38539463
38539548
38540091
38541077
38546723
38547780
38553360
38556167
38564084
38564430
38572079
38576288
38576565
38579072
38586706
38590382
38592721
38593698
38594618
38598020
38601651
38601760
38603652
38603653
38603866
38606111
38607456
38613911
38614086
38615253
38617091
38622136
38622197
38627602
38630384
38630926
38631706
38631859
38636162
38638850
38641160
38645202
38650135
38650694
38656617
38659202
38659913
38662982
38664891
38677764
38679315
38684491
38691346
38696125
38696743
38696857
38698060
38698170
38700584
38704301
38709118
38709419
38709445
38711893
38712112
38715777
38716076
38716655
38719253
38723373
38725995
38726195
38728364
38728872
38733671
38736490
38739109
38741697
38741773
38742856
38743809
38743828
38747381
38750011
38751033
38753385
38755661
38756640
38759471
38766698
38768941
38769450
38770647
38771344
38774401
38775148
38777565
38778340
38779189
38779720
38780742
38781546
38784952
38786299
38790156
38791222
38791574
38791902
38794818
38795180
38796386
38797942
38804700
38806993
38808271
38814411
38816264
38816924
38818506
38820503
38820929
38821628
38822175
38824097
38829662
38833145
38839106
38845144
38845274
38846974
38849010
38850505
38853441
38854737
38858379
38859602
38866669
38867257
38868979
38869444
38870874
38872331
38873934
38875469
38878209
38879442
38881068
38884947
38886160
38886331
38894534
38898604
38901199
38907159
38909731
38918666
38919805
38921956
38922339
38925831
38926774
38936891
38940753
38941191
38941889
38945004
38946192
38950005
38952125
38952672
38953895
38962037
38962052
38962055
38962168
38965534
38971186
38972133
38977143
38977151
38981632
38982444
38986479
38990526
38999138
39001288
39001376
39001384
39001489
39003365
39005128
39009221
39009670
39012389
39015955
39018206
39018217
39018633
39020500
39023583
39026636
39032005
39036436
39037715
39039662
39040442
39045273
39046546
39047144
39051320
39051667
39052013
39057171
39066951
39068592
39070550
39071317
39072179
39073010
39077892
39081697
39086078
39086414
39094577
39099762
39107839
39109286
39115053
39115059
39119381
39125519
39136897
39137048
39138097
39139611
39145064
39149852
39158090
39160463
39162997
39165562
39167168
39171578
39172059
39172230
39173562
39175042
39175203
39177935
39182666
39183149
39191495
39191597
39193688
39197669
39198241
39200941
39207001
39214459
39216028
39216175
39218919
39220131
39223665
39224677
39225598
39232122
39234402
39238508
39245296
39246028
39250634
39254832
39255538
39263130
39264473
39266348
39266397
39268146
39271502
39272320
39272837
39278941
39279775
39279928
39282524
39288226
39288755
39300378
39306044
39307987
39310595
39312865
39313594
39315864
39316222
39324010
39324488
39329961
39334445
39335105
39336882
39336897
39337055
39337557
39340537
39342349
39345461
39363900
39364024
39368145
39374099
39376796
39380869
39383771
39384982
39385899
39387479
39387972
39389004
39391046
39392364
39399174
39400963
39414592
39416185
39420942
39421183
39422185
39427441
39436655
39436710
39437750
39445676
39447455
39450987
39455810
39456063
39456573
39456686
39457016
39461261
39464719
39467959
39471018
39473730
39475660
39479802
39483692
39487855
39487939
39498902
39502313
39507030
39507034
39508497
39513946
39516363
39529955
39533816
39538135
39541427
39545749
39554172
39555453
39560953
39562199
39572200
39574163
39576946
39581242
39581457
39582535
39583362
39588764
39589053
39591358
39592527
39596009
39596583
39609187
39609824
39616778
39617757
39618199
39626159
39627078
39628355
39629857
39630848
39635441
39637338
39640311
39640522
39641230
39641699
39643749
39644127
39654056
39654184
39654520
39656586
39664200
39667566
39668671
39671021
39673834
39678423
39678775
39682270
39684685
39687148
39687984
39693368
39709902
39711503
39719040
39722096
39722266
39723589
39724464
39727691
39727942
39729136
39732313
39735251
39740847
39740863
39743286
39743478
39744439
39751654
39751690
39754385
39759155
39759653
39761503
39762715
39763857
39765435
39765794
39766040
39766280
39774818
39776534
39776585
39779412
39788129
39795195
39797148
39800382
39807600
39808502
39810544
39811421
39813282
39816555
39821273
39822776
39824992
39827294
39830741
39830765
39835134
39835834
39838328
39839763
39841015
39841180
39850766
39855945
39856157
39856649
39857025
39859367
39863775
39866931
39867731
39869443
39871343
39873177
39873776
39879863
39881758
39883337
39884005
39884594
39886207
39894218
39896835
39897423
39900703
39900746
39901172
39903643
39907662
39907878
39910160
39911823
39914026
39914655
39918334
39918770
39924483
39929672
39934467
39934865
39935431
39935752
39935827
39939139
39940799
39940949
39941768
39943800
39944829
39945510
39948194
39950095
39950666
39953610
39955452
39958882
39959667
39961465
39964758
39968494
39973323
39973442
39976897
39979881
39980562
39983065
39984334
39985108
39990136
39991926
39995561
39995769
39996388
39996468
40001243
40001285
40002790
40014187
40015111
40019725
40020669
40024937
40028210
40028330
40033546
40033809
40034953
40036344
40036483
40037361
40042809
40045459
40050757
40053897
40056327
40057604
40057687
40069844
40075589
40075837
40078188
40080754
40081858
40082212
40088330
40092928
40093098
40097366
40100316
40101749
40101830
40102082
40102611
40104449
40105971
40106536
40111124
