7481765
7490091
7493013
7493024
7519878
7545954
7550308
7550331
7550349
7553629
7563180
7563197
7581362
7587108
7587109
7590247
7606717
7611277
7611288
7627958
7648160
7656596
7658809
7663517
7675458
7713491
7749139
7753812
7759075
7769911
7774924
7774925
7774927
7791869
7795632
7795636
7795652
7795653
7820489
7825587
7829067
7833928
7837387
7845668
7852187
7855586
7861459
7866981
7869550
7874107
7874108
7874485
7880596
7891762
7894474
7894491
7894492
7894493
7904689
7907678
7907942
7915813
7939630
7939650
7942844
7951316
7954448
7977348
7987315
7987831
7997258
8024576
8069304
8075631
8093792
8097005
8116621
8116622
8168077
8169978
8173065
8244378
8244379
8244380
8281142
8460635
8460637
8460646
8531967
8531968
8531977
8533757
8533776
8550241
8554067
8558713
8559544
8563759
8564955
8566965
8571953
8573462
8575748
8589706
8589721
8589722
8589723
8595420
8595428
8600523
8602196
8602197
8602198
8602199
8603070
8604357
8605099
8606385
8609789
8613999
8616748
8616762
8622478
8630282
8632895
8634696
8634697
8634698
8637708
8640808
8642955
8644702
8644703
8644752
8648868
8651293
8653694
8656439
8673120
8673121
8674039
8674108
8676668
8684125
8684166
8695765
8698242
8700509
8700521
8700535
8707299
8709756
8722746
8723683
8747927
8751436
8751855
8755940
8755943
8760307
8761410
8764100
8764110
8776600
8780884
8780885
8786111
8791126
8806241
8807330
8808710
8828444
8833256
8840964
8841191
8841747
8872468
8874470
8875189
8875917
8875986
8880569
8895509
8898735
8898983
8900426
8910495
8917547
8921387
8933332
8938427
8942979
8944023
8944024
8946903
8949022
8954804
8955125
8956054
8957093
8968102
8968716
8972225
8975707
8988162
8990212
8990217
8996544
8998184
9000507
9008167
9010228
9010238
9012404
9017003
9018120
9028816
9041180
9042907
9042908
9042909
9063481
9063749
9064396
9077645
9090499
9091664
9091675
9099656
9102202
9115959
9115962
9121124
9121519
9121520
9121521
9121522
9121523
9121524
9122215
9133444
9134530
9145676
9145677
9145678
9148160
9150148
9150149
9150150
9150151
9150153
9150154
9150171
9150173
9150174
9155062
9155518
9159119
9159158
9167459
9168735
9171368
9171821
9179070
9180858
9192828
9192995
9197534
9201250
9201670
9207057
9207798
9212093
9215675
9215771
9218874
9221812
9228429
9228430
9240915
9241077
9244350
9253520
9254622
9254884
9261099
9267023
9269993
9269994
9274454
9283605
9285788
9288052
9288771
9290954
9291910
9296497
9299260
9326340
9333265
9335037
9337356
9342365
9345101
9354803
9355572
9360844
9361038
9361452
9362169
9362443
9367693
9391879
9398051
9399889
9406579
9408754
9417630
9418320
9425226
9429140
9440731
9443863
9450187
9450863
9452076
9452081
9452084
9452097
9454883
9467943
9469320
9469321
9470821
9482581
9482880
9489482
9491884
9494611
9497246
9497265
9504233
9508180
9510469
9515792
9516977
9519877
9523200
9525870
9528852
9528858
9529600
9530348
9535786
9536083
9538156
9538157
9544765
9544766
9544772
9553742
9554503
9563465
9579428
9582019
9585608
9585617
9586874
9586917
9592181
9592184
9592202
9598872
9598958
9599078
9605638
9605646
9605807
9608943
9609997
9616287
9616755
9619832
9620724
9625172
9625177
9625424
9625861
9629192
9634504
9639385
9640224
9643283
9643825
9647529
9649133
9650154
9652604
9652611
9653432
9654203
9655254
9662340
9662397
9663595
9664122
9665148
9665150
9666805
9667259
9667663
9669814
9677103
9679765
9683359
9683786
9683810
9688316
9689938
9695977
9698609
9699523
9699640
9699648
9701363
9703501
9714446
9716060
9719086
9719625
9735416
9738006
9743298
9746028
9751118
9758598
9759367
9760198
9764635
9765620
9774970
9778046
9779276
9781026
9781059
9786365
9788437
9788724
9789027
9790407
9790538
9790802
9792861
9796697
9796975
9798686
9802263
9802282
9805131
9808526
9809029
9809041
9811458
9815648
9816013
9832560
9832899
9836072
9836472
9838122
9839523
9840523
9840533
9842965
9845764
9867368
9872327
9872332
9890178
9890972
9892727
9893667
9915971
9916952
9921907
9926942
9927062
9950212
9988226
9988281
10026184
10029077
10029436
10029450
10036974
10037104
10050867
10052688
10053113
10064388
10064397
10065429
10070866
10070948
10071299
10074913
10076219
10080590
10085126
10087311
10087939
10090482
10090719
10090879
10090881
10096590
10098775
10167173
10167176
10167179
10188893
10189988
10193517
10195418
10196224
10196379
10197592
10198641
10203282
10204860
10205268
10205276
10206068
10207641
10207644
10208417
10213514
10213572
10220405
10221342
10227398
10319850
10319859
10323242
10326698
10326710
10328242
10329379
10334549
10334989
10337991
10340909
10343884
10344217
10344722
10353781
10354832
10356923
10359538
10359546
10367887
10369075
10371343
10371344
10372578
10373498
10373534
10376643
10376644
10388472
10389907
10398279
10403822
10406662
10408690
10413426
10413427
10417300
10417303
10417779
10422801
10424783
10424822
10426999
10430073
10430798
10432928
10435598
10435628
10436674
10441573
10441598
10442317
10444347
10447273
10449599
10449606
10451451
10451452
10459348
10464601
10464624
10464630
10464631
10464632
10464641
10464643
10464672
10467410
10469748
10469755
10469756
10477523
10479726
10480351
10480358
10486320
10487631
10489161
10490643
10498392
10498869
10505028
10505039
10506595
10507777
10507848
10508480
10510943
10518542
10523726
10525392
10526666
10526669
10528224
10528853
10531328
10542266
10545082
10546591
10549283
10550055
10550129
10550164
10550169
10553024
10560359
10561241
10571952
10571958
10573018
10575584
10577931
10577940
10580847
10584720
10584867
10593998
10595255
10595257
10595259
10595268
10597248
10597265
10600309
10602489
10609497
10612497
10612800
10612843
10615237
10620440
10630642
10634513
10635334
10639738
10644434
10644742
10652533
10652564
10655477
10657950
10660329
10660629
10662541
10665596
10665701
10667217
10667592
10667595
10668218
10676562
10679919
10682662
10682686
10684698
10684699
10684722
10685639
10686936
10690375
10694571
10696733
10699917
10704738
10709098
10713690
10717622
10720440
10724175
10725406
10728676
10728699
10728701
10730905
10733239
10737987
10739701
10739756
10741697
10749023
10749897
10749912
10753122
10755399
10762009
10764811
10769725
10770566
10773820
10773883
10782928
10783165
10788334
10790213
10790221
10792030
10794360
10794361
10797299
10797419
10799749
10800284
10802632
10803459
10804288
10805950
10805951
10806298
10806355
10810408
10811118
10811497
10811679
10815696
10818594
10818710
10819530
10819532
10819533
10819534
10819535
10819536
10819537
10824194
10827109
10835497
10841315
10843985
10851077
10852372
10854793
10855792
10860223
10862036
10862044
10862052
10862837
10865295
10865296
10865297
10865683
10866028
10866029
10866324
10868478
10872502
10874312
10880552
10881179
10882335
10882857
10882858
10884389
10885351
10885601
10889864
10894872
10896846
10897034
10902618
10903898
10910057
10910365
10917555
10918170
10918303
10918394
10926816
10928095
10928918
10928993
10929847
10931243
10932184
10933056
10937043
10938285
10943845
10945492
10945975
10946236
10946349
10946614
10948320
10951344
10952774
10952777
10954253
10954590
10961349
10962436
10962562
10962568
10963002
10964110
10968458
10969800
10972993
10978226
10980533
10980541
10985371
10985881
10991937
10995809
10996734
10998593
11003560
11003642
11004669
11004687
11006035
11013085
11013276
11013444
11013445
11013448
11014818
11015464
11016617
11016625
11016938
11016951
11022626
11027532
11029525
11030417
11030418
11032914
11034064
11034065
11034101
11039575
11042697
11044354
11044356
11044644
11044645
11050427
11050918
11056686
11056688
11058866
11058900
11059339
11060334
11060335
11060336
11060337
11060338
11063672
11067843
11070646
11072151
11072248
11073541
11077440
11084537
11090615
11091610
11091655
11091753
11097234
11100109
11100717
11102977
11102978
11102986
11104622
11106241
11109172
11112219
11113439
11114888
11115532
11118345
11118465
11118466
11129340
11130383
11133358
11136250
11137998
11139249
11139251
11142757
11149413
11149425
11156529
11156530
11157798
11159737
11162473
11163768
11164320
11169568
11170347
11170749
11170903
11172592
11173101
11173152
11173867
11175350
11179017
11179671
11180449
11180585
11180603
11180604
11181458
11181654
11183185
11185074
11185523
11191790
11192759
11196174
11199332
11207040
11208888
11216667
11231326
11234491
11237395
11239454
11239959
11240689
11244506
11248061
11248423
11250679
11250682
11250695
11250722
11250741
11250747
11251173
11251181
11256609
11257103
11260866
11263939
11275508
11278247
11278964
11283658
11284038
11284041
11295099
11301010
11304778
11307153
11309330
11313470
11313879
11313975
11314429
11318904
11320250
11325386
11331335
11332051
11332994
11334729
11336395
11336454
11336456
11339650
11346189
11352856
11352857
11353843
11358831
11358863
11359908
11371136
11371630
11373105
11376024
11376699
11377596
11380364
11384963
11385711
11389159
11391658
11394910
11397923
11400546
11403219
11405179
11406561
11407860
11410501
11410514
11420664
11424920
11425380
11426450
11428389
11429050
11431698
11433401
11434389
11436123
11436293
11437066
11437099
11437105
11437399
11437933
11443609
11443730
11447881
11448907
11451557
11453973
11454686
11462232
11462239
11462242
11463009
11463017
11466627
11466700
11471489
11474660
11477142
11479238
11481082
11493692
11493753
11494042
11494157
11497291
11498787
11504724
11504763
11504767
11506493
11508855
11510120
11519868
11521194
11525763
11526114
11529589
11535547
11536045
11550168
11556835
11556836
11562114
11562742
11566341
11573079
11573085
11573086
11576847
11585421
11585435
11585672
11590429
11593018
11593420
11595708
11597388
11606101
11641785
11644837
11656642
11668223
11668617
11687899
11689934
11691781
11693810
11698567
11701949
11704836
11707511
11709053
11709723
11710835
11710890
11712780
11715007
11716649
11720473
11720839
11720902
11733219
11733976
11739404
11746496
11748305
11748848
11751867
11757317
11759816
11766733
11773071
11773283
11777930
11781149
11781691
11781837
11782371
11784554
11786581
11790560
11792738
11793480
11795532
11798746
11801872
11802208
11802209
11807777
11807889
11807980
11810084
11815404
11822793
11831607
11832208
11835392
11836499
11836613
11840496
11844822
11846741
11848488
11856892
11857015
11857083
11857409
11857748
11857749
11859716
11859870
11860053
11870156
11870509
11873550
11877378
11877386
11879553
11879560
11879563
11880951
11888924
11889595
11889597
11890937
11894135
11896095
11896751
11899391
11900216
11900881
11904923
11916966
11920551
11920621
11920628
11920643
11921186
11921193
11925436
11927492
11927591
11933198
11933205
11943588
11949836
11950848
11953874
11956270
11956301
11956590
11964925
11967536
11972384
11975969
11981002
11983207
11988246
12006538
12007222
12007633
12011077
12011131
12014998
12019146
12019214
12020440
12023992
12023993
12024016
12024039
12030901
12032322
12034536
12037674
12039933
12039951
12042957
12048272
12052018
12053566
12060539
12063435
12064337
12069082
12070248
12070551
12080089
12082091
12082635
12086871
12087077
12088120
12096075
12096084
12096901
12097257
12097288
12100744
12101413
12101561
12108833
12112655
12112659
12114493
12124328
12124354
12124814
12125210
12140760
12142080
12149654
12151180
12154023
12161606
12161607
12161611
12170759
12170778
12181777
12183412
12188064
12189215
12191538
12191635
12195423
12197480
12203372
12203994
12203997
12204006
12212615
12214252
12215246
12215247
12215249
12215250
12215251
12217765
12220453
12223423
12228218
12229875
12229876
12234376
12237273
12237281
12237282
12237285
12239151
12241952
12242698
12353239
12353262
12353265
12354784
12354934
12357330
12359199
12359859
12359861
12360400
12360411
12362311
12362976
12370825
12375043
12375049
12376518
12381714
12382193
12383682
12385650
12393792
12394347
12394348
12400015
12402332
12402341
12404104
12409058
12409590
12412159
12414821
12419249
12427729
12427738
12429929
12429997
12431973
12431996
12437078
12438214
12442265
12442273
12442274
12442275
12448327
12453858
12455067
12457141
12457999
12459499
12460933
12464350
12464584
12464649
12470655
12473173
12473589
12475923
12481264
12483515
12485194
12485996
12490973
12491499
12491828
12496474
12496476
12496477
12496478
12497638
12505256
12509391
12509456
12521547
12527903
12530459
12531609
12531920
12533509
12543786
12543797
12546697
12546807
12548593
12549011
12552965
12555066
12559046
12566964
12567413
12568865
12576338
12578828
12582017
12585668
12592385
12599199
12601471
12607598
12610208
12611456
12611459
12611903
12624153
12637547
12640109
12642502
12644538
12644778
12645254
12646176
12647291
12649099
12649339
12654199
12655560
12668603
12670888
12673274
12673648
12673801
12674632
12676906
12676907
12677558
12680164
12682913
12684687
12690474
12691152
12696073
12697859
12698193
12698194
12698198
12700174
12700228
12704633
12704636
12706836
12711845
12717416
12721241
12722403
12727813
12732733
12748281
12750242
12750261
12754622
12754741
12759395
12759930
12760071
12760072
12767038
12767931
12773400
12774040
12774043
12777742
12779087
12779088
12784290
12787778
12801723
12802282
12810625
12815598
12815601
12815604
12819403
12827452
12832489
12833555
12834609
12837830
12837841
12837842
12837843
12838319
12843322
12845657
12847614
12849591
12853213
12856882
12862187
12865453
12872252
12872263
12872265
12879478
12884236
12887776
12887909
12890688
12890739
12893227
12894890
12909625
12911837
12915453
12915465
12917330
12920083
12920090
12923317
12925972
12928470
12934101
12934104
12937835
12938098
12941823
12943812
12946038
12947386
12947551
12953090
12955082
12955088
12955716
12955719
12957542
12957799
12957814
12960221
12960223
12966421
12967657
13679996
14502648
14506147
14506230
14507240
14513821
14516936
14517203
14517958
14518257
14519755
14522380
14527905
14531499
14534301
14534871
14550570
14551306
14555511
14559807
14560035
14569140
14572152
14574155
14576434
14578343
14580253
14580256
14581427
14583096
14583453
14600100
14601029
14612409
14613551
14614327
14630541
14633957
14636569
14638690
14644329
14645421
14647430
14647443
14648706
14648718
14654789
14654792
14658222
14658447
14660588
14666193
14668548
14672397
14673037
14678969
14680492
14680495
14684619
14689060
14694444
14701743
14709649
14709734
14709740
14710355
14711411
14712086
14716783
14718789
14722926
14729053
14729266
14729590
14729816
14732180
14732925
14735173
14735581
14743504
14746861
14751517
14755459
14757871
14758382
14758817
14760071
14761918
14767544
14871808
14871973
14961556
14965559
14966099
14968737
14973102
14976165
14978302
14981099
14981104
14981106
14983014
14984472
14985394
14986435
14986830
14987363
14990569
14994235
15001988
15004537
15009718
15010292
15015485
15015615
15018955
15022973
15024741
15026477
15026808
15034933
15039599
15041722
15047740
15053071
15053073
15059511
15060102
15065664
15066328
15067026
15067565
15073127
15082902
15083174
15084242
15084581
15087457
15096610
15104281
15107825
15113441
15114373
15117986
15118412
15122325
15123655
15125843
15126609
15126610
15131084
15131356
15131400
15131401
15131402
15133502
15133503
15138457
15138484
15138485
15138940
15140283
15140371
15142446
15144764
15146556
15146557
15149879
15159303
15159322
15159397
15162061
15162129
15164000
15166217
15168169
15170666
15172985
15173085
15173236
15175241
15184379
15187254
15189080
15190129
15197194
15197353
15199145
15205325
15208652
15208681
15210348
15217503
15220350
15235020
15236312
15240778
15242590
15242757
15251168
15252835
15254237
15254397
15254414
15254424
15256476
15265711
15265971
15280182
15280660
15281304
15282296
15283579
15284715
15285306
15286163
15289302
15290653
15292392
15300854
15301716
15307445
15307796
15310772
15317748
15319244
15331870
15331871
15340362
15343273
15345109
15345110
15345111
15350310
15353005
15365993
15367553
15367667
15368961
15374957
15378542
15381448
15382059
15382066
15383145
15383404
15383421
15385441
15386425
15386791
15447980
15448696
15449557
15449954
15451348
15459717
15477862
15478194
15485898
15485915
15485917
15492509
15496401
15505627
15507170
15515971
15519522
15520196
15532023
15533724
15533909
15543618
15545746
15545966
15546503
15547178
15550590
15552838
15557797
15557806
15558796
15559734
15563594
15564800
15569676
15571721
15571962
15576260
15576832
15581943
15589157
15589605
15591126
15591272
15591324
15598752
15598764
15598789
15603758
15604630
15604634
15607317
15609132
15609993
15617999
15622557
15622558
15633195
15637295
15640022
15642173
15654225
15654226
15665273
15668291
15668505
15674350
15681486
15683621
15687544
15687545
15687546
15687547
15687548
15687549
15687550
15687551
15687552
15687553
15687555
15687685
15689452
15690408
15691514
15695235
15705879
15709182
15712267
15717000
15723343
15726418
15726604
15727244
15727245
15728161
15728167
15733268
15734957
15735322
15735702
15735739
15743496
15743497
15744030
15744044
15750629
15756439
15767527
15770521
15772983
15777502
15777733
15781624
15782115
15784691
15785095
15790432
15792855
15796958
15797026
15799620
15800311
15802279
15803125
15803127
15809716
15811849
15816544
15824179
15827311
15829246
15831101
15832305
15834241
15846789
15857031
15857187
15857416
15863145
15863656
15863659
15863663
15865297
15868446
15868448
15872055
15876480
15876585
15879497
15880530
15883839
15886201
15887246
15888396
15889636
15894656
15894690
15899382
15900600
15905410
15905643
15914269
15917310
15918047
15921010
15923272
15930334
15937602
15940267
15942690
15944772
15951955
15951956
15951957
15951958
15951959
15951973
15955237
15955690
15959652
15965487
15967981
15970701
15972278
15975711
15983021
15983032
15986445
15987451
15990270
15990899
15994864
15994865
15994867
15994883
15998910
16014699
16026807
16030426
16032702
16033833
16033919
16044500
16047333
16047344
16049805
16051027
16051332
16052033
16052221
16052489
16061562
16061635
16084122
16084575
16085232
16088935
16098011
16098462
16099593
16101277
16103107
16103751
16108063
16109739
16116421
16116424
16129371
16137750
16137751
16140006
16148211
16155798
16155942
16158938
16161633
16162645
16165098
16166645
16168118
16168130
16169122
16169426
16170356
16170371
16171943
16172191
16174860
16185777
16188301
16195944
16204043
16204436
16205648
16208422
16211273
16211554
16217032
16219930
16219936
16222692
16227521
16229746
16234499
16234515
16240122
16241993
16244359
16244786
16254187
16258266
16260778
16261399
16261400
16261409
16271956
16276656
16280041
16283620
16284991
16287141
16288014
16288312
16293160
16314623
16314625
16319974
16319990
16322115
16322207
16322213
16324400
16326698
16331276
16331614
16334138
16334977
16337408
16341803
16341810
16357146
16357170
16357511
16357529
16360812
16361631
16365001
16369438
16370446
16389418
16391231
16397213
16403807
16404418
16407858
16417649
16417652
16428516
16433698
16434589
16434590
16434996
16436012
16445371
16446310
16446344
16447474
16450717
16451773
16452188
16452194
16452195
16452249
16452482
16454559
16455195
16456781
16457150
16457692
16460311
16462773
16464572
16465413
16469160
16473884
16475207
16477874
16479151
16484695
16489000
16489001
16491617
16507150
16509964
16510328
16510331
16515585
16515586
16515589
16518693
16521688
16522651
16523689
16528604
16528611
16528612
16530420
16533589
16533773
16537453
16537697
16538216
16541315
16543155
16543242
16544996
16547092
16549849
16549852
16551709
16551851
16563154
16567799
16570289
16575464
16582598
16582871
16585167
16598475
16604491
16612057
16616110
16618730
16619214
16619485
16619800
16622123
16628214
16630610
16632699
16633366
16636335
16639080
16644204
16648044
16650962
16651405
16675955
16677609
16679866
16680901
16683254
16685647
16687925
16698035
16707425
16707442
16714450
16715518
16718381
16720823
16721040
16724247
16724249
16724273
16735508
16736282
16737811
16738325
16739340
16741564
16758124
16758466
16759848
16760288
16760289
16769276
16772120
16773440
16777318
16782705
16782939
16786532
16792513
16793127
16793929
16801631
16804803
16807234
16807675
16813611
16818497
16818604
16818684
16825437
16826315
16826413
16829658
16830385
16835342
16835343
16835424
16835750
16837909
16843109
16843262
16846527
16847550
16860316
16861894
16865561
16869742
16872788
16875939
16880780
16896052
16905680
16906222
16909138
16909428
16912201
16912212
16914727
16919882
16922407
16922722
16924440
16931905
16939956
16940443
16940470
16941470
16943438
16944269
16945238
16949048
16962648
16965326
16969086
16969499
16969872
16973716
16978908
16979166
16980226
16980814
16982732
16996204
16998496
16998498
16998499
16998500
16998501
16998503
16998791
17001151
17004108
17005433
17007089
17007555
17011978
17016441
17018160
17020472
17021353
17024228
17024668
17027345
17028982
17039264
17039893
17043641
17045473
17047656
17051349
17061047
17063074
17063264
17063265
17063270
17063491
17068806
17070800
17071074
17073553
17076205
17079251
17080309
17081667
17081965
17081976
17095205
17096023
17100990
17100994
17105822
17106239
17109443
17119064
17131039
17135280
17138902
17145824
17145825
17145961
17146760
17148771
17151928
17159191
17161371
17162794
17163862
17164453
17171685
17172936
17174087
17180310
17185394
17187672
17196508
17203892
17205501
17213823
17213827
17217814
17219973
17220212
17220342
17220345
17221156
17229870
17235045
17235212
17243094
17244477
17245541
17250664
17250666
17253935
17255289
17259345
17262179
17264521
17278098
17279547
17283126
17285126
17288454
17289874
17296808
17301259
17305420
17307353
17307836
17308087
17311832
17317153
17318223
17319787
17321670
17333342
17333343
17334399
17341306
17341484
17342152
17342305
17346477
17347845
17350580
17350581
17351952
17363841
17373631
17374731
17379580
17380889
17392432
17397054
17400795
17403394
17404506
17405295
17405987
17406573
17406974
17408542
17413421
17416765
17416853
17418009
17420471
17420720
17426707
17428325
17428466
17434164
17438603
17445839
17452776
17453335
17453369
17458694
17466083
17471565
17484040
17492376
17493881
17496925
17497650
17497962
17497966
17505062
17505536
17505559
17507615
17510441
17511879
17520345
17525340
17525341
17525342
17531442
17532207
17541692
17541742
17545591
17551255
17557253
17561994
17562079
17570734
17574969
17579243
17582599
17585057
17591842
17591843
17591844
17592676
17599361
17603881
17603999
17611353
17612526
17616687
17617523
17620310
17621610
17621726
17623800
17624602
17625123
17625228
17626182
17627006
17629551
17635951
17636421
17636422
17636424
17636425
17640328
17643121
17643122
17646271
17653086
17659869
17661168
17661172
17661812
17663789
17664283
17671173
17673443
17674198
17678435
17680524
17683622
17686308
17688236
17694537
17697535
17700386
17707537
17718857
17718858
17719744
17722998
17760956
17764113
17766039
17789966
17803681
17848944
17850627
17850658
17851763
17868747
17873885
17885670
17902052
17909202
17909205
17910036
17912255
17916242
17917138
17917144
17917796
17921118
17922032
17922257
17922413
17924331
17925560
17928608
17932744
17933033
17940826
17942895
17949286
17952592
17956347
17968145
17969078
17972172
17972177
17982490
17987116
17987791
17988821
17990525
17993233
17996703
17997147
17998696
18000213
18000219
18006916
18006949
18025037
18026853
18026875
18030340
18030615
18034184
18036263
18036997
18040054
18042939
18045956
18060491
18060494
18071589
18071904
18074135
18074347
18077395
18083712
18086785
18087219
18090912
18092194
18094417
18094425
18095152
18095153
18095154
18097605
18097771
18098285
18155199
18157792
18158280
18158561
18159056
18162055
18163127
18165636
18165637
18165638
18171601
18171670
18172292
18175216
18176857
18179693
18182601
18182994
18187487
18195327
18196574
18196591
18197009
18197258
18200524
18204050
18205043
18208621
18208856
18215206
18219587
18228134
18230020
18230721
18235242
18237251
18240998
18241344
18242166
18243530
18255133
18256760
18257128
18259752
18268356
18269736
18269778
18270717
18270812
18273839
18275599
18276013
18278587
18279628
18280644
18283561
18284688
18285832
18285836
18286383
18288593
18296025
18298804
18302019
18302307
18309013
18311584
18312450
18330910
18334730
18340530
18341607
18343216
18343512
18343994
18344704
18345034
18347905
18355772
18362067
18366960
18369605
18369654
18373403
18373407
18375767
18375895
18377656
18379596
18381935
18384426
18385162
18391021
18392852
18394172
18397521
18400253
18402691
18402708
18403564
18405391
18410217
18413372
18413374
18413725
18414782
18416054
18416131
18417966
18424508
18429825
18431501
18431737
18439109
18443292
18443409
18446436
18449940
18451150
18451254
18452305
18456714
18461147
18462360
18465347
18466632
18472232
18474296
18477803
18479882
18481164
18483851
18483852
18489799
18493658
18495568
18497862
18500671
18501021
18501503
18504652
18509731
18512148
18513387
18514188
18516675
18521744
18523885
18528753
18538349
18542066
18543099
18545657
18546071
18546621
18558292
18559571
18559594
18567944
18588899
18591560
18591931
18593910
18594935
18596218
18611907
18624259
18625847
18627636
18642075
18642447
18645608
18646247
18647968
18649131
18652227
18662409
18663745
18676251
18679827
18679828
18679829
18680205
18682421
18688698
18693280
18694767
18695886
18695986
18702262
18703154
18703817
18704680
18704682
18710587
18711133
18712473
18717574
18717684
18720553
18723483
18728395
18752448
18757339
18757409
18758995
18759965
18762988
18763032
18765304
18776923
18779604
18779610
18781154
18782836
18783588
18787910
18790625
18798010
18798071
18804494
18812547
18812548
18813953
18817338
18819001
18821011
18824701
18835712
18841336
18842997
18844490
18851829
18855126
18927495
18930998
18936166
18940477
18946749
18950515
18953404
18955455
18957670
18971141
18971340
18973698
18978334
18980973
18990739
18990759
18992264
18997820
19001322
19001859
19002265
19010876
19010915
19010922
19011960
19012002
19012246
19015238
19015730
19016350
19016756
19018088
19029836
19035454
19035463
19042265
19042271
19047089
19048111
19054005
19060844
19061202
19061860
19067158
19067236
19071013
19072564
19073505
19073515
19074549
19074868
19079346
19083124
19084553
19087709
19088202
19088722
19098428
19098453
19102642
19110958
19112076
19117993
19119312
19120025
19123044
19126406
19139771
19140177
19140568
19141781
19146767
19147582
19164445
19168207
19170108
19174575
19174581
19180529
19184534
19188187
19188440
19188703
19189213
19190154
19190334
19197335
19200354
19208665
19210013
19210733
19211447
19214744
19214961
19215246
19215791
19223505
19223511
19226467
19241424
19244116
19246281
19248143
19249193
19258448
19261746
19261748
19261749
19263514
19268590
19269198
19270496
19274767
19277124
19287951
19287957
19289372
19298662
19307946
19320659
19324993
19329713
19333003
19333752
19336560
19336573
19338681
19338682
19340312
19350356
19352458
19357644
19359128
19360465
19361418
19364506
19366445
19366906
19370414
19370767
19372557
19372713
19374244
19374245
19375487
19377795
19379506
19381686
19383375
19389812
19390427
19390990
19391190
19393826
19399343
19403657
19404736
19405874
19405875
19405878
19415121
19428384
19435195
19441445
19442054
19442256
19445691
19452558
19454503
19459031
19462222
19466541
19471317
19484476
19489266
19491284
19491894
19492866
19493677
19499246
19504183
19504351
19509300
19514364
19514368
19519295
19522853
19523210
19531582
19541683
19542080
19543094
19543244
19543972
19548527
19551867
19559722
19563646
19564533
19568323
19572197
19577280
19584259
19584272
19585236
19594371
19597986
19606050
19606053
19609668
19609726
19615284
19616529
19618461
19619314
19622308
19622773
19623658
19629752
19644020
19644562
19648928
19649554
19649760
19656164
19656774
19656998
19661094
19669600
19669874
19671671
19672706
19679048
19680614
19683496
19683826
19690506
19690636
19690768
19695104
19697632
19703879
19706752
19707196
19709408
19714462
19716796
19723349
19724277
19725986
19725993
19728081
19729830
19733528
19745749
19747471
19751083
19753503
19753840
19760496
19763692
19765269
19766185
19767587
19768112
19770520
19775326
19775332
19795125
19796682
19797051
19798417
19798553
19802015
19802895
19803908
19803943
19804601
19804613
19805903
19809577
19818148
19825178
19826428
19837273
19839046
19841585
19843326
19843683
19843854
19851859
19858367
19858402
19863427
19865540
19875889
19876733
19877752
19882246
19885732
19886718
19887602
19887619
19887647
19892845
19894111
19899408
19904273
19904603
19906413
19912264
19916563
19920816
19921428
19930417
19941162
19941167
19943104
19949876
19959799
19967274
19968494
19996025
19996028
19996031
19996295
20002453
20007691
20008623
20008634
20008645
20016594
20017885
20020529
20028858
20029420
20032382
20033483
20033769
20038817
20041308
20043088
20046869
20046879
20051372
20054658
20056647
20060929
20061960
20063075
20066476
20068145
20075200
20077502
20081198
20085797
20088375
20091130
20099501
20101300
20103620
20103632
20104584
20107609
20113845
20127252
20130978
20130984
20133863
20134318
20135344
20135348
20135363
20140526
20145144
20149218
20151938
20159462
20160719
20162864
20173781
20174566
20175908
20177093
20177704
20180014
20180350
20180951
20180971
20181978
20182637
20185827
20189727
20197250
20200423
20204502
20204945
20206018
20209131
20213081
20215423
20215511
20215541
20216074
20221693
20222999
20223001
20223008
20223009
20223018
20223023
20223030
20226239
20232141
20233462
20233480
20233483
20234119
20234365
20299317
20300867
20301425
20305393
20306122
20306497
20308183
20309627
20331623
20337906
20345474
20346095
20351172
20353281
20356671
20362325
20364141
20364308
20368571
20368837
20369283
20371364
20373018
20373860
20376556
20377375
20378548
20380699
20383578
20384635
20388772
20389018
20400477
20406939
20409655
20410767
20411323
20413709
20417865
20418484
20428881
20429623
20429624
20437199
20439215
20445803
20448375
20451485
20453858
20455026
20459916
20461453
20467918
20472656
20472659
20473602
20473725
20478525
20491084
20494261
20495005
20507347
20510205
20512419
20513136
20513533
20514903
20516115
20522429
20537530
20541936
20567018
20569256
20570322
20574927
20576130
20579331
20581465
20585849
20592016
20596889
20599945
20603439
20606085
20608970
20608971
20608972
20608973
20609467
20609468
20614009
20616007
20617377
20619389
20622893
20625817
20631074
20631078
20632086
20637093
20638108
20644999
20646629
20651350
20652397
20653694
20664408
20665887
20668305
20676618
20676756
20676758
20679605
20681793
20683152
20694749
20701084
20704923
20706784
20711702
20715112
20721735
20721742
20721747
20721750
20722467
20724228
20727230
20727672
20730487
20730959
20735817
20737206
20797776
20798986
20803320
20804917
20804975
20807450
20807817
20809262
20810374
20810544
20812602
20814958
20817926
20818429
20820192
20825051
20825415
20834076
20838878
20840220
20840664
20842456
20842729
20843305
20844547
20845286
20848184
20850175
20852631
20852944
20855963
20858050
20859573
20859677
20862552
20868731
20875879
20876346
20877320
20877337
20877436
20878461
20882403
20890790
20919953
20921464
20921896
20922827
20924075
20936109
20940403
20941507
20944121
20948822
20959489
20960228
20961453
20967475
20972632
20978112
20978178
20979543
21034812
21039431
21042765
21063910
21072753
21079137
21080930
21087664
21091619
21098759
21099359
21102443
21103343
21104783
21113097
21118151
21118481
21118973
21119070
21119707
21120943
21125072
21132007
21135055
21137066
21146769
21147080
21147198
21149333
21156238
21157449
21161372
21166058
21166701
21169536
21170264
21181439
21183737
21186053
21187397
21188745
21190077
21191178
21194536
21194739
21195000
21196292
21203981
21205087
21206239
21213370
21217819
21218378
21221768
21228333
21232165
21233402
21242970
21245169
21248744
21254913
21264845
21267012
21270524
21276604
21278312
21278454
21281038
21281505
21282464
21285145
21286804
21287534
21294114
21294809
21296416
21305653
21309043
21318380
21321378
21324516
21327469
21331759
21335604
21336547
21336637
21343941
21344162
21344391
21345144
21356067
21358336
21363924
21365268
21368065
21370312
21371001
21372041
21372787
21373873
21382771
21390833
21391735
21393566
21394302
21394499
21394826
21396117
21404118
21406404
21406551
21407215
21409392
21410590
21421115
21424757
21425134
21425892
21427728
21441093
21444675
21444874
21445571
21447777
21455666
21461827
21465171
21472990
21473589
21484799
21487248
21487411
21489318
21499684
21501420
21503673
21507987
21509758
21510137
21520156
21520273
21523855
21529986
21531767
21533369
21533383
21533530
21537840
21545057
21553119
21557934
21559243
21562711
21570976
21572332
21591024
21593217
21593597
21597964
21598239
21598251
21603858
21603983
21604195
21607289
21607582
21609478
21614564
21618216
21637503
21638052
21643751
21649643
21653198
21666281
21666725
21667031
21668996
21670155
21673012
21673951
21679271
21680703
21681553
21681822
21684693
21684708
21691939
21700680
21702907
21706479
21708019
21708517
21708937
21709188
21717445
21722985
21723046
21725363
21729660
21735045
21735691
21742769
21744340
21751003
21756124
21756275
21761158
21761160
21761396
21764559
21765009
21765473
21769658
21771338
21778574
21778580
21779182
21779444
21787670
21792894
21797732
21799032
21805697
21811163
21811815
21822773
21834074
21847643
21849032
21850394
21854619
21857521
21859355
21862729
21863257
21864706
21869484
21870267
21871383
21875488
21880590
21882850
21885922
21887486
21890493
21893034
21895635
21895638
21897273
21898151
21900108
21901007
21908405
21914189
21918853
21918854
21919902
21920589
21922593
21931031
21933912
21935911
21943665
21946536
21950761
21951856
21954437
21963239
21965345
21978880
21982881
21984204
21984989
21987798
21988990
21989022
21990134
21990146
21990299
21990304
21990416
21993507
21996087
22009639
22010008
22011761
22017867
22020980
22021229
22024613
22025144
22025145
22032251
22032289
22032724
22032731
22034289
22034420
22034435
22042950
22042956
22044689
22046189
22053997
22072316
22076253
22076508
22078348
22080962
22083523
22084573
22085629
22086652
22093627
22098958
22101651
22103901
22106560
22110403
22113256
22113258
22114045
22116506
22120723
22127115
22135240
22136207
22137763
22139894
22143498
22144499
22144684
22147742
22160602
22167321
22170030
22172717
22172724
22179631
22185575
22186889
22187038
22187320
22190288
22192953
22193042
22193408
22197612
22203755
22207351
22212556
22217331
22217648
22218796
22229226
22231042
22231044
22231763
22237432
22240989
22241105
22245140
22253144
22257935
22262156
22262852
22262859
22266096
22274543
22274678
22274679
22274685
22274690
22277901
22282309
22290208
22290577
22295226
22306835
22306997
22307791
22311183
22312502
22320316
22327776
22328347
22328717
22333603
22339411
22348646
22350158
22350503
22351618
22362584
22366370
22366898
22369660
22370324
22375716
22378286
22382806
22384640
22395474
22396490
22399190
22401137
22401965
22401979
22402307
22403740
22405187
22406760
22415235
22420687
22423979
22425664
22425665
22426013
22426855
22429077
22429936
22430266
22431556
22434525
22438049
22439756
22443199
22445484
22460208
22469508
22473970
22476849
22481874
22486351
22486713
22488153
22492723
22494569
22498944
22503699
22505045
22507745
22511931
22516946
22522501
22525576
22525577
22527099
22535016
22537934
22538771
22539352
22540872
22541552
22544547
22547552
22553214
22556274
22562176
22564871
22569005
22572204
22576580
22580959
22583667
22583824
22586318
22591913
22613997
22615956
22617257
22617326
22628410
22633816
22635027
22638769
22641341
22642281
22646717
22652532
22665067
22666314
22669161
22680617
22682623
22684231
22684454
22685544
22691290
22693372
22706123
22706203
22706629
22706632
22708332
22709328
22711610
22713736
22729394
22736296
22737296
22739988
22739995
22743332
22744338
22751483
22752287
22752289
22752604
22753008
22753153
22753593
22762150
22763381
22767648
22768030
22776961
22777348
22778154
22780973
22787115
22788243
22789542
22790832
22790858
22792303
22798144
22801507
22803146
22807977
22811390
22814251
22817698
22817731
22820987
22825375
22826208
22832221
22833046
22836122
22843421
22843497
22848303
22856468
22863316
22864638
22864640
22865450
22866131
22869732
22874498
22887716
22889437
22889855
22892900
22897714
22901201
22901454
22901997
22906755
22915751
22915752
22920210
22923021
22924267
22926516
22927701
22931600
22933060
22933969
22936386
22938492
22946335
22956590
22957306
22962264
22964643
22970155
22972572
22976806
22977523
22977638
22984553
22991823
23006047
23009828
23011797
23017997
23021409
23028879
23033368
23034506
23038782
23039163
23041473
23047605
23047606
23050611
23053156
23055523
23055798
23057551
23066998
23069641
23069884
23074186
23080033
23082475
23086583
23086584
23086937
23091104
23093327
23093334
23096105
23096355
23099436
23099806
23103855
23108140
23110154
23113073
23116406
23117300
23128816
23131665
23146216
23149936
23150219
23151675
23155271
23156672
23161852
23164213
23165859
23166813
23172369
23173005
23175448
23182194
23184082
23184400
23192404
23199084
23200932
23202946
23203101
23210696
23211528
23211700
23216102
23216834
23220468
23221734
23223007
23223009
23231788
23232854
23232912
23239986
23242612
23242930
23246971
23249957
23257159
23262210
23263908
23264090
23265709
23269703
23269995
23271346
23274591
23276146
23278966
23285190
23289006
23292835
23292943
23300341
23303449
23315985
23317271
23317938
23319807
23326344
23333306
23335114
23336376
23337117
23339184
23341570
23344954
23345056
23346553
23350388
23353771
23354597
23354978
23359225
23362014
23364291
23370658
23373023
23374397
23375855
23376355
23381743
23383274
23388117
23391663
23393598
23397983
23405268
23406733
23407556
23408054
23409019
23409121
23411475
23414920
23415688
23415752
23417902
23420552
23429864
23433111
23435429
23438604
23438721
23447579
23448362
23451180
23458327
23462720
23462725
23469205
23469566
23479189
23483928
23486525
23487443
23496813
23497550
23506684
23508738
23509290
23517070
23517234
23519070
23522120
23524581
23526420
23528734
23531862
23532817
23536787
23539753
23543211
23544013
23549037
23549953
23552812
23553196
23558894
23558900
23562522
23564750
23569343
23576707
23579217
23580280
23580958
23589625
23593081
23596230
23599763
23607692
23613828
23614934
23615136
23615697
23615785
23618579
23620175
23621881
23624750
23624935
23628597
23633032
23633455
23640109
23640417
23644138
23657760
23658460
23664366
23665934
23666017
23666114
23666596
23670255
23673322
23674270
23680142
23680151
23683081
23695190
23697973
23704879
23704984
23706288
23707952
23710914
23712259
23720450
23730208
23731020
23740344
23747889
23747895
23749772
23760159
23764426
23767878
23772696
23772886
23778266
23784379
23787073
23788959
23795707
23802008
23803067
23805307
23816973
23825307
23826138
23837641
23842040
23850973
23853209
23855721
23857982
23859469
23860775
23861169
23863842
23867111
23867999
23877192
23879077
23880761
23901102
23910109
23918944
23922302
23934762
23935836
23940062
23940229
23941236
23942203
23954390
23955079
23958087
23961350
23964347
23966579
23967248
23972475
23974829
23975082
23980083
23982851
23984822
23992000
23994874
23996866
24000781
24004112
24010542
24013561
24019637
24026861
24040146
24044557
24045978
24052750
24058603
24065113
24065545
24067368
24073851
24075727
24081944
24085845
24091731
24094589
24103154
24104880
24104964
24116874
24117034
24121664
24122022
24123194
24127257
24127632
24130102
24131499
24131965
24131977
24134137
24135283
24136669
24136930
24137399
24140203
24142877
24143013
24145998
24146815
24147435
24151232
24166279
24168967
24177987
24191513
24191908
24197907
24210736
24217135
24218521
24218601
24225019
24237098
24239235
24240613
24244429
24249359
24253485
24258259
24265793
24268650
24271037
24273214
24273914
24276029
24278741
24281364
24285729
24285840
24285858
24289560
24289923
24292448
24293149
24297685
24301948
24306927
24309542
24312913
24314328
24316840
24317509
24319668
24321281
24321324
24325841
24332935
24333842
24335192
24337974
24342616
24342919
24343917
24348864
24368245
24371431
24371652
24372583
24378767
24385383
24387337
24389137
24389956
24411079
24423863
24424777
24431481
24442642
24443257
24448423
24452282
24454456
24458845
24460357
24469398
24470238
24472143
24472556
24475217
24477976
24479546
24481681
24484606
24489760
24489791
24492431
24492479
24500516
24501658
24502362
24504028
24507701
24516540
24519767
24521615
24522996
24526546
24528374
24529552
24556685
24565757
24566764
24567197
24567396
24567435
24569164
24573411
24578176
24586286
24586743
24591564
24599715
24600974
24607278
24607518
24612652
24615043
24625110
24629067
24633894
24638001
24638981
24639516
24639535
24642354
24649147
24658338
24660075
24667084
24667604
24667779
24670361
24672057
24675476
24675952
24675954
24678242
24680865
24680909
24681740
24681744
24686251
24687832
24690515
24692579
24695549
24698998
24700448
24704793
24705161
24708220
24719479
24726640
24728189
24729269
24731853
24733657
24737347
24742220
24746700
24754577
24764694
24765210
24770866
24771600
24772314
24775809
24776801
24789418
24795013
24797986
24800916
24809009
24817481
24824314
24825122
24825132
24829461
24831086
24832651
24839033
24839250
24841458
24841841
24842372
24842883
24845084
24847251
24848747
24854656
24862760
24884718
24884828
24887353
24887359
24889916
24894343
24901403
24909178
24910535
24914237
24915046
24915755
24916180
24916970
24917463
24919198
24935384
24944674
24946155
24946157
24947112
24947414
24947589
24948964
24950059
24951267
24955283
24961672
24961674
24962530
24969878
25006250
25006670
25007954
25010005
25010056
25011220
25011685
25013433
25016020
25023546
25025957
25033687
25034697
25041042
25041116
25042481
25048467
25053764
25056273
25056543
25066119
25066186
25066507
25067956
25069718
25078585
25082516
25084169
25085752
25092866
25105795
25107571
25129345
25131201
25131202
25132263
25132264
25132793
25138101
25155055
25159706
25161863
25164908
25176351
25177489
25184681
25186150
25186627
25187270
25191729
25192939
25194442
25195694
25198398
25199548
25202071
25205036
25205741
25216750
25217519
25219499
25223785
25224030
25225577
25227663
25228385
25232856
25236687
25239453
25243716
25248112
25251729
25252691
25254310
25256238
25256924
25260588
25264941
25266802
25273865
25274085
25281711
25301325
25301947
25304378
25310973
25311111
25319390
25323003
25328041
25329591
25336561
25337234
25337278
25337581
25337721
25339023
25348513
25350069
25352972
25356972
25360583
25366075
25366421
25366685
25371446
25375653
25376744
25376862
25380432
25380576
25394901
25398451
25400221
25400280
25403211
25403427
25403808
25414026
25416589
25417703
25418591
25418592
25422243
25426449
25428229
25429655
25430881
25435541
25437005
25445425
25447904
25451922
25455630
25460500
25461178
25463638
25467311
25472942
25475740
25476495
25480832
25480878
25480944
25482078
25483079
25483082
25483710
25483746
25485004
25485588
25486197
25488815
25496700
25497410
25499220
25499884
25503500
25503501
25503966
25510067
25520075
25522274
25522926
25524463
25526195
25531315
25533736
25537514
25550141
25550384
25556971
25557581
25560807
25579682
25582120
25583261
25594018
25594033
25594072
25600260
25602962
25605143
25613119
25613194
25616417
25616998
25619955
25622084
25622547
25622745
25624909
25631046
25634209
25636033
25643705
25645916
25646469
25650659
25652403
25654734
25657994
25659039
25673166
25678442
25682074
25683334
25685387
25686112
25690320
25695063
25699710
25700605
25701377
25711630
25712764
25713994
25714301
25716084
25722380
25724305
25725131
25734415
25735359
25736863
25740706
25748678
25758301
25759620
25762631
25766694
25777348
25782689
25783183
25788227
25788320
25789047
25792249
25797244
25800897
25802882
25803638
25805039
25808098
25814778
25816289
25818403
25820212
25820252
25820931
25823446
25825120
25830658
25833210
25833212
25833843
25834617
25836596
25838159
25838294
25847929
25849179
25850293
25850536
25857409
25859162
25863477
25865228
25868852
25878326
25879355
25879655
25880076
25884417
25884701
25885115
25886519
25890200
25892146
25893891
25896959
25909997
25911348
25912308
25919761
25920394
25925371
25927284
25932181
25935583
25936246
25937263
25939603
25943777
25943835
25944041
25948282
25956865
25960189
25971625
25975349
25975955
25986460
25987085
25987697
25991562
25992773
25993149
26003539
26004083
26011428
26014432
26022109
26022455
26022977
26025000
26026974
26028024
26029931
26036150
26045998
26047697
26048987
26052229
26052370
26052455
26053117
26057449
26061043
26067930
26071757
26076164
26085381
26086567
26094658
26097796
26100884
26106036
26109977
26113392
26114234
26118501
26121674
26124328
26124479
26132389
26137147
26138335
26140185
26140844
26141175
26141318
26142098
26150446
26152113
26153499
26156012
26158050
26162908
26171949
26180923
26181175
26183948
26185742
26187060
26193202
26195121
26195437
26196251
26210778
26219241
26219728
26221963
26227317
26227626
26234677
26236408
26239500
26239694
26245632
26246155
26246475
26250348
26250392
26257769
26258912
26259780
26264690
26269803
26271414
26272590
26275953
26275954
26282646
26286255
26289772
26295337
26299666
26300001
26300670
26300672
26310369
26313374
26320175
26324327
26328243
26335890
26341884
26348951
26350514
26357657
26378051
26379698
26381082
26383678
26395808
26402875
26406001
26406445
26412854
26414677
26416184
26426992
26439132
26442220
26443230
26455498
26467043
26467044
26468334
26475959
26476542
26476744
26476890
26485712
26488398
26490435
26492029
26493602
26496879
26503213
26515461
26517537
26526989
26535628
26540155
26541979
26542178
26543556
26564481
26566797
26567039
26577449
26578231
26600843
26603870
26611647
26615718
26615780
26623723
26629527
26629949
26631606
26637364
26643130
26644450
26656232
26665166
26666763
26670362
26679809
26685323
26691937
26691939
26698676
26699641
26700119
26704768
26706041
26709275
26709647
26709662
26712587
26714653
26722478
26723501
26727155
26727311
26727879
26731315
26733283
26740259
26745677
26745694
26748828
26748927
26749359
26753012
26759468
26763880
26770289
26774475
26778126
26779294
26780555
26780556
26785832
26790966
26807161
26807247
26812021
26822887
26822949
26828981
26831064
26833046
26833090
26835710
26843898
26845433
26848770
26850014
26852015
26852130
26857456
26863753
26864382
26867194
26867710
26868636
26870207
26870808
26871470
26873923
26880199
26883325
26884712
26884819
26888582
26888723
26893716
26902145
26903517
26919240
26926928
26928436
26928677
26933805
26941120
26943587
26946057
26949839
26951453
26951538
26956035
26956972
26961146
26970274
26979395
26979459
26983446
26986251
26988823
26992017
26993268
26995100
26997744
27003155
27008870
27015555
27025497
27026398
27027444
27033093
27039761
27039803
27039925
27043660
27043663
27048682
27058005
27060914
27062684
27068824
27069714
27073502
27074860
27077368
27081505
27091466
27094481
27105194
27113739
27117159
27124784
27127763
27129233
27129401
27130464
27149669
27159752
27160020
27161971
27167707
27170701
27179511
27179759
27184744
27186285
27193872
27194814
27197267
27200529
27208206
27209246
27221844
27221860
27221885
27223485
27225387
27225819
27229859
27239795
27241552
27242959
27244682
27246982
27249597
27256048
27257965
27259235
27262228
27264184
27271530
27272846
27273131
27277344
27277847
27278204
27282964
27283172
27286788
27289442
27292187
27295426
27297669
27303907
27306910
27308455
27313062
27313763
27317999
27318001
27318890
27322743
27323902
27325824
27325848
27326821
27338744
27350785
27351029
27356740
27357818
27362900
27366083
27373334
27375368
27375968
27381626
27383479
27393621
27402168
27403073
27410681
27412917
27418218
27422796
27425403
27428375
27430397
27446417
27451331
27452521
27454287
27454288
27454289
27456091
27459693
27459694
27459695
27462418
27463617
27463681
27464794
27465373
27469594
27473440
27473644
27480161
27484786
27487393
27488874
27489859
27493913
27494651
27495310
27495996
27496093
27496122
27496484
27505679
27510018
27513691
27528622
27534398
27547810
27551110
27551127
27553041
27553291
27554086
27556296
27560145
27566577
27584910
27589844
27591253
27599564
27601060
27601420
27612322
27616075
27619940
27620280
27626685
27628328
27643881
27644661
27652321
27657359
27658390
27670884
27673289
27677417
27693788
27714671
27726213
27735926
27736844
27739325
27741520
27742776
27755534
27756336
27759028
27765917
27767231
27770975
27771433
27779244
27783278
27783335
27791391
27793035
27796678
27796716
27798111
27802165
27803593
27804029
27811360
27815389
27826754
27836010
27837705
27845331
27864890
27869163
27869444
27869445
27869446
27869447
27873046
27873205
27882536
27886673
27893411
27894319
27906198
27907901
27907908
27909077
27914478
27923913
27926510
27928164
27929526
27939982
27943282
27943283
27966054
27977889
27983536
27984124
27989354
27994514
27997688
27998448
28003870
28005077
28008145
28009280
28009814
28024868
28028375
28030834
28031860
28032817
28034751
28035057
28039444
28049106
28052035
28052399
28056823
28058614
28066861
28069724
28076794
28079255
28087643
28091860
28101941
28104682
28111427
28112991
28113007
28120249
28120435
28122244
28123851
28124401
28128741
28135048
28138868
28145423
28150129
28157161
28159408
28161869
28163741
28164176
28164568
28167644
28167645
28176296
28176879
28179634
28182133
28184945
28186987
28190311
28197122
28199346
28205045
28205427
28211448
28212807
28214007
28221868
28222693
28231728
28242625
28242752
28245776
28247011
28249151
28250726
28256910
28262780
28263838
28264838
28264872
28265380
28265801
28266003
28270171
28270739
28277317
28278048
28278054
28279121
28279176
28283467
28285342
28288110
28291131
28300203
28302092
28319063
28324225
28332940
28343309
28351343
28351545
28356425
28357044
28358361
28364669
28373819
28374142
28376175
28376189
28377179
28383640
28388533
28389374
28390335
28390820
28392550
28398198
28398847
28404895
28407998
28414200
28414925
28415599
28422718
28427147
28427168
28427429
28432813
28439082
28439188
28448241
28452926
28454085
28454659
28463631
28463906
28465148
28467918
28474358
28477318
28480178
28488140
28490613
28499366
28501617
28510492
28525389
28538113
28540621
28562349
28564596
28569838
28574327
28574632
28585187
28586023
28586489
28588830
28589637
28591191
28592566
28594273
28594926
28595730
28596260
28597494
28604461
28609204
28619461
28619759
28624978
28627138
28629583
28632866
28646826
28647964
28649985
28650471
28651617
28656489
28659469
28664449
28664506
28667568
28673972
28680148
28685474
28691938
28692638
28693174
28698603
28700933
28702897
28704214
28704513
28706506
28706734
28706968
28717669
28721372
28726806
28727877
28729482
28730229
28730286
28740454
28744749
28751496
28751759
28754483
28765325
28766202
28766224
28771233
28780075
28780723
28780755
28781790
28782058
28785956
28794477
28796317
28796549
28800752
28802188
28807866
28808806
28812325
28821557
28822007
28822785
28823399
28831036
28831696
28833843
28834484
28834485
28836424
28840378
28857155
28858858
28862356
28863181
28866612
28869585
28870997
28879638
28881292
28882436
28884397
28900739
28904242
28905785
28914618
28919163
28929593
28944232
28947987
28948225
28954295
28959512
28961279
28968398
28970858
28971451
28976962
28978132
28978163
28978265
28985766
28989926
28993434
28993866
28994508
29017890
29019095
29019333
29020660
29020732
29021639
29021870
29025359
29026449
29028349
29028552
29029467
29034880
29039136
29042514
29045554
29047188
29053726
29053959
29061375
29082482
29086229
29088781
29093017
29094253
29101208
29106372
29108258
29109428
29113215
29113350
29116468
29116469
29126396
29126833
29133208
29137324
29145865
29156836
29158830
29161300
29164420
29168416
29168504
29180510
29183078
29183387
29185120
29187880
29189915
29193313
29203703
29203787
29206279
29212152
29212269
29215753
29215764
29225062
29233532
29236234
29240257
29240602
29244844
29247441
29248130
29254167
29259228
29261187
29262038
29262555
29263966
29266833
29270046
29275357
29275435
29280214
29281161
29285471
29286157
29286222
29288066
29290209
29293388
29297111
29298688
29302806
29309945
29310340
29312738
29313279
29315498
29321669
29323057
29323669
29330289
29330845
29332197
29333087
29335415
29335711
29335712
29335924
29337093
29338689
29339979
29346284
29350211
29355525
29356917
29361001
29371908
29383094
29395657
29401626
29404807
29404838
29409476
29414022
29421518
29422346
29423116
29426838
29435039
29435075
29439343
29440709
29441441
29446198
29452958
29453630
29455110
29458049
29460478
29465506
29465507
29470806
29472312
29472587
29479477
29480000
29480828
29482782
29483236
29483665
29487695
29492181
29492227
29497033
29497862
29498408
29498445
29499861
29506471
29507815
29509450
29511213
29513652
29514593
29519552
29522266
29529211
29530782
29534594
29547931
29550970
29565421
29580235
29580810
29582426
29582646
29584711
29594659
29600804
29606576
29618939
29622700
29626126
29634233
29651149
29656586
29664962
29673145
29673794
29681614
29686231
29687286
29693332
29707124
29710224
29712865
29713086
29715104
29718910
29719582
29724815
29726012
29727326
29729664
29731958
29735278
29739757
29750596
29750819
29751390
29752676
29755871
29755873
29757857
29757984
29760936
29768208
29774201
29774317
29774471
29777908
29782359
29785135
29788371
29789392
29791287
29793255
29793803
29797126
29800932
29800948
29801022
29802286
29802810
29804901
29844838
29852322
29855141
29858377
29858758
29860059
29860064
29861850
29863445
29867226
29870317
29875420
29877575
29884841
29901183
29907814
29921024
29925515
29928469
29934687
29936257
29937543
29938573
29938981
29950716
29955703
29955974
29974497
29978915
29979200
29996906
29996917
30003738
30006610
30008919
30012171
30014164
30014904
30022119
30025822
30026002
30036938
30040829
30042414
30045136
30049201
30049288
30055349
30061215
30061222
30075112
30079159
30092674
30101128
30103738
30103829
30105462
30111871
30120466
30124753
30125992
30128007
30135485
30136106
30137214
30141832
30142017
30145549
30147754
30154229
30165555
30175445
30181190
30186769
30191368
30199306
30204945
30207098
30209399
30219179
30235698
30244837
30247247
30254159
30254278
30254663
30255456
30256562
30257212
30257991
30263092
30265376
30266954
30275858
30277116
30283497
30286154
30295091
30297739
30306255
30308700
30309222
30309687
30311024
30312170
30312457
30314670
30314988
30315757
30323354
30323899
30323900
30327455
30334464
30337689
30340058
30344097
30344568
30345412
30348217
30352856
30359909
30362333
30366941
30380096
30380426
30383754
30383767
30384016
30392916
30396777
30400020
30405761
30408727
30413980
30414230
30414739
30414741
30415210
30416390
30423315
30425907
30426508
30429200
30430080
30430339
30442946
30443181
30444720
30445628
30446274
30447915
30453575
30458859
30464262
30472649
30474109
30474284
30474649
30480775
30482293
30484104
30489631
30503669
30504414
30506513
30513626
30515261
30517521
30518416
30520251
30521006
30524905
30524945
30527192
30530501
30534162
30537877
30540933
30541318
30541753
30541756
30551077
30551885
30555256
30556208
30558184
30561604
30563931
30565390
30568233
30570007
30576655
30579971
30580238
30580266
30586411
30586678
30594239
30603998
30606148
30607632
30611917
30612273
30617304
30617925
30630446
30634417
30635808
30636051
30636383
30646163
30652068
30652428
30656571
30656896
30657944
30661232
30661763
30664189
30674894
30675265
30678073
30678926
30680866
30681422
30683142
30683677
30692095
30692098
30694012
30696104
30702160
30703135
30704900
30713775
30714292
30715414
30715675
30720863
30723053
30725392
30726305
30733286
30733539
30736279
30747870
30753664
30756284
30765603
30786683
30786684
30788324
30797618
30804228
30804502
30806067
30817646
30817647
30820179
30821131
30822218
30822630
30825404
30832263
30832521
30834494
30839285
30854067
30858726
30872026
30873510
30873673
30875412
30880078
30890549
30894273
30894746
30895535
30900310
30901561
30904701
30909618
30912451
30918126
30918533
30919324
30927264
30939057
30941229
30947698
30962500
30963174
30967997
30968603
30968962
30971774
30971832
30972954
30973374
30975216
30980208
30980249
30982901
30988810
30992324
30993195
30994073
30995943
31013702
31014367
31016421
31016506
31017265
31022191
31023256
31026759
31029168
31036541
31043710
31056822
31060593
31065452
31069010
31069686
31073355
31076742
31078448
31079956
31080125
31081934
31092693
31095775
31101659
31104199
31112341
31112363
31113680
31117198
31125106
31125277
31131559
31131967
31135564
31141992
31143303
31143373
31152683
31160070
31161121
31163445
31163995
31165505
31174498
31182087
31184616
31184779
31186341
31186713
31196476
31199558
31203256
31209999
31212646
31213465
31213659
31214250
31219560
31225426
31233225
31244284
31251913
31255466
31263054
31263477
31264307
31270457
31270633
31273285
31273933
31276266
31286143
31287551
31292799
31294536
31294896
31300206
31300207
31302572
31302855
31307407
31307957
31317586
31317679
31320608
31321449
31329989
31331294
31333813
31334915
31336956
31337537
31337648
31341521
31341634
31343793
31347298
31360853
31361278
31368036
31370837
31372034
31375040
31378579
31395037
31395736
31402434
31405066
31405835
31407530
31409078
31409079
31409081
31410930
31419696
31424539
31429350
31429878
31432574
31432749
31434110
31435238
31435815
31446535
31447071
31454914
31456542
31464824
31467430
31469414
31476665
31481248
31482362
31495085
31495749
31499338
31500890
31501894
31505944
31511339
31512408
31514456
31516641
31517176
31528241
31538027
31545835
31552267
31556562
31565484
31570282
31581314
31584660
31597139
31597313
31600986
31604914
31608315
31610093
31619387
31619462
31623606
31630195
31636387
31639439
31646805
31650727
31651107
31652854
31653147
31659621
31663018
31672679
31681433
31683985
31692405
31692900
31693165
31699802
31706072
31717415
31719105
31723001
31729099
31736084
31741787
31744639
31750914
31753525
31759379
31760168
31760313
31768816
31769492
31771139
31771627
31772111
31774011
31776938
31777737
31780568
31784482
31786739
31787750
31787751
31788999
31792088
31796517
31797087
31802423
31807162
31815044
31818005
31825140
31827092
31829822
31830649
31831881
31833030
31840082
31841487
31845917
31850619
31851867
31853057
31853058
31861888
31869745
31872386
31877165
31879826
31882575
31890060
31892343
31897332
31900377
31902551
31903168
31907386
31908633
31911557
31911673
31912664
31912679
31917206
31918993
31926487
31932421
31934565
31940810
31948486
31950019
31954625
31957001
31959133
31960278
31963223
31974710
31978450
31980407
31983107
31988841
31989039
31995244
31995855
31998560
31998812
32000125
32009791
32013256
32019279
32020216
32022259
32022473
32022782
32022897
32025337
32025636
32028596
32036091
32037537
32041954
32042152
32045981
32050665
32053991
32059136
32066913
32071115
32072338
32073954
32073956
32085925
32087690
32089686
32092317
32094664
32096072
32098452
32099994
32101877
32102521
32102695
32117708
32119081
32120796
32124385
32134529
32135515
32139898
32150073
32158967
32161019
32164585
32164626
32165993
32166000
32172132
32175521
32187134
32191943
32193285
32194804
32195105
32200540
32203205
32211327
32212026
32213544
32218813
32219825
32219892
32220173
32231682
32235500
32244891
32245587
32245699
32253316
32257056
32257107
32259017
32269964
32276467
32277283
32280079
32284662
32290274
32297664
32300191
32300229
32314111
32322466
32325420
32333827
32334465
32335146
32336659
32341426
32347575
32349445
32354794
32354797
32356124
32359443
32368391
32375709
32376921
32377194
32377563
32380732
32381096
32383162
32388397
32392190
32393849
32396136
32410794
32413141
32414209
32420470
32422010
32424803
32438681
32445176
32451972
32452517
32453341
32453342
32455662
32456160
32459417
32467295
32468579
32468645
32470015
32483276
32486089
32487075
32488392
32497289
32505558
32513307
32516598
32531196
32532747
32546644
32550004
32554602
32556091
32566746
32566972
32571788
32576655
32577726
32583165
32586171
32587786
32591103
32591500
32591974
32599251
32614418
32621388
32629901
32633033
32638237
32639661
32651552
32652823
32655641
32665703
32668122
32674931
32676552
32680986
32685473
32694906
32698099
32698331
32699032
32708835
32711365
32714499
32718143
32719340
32719921
32720318
32722046
32726637
32732220
32733560
32744451
32745242
32747362
32753881
32754899
32764667
32766142
32772980
32775268
32776218
32777875
32778078
32785175
32795228
32796008
32796407
32799280
32803532
32812259
32814055
32819113
32825620
32826590
32826945
32828825
32840490
32842712
32843487
32846166
32850417
32850807
32854451
32856854
32856862
32856871
32862841
32870734
32872764
32876480
32877777
32879886
32882524
32884538
32885226
32888398
32890957
32894085
32895312
32903788
32905297
32913994
32914019
32916545
32918181
32925457
32928640
32935810
32938226
32944641
32945515
32951894
32953111
32957588
32963034
32963530
32964118
32970304
32971473
32974655
32978388
32981869
32984879
32989256
32989658
33000375
33006205
33008098
33008754
33008804
33010199
33010967
33011602
33012081
33012495
33013205
33014209
33029090
33030583
33037391
33037428
33060287
33067490
33067557
33069804
33074587
33078592
33081408
33084436
33087101
33087180
33087888
33089755
33094849
33099907
33107328
33108784
33110458
33112117
33112672
33128190
33129865
33131182
33137578
33139817
33142801
33152107
33158996
33161400
33165727
33194613
33209696
33210232
33212987
33221980
33224455
33224963
33227068
33229237
33229504
33238387
33240314
33240929
33241032
33245177
33248388
33250205
33259931
33266155
33268648
33273034
33278427
33282564
33285109
33301768
33309051
33317909
33326660
33333149
33336754
33343895
33351846
33361520
33362915
33364840
33369440
33375991
33377156
33378795
33397551
33397747
33399070
33400207
33403015
33407746
33408890
33409454
33412559
33423006
33423179
33424604
33428613
33441637
33443393
33447827
33449224
33457057
33461583
33463858
33466630
33468213
33468216
33468564
33468723
33470065
33472891
33475989
33477375
33478551
33478572
33488327
33488844
33493488
33494010
33503040
33507482
33513753
33514515
33515503
33520111
33525353
33525990
33529165
33531027
33533597
33536037
33536619
33540843
33543354
33550665
33552388
33555545
33556450
33558426
33559414
33563323
33568438
33573335
33576117
33576549
33578357
33583275
33589814
33593205
33593852
33597508
33606355
33619228
33629534
33630024
33631522
33633982
33640902
33643918
33649363
33656647
33660782
33669986
33670479
33670664
33686070
33690902
33710310
33710348
33716297
33720054
33720123
33726785
33727227
33731272
33738458
33741650
33743851
33754277
33755171
33756165
33759867
33761021
33762751
33767581
33767780
33767865
33780288
33781053
33785722
33785725
33789098
33800556
33804884
33808555
33811064
33812767
33814932
33816072
33817238
33834176
33836815
33839031
33842374
33850850
33860286
33870113
33871445
33875706
33888155
33888730
33888869
33890992
33890996
33893322
33898308
33899955
33904624
33911878
33916118
33918338
33932497
33936442
33937409
33945048
33956303
33957633
33961040
33969421
33970363
33970687
33984694
33987625
33990587
33996823
34008499
34012291
34012368
34014551
34026625
34026998
34030994
34045478
34046315
34046351
34058833
34060696
34063308
34064977
34068585
34069035
34072659
34073420
34078042
34078043
34081085
34081848
34082492
34083286
34086170
34090422
34091499
34091527
34094668
34098565
34101484
34102105
34103686
34106763
34108647
34112789
34113011
34126369
34135636
34140136
34142045
34142659
34146199
34154978
34168381
34171390
34172541
34178674
34196652
34196653
34200245
34201809
34202044
34202525
34204722
34206491
34206661
34207612
34217636
34221828
34226554
34228231
34232831
34233740
34235180
34237702
34240844
34242281
34242395
34245638
34248461
34254208
34276234
34283078
34285295
34287743
34289354
34290354
34296289
34296361
34298653
34301749
34301763
34304065
34304347
34304906
34309473
34320204
34321665
34324701
34325649
34329741
34330534
34341011
34342702
34344426
34348913
34356116
34364494
34365471
34367927
34371384
34373738
34383484
34385259
34389725
34392104
34401341
34401875
34403063
34404953
34408138
34413315
34416580
34417675
34418781
34420218
34420246
34421362
34423005
34424329
34426412
34429812
34430738
34439310
34449592
34454564
34455229
34456057
34465478
34465787
34475104
34477817
34485163
34489357
34500047
34503502
34504648
34514747
34517749
34518696
34540661
34548335
34548921
34552057
34555355
34563200
34565426
34565600
34570943
34572941
34575624
34575694
34585223
34589994
34591267
34591954
34597585
34599155
34601813
34607954
34609091
34610268
34610390
34611475
34619284
34632941
34637782
34645131
34646007
34652076
34652081
34657357
34657373
34660253
34674065
34692254
34702566
34703009
34716741
34721634
34721658
34726323
34726332
34733850
34733851
34736119
34740040
34750509
34754911
34761636
34775302
34778033
34778690
34785763
34789768
34790454
34793666
34793697
34801929
34803264
34815798
34816639
34820332
34828342
34837577
34837859
34840109
34844979
34845040
34846626
34855882
34866915
34870614
34871413
34872943
34873108
34898566
34902667
34906453
34906479
34906490
34911781
34917174
34920368
34924242
34926299
34926756
34929424
34930165
34946865
34954029
34958358
34958553
34963702
34965417
34969949
34981296
34991090
34995080
34996912
34997316
34998176
35000471
35000881
35006619
35008272
35017534
35020120
35021209
35023322
35023674
35025760
35027730
35035170
35039446
35039532
35040284
35042621
35046348
35048954
35051358
35053526
35062994
35063276
35063280
35067782
35071013
35074264
35077220
35082620
35083138
35084806
35085003
35087763
35091441
35092383
35096615
35096631
35098723
35100681
35100699
35107878
35107973
35115180
35115620
35116780
35116870
35116935
35118379
35122991
35127315
35128484
35135103
35135108
35139834
35141003
35141026
35142179
35143328
35149709
35150867
35151910
35153073
35159019
35159349
35167615
35167739
35172875
35177575
35178668
35180362
35182295
35184001
35187481
35187501
35190584
35193658
35196514
35201851
35203410
35205313
35205366
35216860
35217802
35220378
35236825
35237315
35242827
35251494
35253893
35256191
35260807
35261270
35263698
35278219
35280675
35280729
35286153
35288574
35290602
35290640
35292711
35298905
35298906
35300046
35300142
35300412
35303741
35304461
35312162
35313928
35316728
35323372
35326583
35327946
35332707
35340889
35344102
35350106
35351360
35356420
35363308
35373174
35373906
35377489
35378767
35381651
35382848
35393334
35393420
35393462
35395021
35395863
35402620
35404148
35406503
35406579
35406624
35409089
35409110
35409408
35409996
35411189
35418083
35418215
35420638
35422914
35429923
35430604
35431863
35432218
35435472
35448177
35456503
35459234
35472165
35472331
35476380
35477169
35478094
35486291
35487638
35496481
35507134
35517499
35519381
35522238
35527100
35534113
35540028
35541909
35557034
35561581
35578052
35596048
35596815
35596902
35600410
35616744
35619904
35625955
35626017
35626031
35629239
35637507
35641219
35641483
35652223
35655316
35659930
35661074
35665744
35667247
35668307
35671604
35675001
35675575
35681111
35696850
35698734
35698740
35705781
35711015
35714795
35715636
35715861
35716865
35720803
35723570
35729312
35731312
35734436
35738605
35738887
35740092
35741847
35743080
35743882
35761208
35769888
35770919
35772050
35772456
35772457
35772665
35775702
35778884
35779836
35782895
35782971
35802266
35805038
35819255
35837282
35842521
35851737
35858847
35862858
35864222
35867288
35869059
35871032
35879372
35879854
35881946
35884518
35887761
35894298
35896655
35902772
35903716
35905855
35908255
35913122
35913646
35913647
35917514
35918668
35923470
35930098
35933387
35934944
35938958
35949594
35950060
35957765
35974241
35978820
35980168
35985202
35986085
35986351
36000185
36001346
36011268
36015648
36029389
36034834
36037567
36042935
36043882
36045597
36049148
36065181
36068545
36074460
36076202
36077867
36082621
36087707
36096071
36099913
36107942
36112334
36137114
36143252
36147908
36149077
36153844
36157696
36161271
36161580
36166741
36171434
36171877
36172325
36178671
36185208
36187937
36193432
36197199
36201716
36203093
36205748
36207609
36228963
36229463
36230512
36230696
36237394
36238627
36239017
36250637
36253303
36253484
36254756
36260241
36260608
36265114
36270245
36284026
36288893
36294786
36298462
36299383
36318381
36318705
36319079
36324133
36329109
36331686
36333567
36333737
36344511
36344544
36345163
36346676
36347866
36349178
36358816
36358902
36362151
36367610
36368126
36368161
36368709
36368816
36370215
36379199
36380012
36383189
36387089
36394867
36395396
36399410
36400033
36400755
36403366
36412414
36418296
36430332
36434258
36442235
36443428
36446827
36463302
36471805
36478097
36478486
36478495
36479692
36482190
36490315
36493696
36494460
36495190
36497436
36500714
36503104
36505034
36518309
36530327
36536421
36538343
36541514
36543686
36550359
36550413
36551924
36553480
36557020
36564284
36580360
36586494
36592309
36593954
36600087
36601340
36604691
36605468
36612302
36614323
36623243
36631481
36634123
36635772
36639692
36644062
36672364
36684399
36685664
36686677
36698626
36701836
36703740
36707536
36716349
36718731
36730467
36731891
36735534
36736104
36739964
36741700
36753473
36753688
36754117
36755949
36763037
36765687
36767056
36768191
36774644
36775216
36775657
36791903
36799931
36806499
36806982
36809028
36811841
36812344
36831416
36833189
36852260
36854231
36854505
36858016
36860287
36861435
36864289
36865806
36872635
36873936
36877256
36881271
36881687
36890191
36894311
36896198
36897545
36905492
36906594
36907870
36908286
36911580
36914836
36917763
36927261
36927983
36928234
36928618
36928661
36930346
36930999
36932143
36942084
36942145
36969051
36974532
36975505
36986126
36993400
36999648
37004193
37005966
37007122
37011610
37012318
37015340
37023220
37025481
37025588
37035242
37040599
37046302
37046756
37046838
37055759
37066268
37067532
37072622
37076566
37082677
37085799
37088789
37090572
37094417
37101004
37113971
37114359
37119509
37121054
37137525
37139596
37141664
37147448
37155214
37163718
37166624
37168384
37171785
37173335
37173901
37174127
37181338
37182432
37183059
37185387
37191028
37192837
37197323
37198153
37201465
37203189
37209095
37212253
37221047
37222498
37227919
37231225
37232349
37240284
37240365
37262986
37263769
37272060
37282361
37283256
37286394
37290104
37291133
37292816
37296919
37300745
37305927
37316882
37318349
37334492
37335020
37339533
37340184
37340476
37340549
37345127
37345432
37351713
37364916
37369040
37370140
37373065
37380723
37388050
37400873
37414201
37414821
37420018
37432545
37444415
37460658
37461380
37470159
37481721
37485016
37486343
37487248
37489617
37491606
37492699
37497403
37505908
37509332
37511329
37528266
37528630
37535879
37541454
37541685
37568663
37573025
37578980
37579727
37581122
37582853
37587346
37591890
37592173
37596911
37602539
37602586
37602590
37605508
37622341
37627161
37628606
37638313
37638744
37643668
37646786
37655321
37661479
37664050
37677830
37691027
37692097
37697435
37714298
37716861
37718511
37718767
37719058
37720033
37723374
37725113
37731132
37736432
37737055
37739292
37745493
37748860
37751121
37752189
37754482
37760455
37761820
37762577
37762697
37774066
37774080
37789001
37789896
37792368
37797621
37804357
37805662
37823591
37824776
37827871
37833038
37845719
37850614
37851290
37852034
37853039
37854675
37861363
37864041
37878345
37887275
37887578
37895014
37898870
37901051
37907567
37909041
37909344
37914629
37916805
37917606
37917945
37918957
37930190
37936611
37948190
37951914
37953292
37958491
37963304
37973845
37979908
37980640
37992259
38001070
38010655
38012134
38015775
38017453
38019076
38019249
38030179
38030626
38030749
38031144
38037490
38037760
38041241
38041901
38053165
38057686
38059556
38061009
38062336
38063999
38067403
38068953
38090061
38093030
38094359
38096561
38096711
38098088
38112915
38123987
38136276
38139386
38146508
38149669
38152584
38153360
38157885
38159086
38160042
38162618
38165507
38167124
38169922
38170520
38172369
38182557
38187047
38191387
38192174
38195559
38198524
38201253
38201455
38201529
38201604
38224491
38226182
38234891
38242160
38242199
38244928
38246184
38247067
38248108
38250382
38254240
38260529
38266639
38266640
38274092
38275383
38279496
38293680
38300310
38300337
38303308
38308422
38315150
38327755
38333895
38359745
38364651
38368609
38379091
38384043
38386807
38398090
38398132
38402864
38405919
38409497
38421667
38421676
38421677
38433576
38460389
38480854
38488054
38499540
38506155
38513456
38514439
38521768
38537553
38537683
38538877
38539518
38539519
38542081
38543119
38544832
38552003
38554279
38555112
38566764
38567386
38568368
38573891
38574883
38576566
38577595
38605155
38607753
38609177
38609522
38613358
38615309
38615670
38621481
38623660
38625917
38627457
38627785
38629689
38633426
38636249
38641403
38641594
38642925
38646498
38649452
38652271
38657865
38669137
38689097
38696471
38709234
38711004
38721777
38725546
38729048
38729429
38730634
38732616
38734703
38734904
38741145
38741424
38747337
38749239
38752572
38759517
38759599
38763984
38769345
38781585
38785139
38785549
38786046
38790714
38791944
38792636
38795508
38796857
38803352
38807759
38809921
38817906
38826062
38828775
38834293
38835038
38836973
38839570
38847192
38847220
38852990
38860553
38862139
38863777
38865672
38865673
38869029
38869771
38870570
38872856
38886216
38886516
38888083
38892081
38892462
38892720
38900213
38903278
38913968
38918516
38922859
38927568
38928478
38937272
38943334
38944428
38952531
38958846
38960732
38964784
38970842
38972017
38977141
38989145
38993666
39001386
39001430
39003386
39021548
39023827
39041507
39046629
39050256
39052257
39055334
39058294
39059002
39061909
39062721
39062754
39068216
39068563
39077936
39078736
39080120
39083346
39084071
39084178
39085197
39085400
39091963
39103402
39103848
39107554
39113697
39115289
39116124
39116683
39117746
39125994
39127886
39128337
39142283
39156639
39160415
39169841
39170756
39171896
39172235
39172658
39172790
39174333
39177589
39178525
39187384
39187844
39188100
39191785
39191899
39192282
39194334
39195440
39198848
39208372
39208751
39218527
39227158
39228172
39243377
39246954
39258222
39261728
39261729
39264630
39265497
39268598
39272683
39281752
39286065
39297019
39300258
39300540
39306605
39311051
39317633
39319938
39332782
39335746
39356394
39356978
39363506
39364733
39373305
39389065
39389815
39393341
39407254
39408764
39413341
39421182
39421986
39436532
39438962
39446329
39446752
39451174
39468117
39474537
39475295
39478204
39482556
39486583
39488595
39490493
39490500
39494680
39502381
39504639
39506289
39510841
39512321
39513675
39515452
39520504
39520738
39528827
39544591
39544817
39545186
39546087
39550490
39557132
39561108
39567745
39567747
39567749
39575313
39576450
39577381
39579093
39579249
39585318
39589461
39590130
39594596
39596525
39605059
39605638
39606742
39609372
39611336
39619421
39626031
39626451
39628289
39636020
39640822
39643918
39647188
39656422
39657788
39662423
39663108
39663109
39666698
39669235
39669383
39669617
39672356
39672358
39673470
39675559
39681652
39682099
39695741
39696052
39704897
39705313
39721780
39724887
39730675
39733403
39742378
39754916
39765192
39766332
39767183
39775979
39796670
39796671
39798235
39805914
39809895
39822496
39823150
39826130
39828824
39835522
39838098
39838196
39838506
39844055
39847476
39849553
39861955
39864849
39868490
39875875
39879120
39892701
39899996
39901592
39907307
39907309
39908475
39912664
39914419
39918365
39918670
39949223
39955805
39955949
39963301
39971722
39973587
39980563
39984455
39984762
39989604
39997609
40000769
40002208
40004231
40010343
40015231
40015767
40016543
40025950
40027238
40027615
40042736
40046827
40046829
40071159
40075848
40080209
40100117
40104509
40106205
40109268
