7547638
7553631
7577475
7585515
7597059
7658781
7731724
7874485
7880596
7891762
8091231
8524414
8570617
8573446
8589704
8589730
8603826
8616762
8616837
8630282
8640235
8640236
8640237
8644738
8665505
8673089
8673090
8673091
8673092
8673099
8684125
8700550
8705994
8751855
8758903
8781411
8808615
8812419
8825930
8827021
8840963
8840967
8841191
8841192
8875189
8881452
8895509
8896551
8898735
8909313
8917547
8949022
8968085
8988162
8988179
9002670
9012404
9021166
9042907
9042909
9063750
9090499
9091675
9102202
9119389
9126734
9126738
9133444
9133456
9134530
9140390
9145676
9145678
9148160
9150148
9150150
9150152
9150153
9150154
9150155
9150172
9150174
9167459
9168997
9171368
9171369
9174054
9192668
9196008
9207100
9212093
9221812
9228429
9228430
9228974
9242436
9245992
9266108
9288771
9290954
9337399
9360844
9361038
9365162
9367693
9383000
9398843
9400936
9400938
9401091
9405383
9407955
9408754
9417630
9418320
9429140
9443863
9450863
9467939
9467943
9470821
9491884
9497100
9497246
9500438
9500439
9504233
9508180
9523196
9529600
9530348
9537225
9537231
9537232
9560268
9570347
9579428
9579822
9585608
9585613
9585617
9586874
9586917
9605638
9605646
9605807
9609997
9616755
9619832
9619837
9624249
9625424
9634504
9634522
9643283
9646036
9650154
9653432
9654203
9660919
9665137
9665145
9665148
9667259
9669814
9674510
9679765
9683359
9698609
9699640
9699678
9701363
9706457
9724085
9735416
9743298
9752288
9758598
9761393
9766673
9774970
9781026
9781057
9788724
9790407
9790537
9790802
9792861
9796697
9802263
9802270
9802282
9811469
9811893
9824164
9836472
9839523
9840523
9840533
9840915
9842965
9890178
9892109
9916952
9971877
10029077
10037104
10064397
10070953
10071299
10080590
10087939
10090482
10090879
10090881
10091212
10098775
10188893
10189988
10193517
10197592
10203282
10206068
10213514
10215036
10323242
10326698
10326710
10328242
10337991
10343884
10344217
10344722
10353781
10354832
10356923
10359538
10359546
10363970
10363992
10369075
10372578
10373512
10398279
10398438
10399947
10413426
10413427
10417300
10417779
10422801
10430798
10432928
10433620
10441598
10445022
10446958
10449599
10451451
10451452
10451700
10461066
10464601
10464624
10464630
10464631
10464632
10464641
10464643
10486320
10487631
10489161
10498392
10498873
10505028
10506595
10507777
10511599
10523726
10531007
10534775
10550129
10550133
10550164
10550169
10551859
10557089
10558858
10560359
10570174
10573018
10577931
10584720
10584867
10593998
10595255
10595259
10597198
10602489
10609497
10612497
10615237
10637076
10638982
10644434
10652533
10652564
10660329
10662541
10665701
10667595
10676562
10682665
10690392
10699917
10704738
10717622
10724455
10728701
10731589
10733239
10733923
10739756
10741697
10749118
10755399
10762009
10769725
10782232
10782928
10785486
10790213
10793087
10794360
10797254
10797299
10799749
10802632
10805950
10805951
10807692
10818594
10819530
10819532
10819533
10819534
10819535
10819537
10837032
10841315
10852372
10860223
10862052
10865295
10865296
10865297
10865683
10866028
10874312
10885351
10885601
10889864
10894872
10899649
10910057
10942534
10945492
10946349
10948321
10952777
10961992
10963002
10968458
10969800
10972993
10978364
10980621
10985371
10985881
10995809
11003560
11004669
11004687
11013445
11030417
11030418
11032914
11034101
11039575
11044354
11044644
11050918
11056688
11060334
11060335
11060336
11060337
11060338
11060339
11062481
11063672
11064350
11070646
11072151
11073541
11091610
11091655
11091690
11100717
11102977
11102978
11102986
11106241
11106360
11113439
11126365
11130383
11133358
11139248
11139249
11149425
11156530
11158174
11159737
11161375
11169568
11170288
11170890
11170903
11172592
11173152
11179017
11180449
11180605
11180606
11185074
11185744
11191790
11192759
11196174
11207040
11207041
11207042
11207365
11208888
11215675
11216667
11237395
11239455
11239456
11239959
11240689
11241844
11248061
11250674
11250679
11250682
11250722
11250747
11251181
11257103
11265239
11267991
11284040
11295099
11304778
11306454
11307153
11313963
11314429
11332051
11336395
11343905
11352856
11352857
11358831
11359068
11373105
11377596
11380364
11389159
11391658
11400119
11403219
11418002
11426450
11429050
11431357
11433401
11436123
11436293
11437066
11443730
11447276
11447881
11452363
11453973
11454686
11463009
11463017
11466700
11474660
11477095
11481082
11494122
11497291
11504767
11512557
11519868
11525763
11529589
11532935
11550168
11556836
11562114
11566341
11595708
11597317
11597388
11602572
11605067
11668223
11693810
11694309
11694875
11698567
11707511
11710835
11710890
11714026
11715007
11734330
11748848
11754111
11756561
11757317
11759816
11781149
11781689
11784554
11786581
11788883
11793480
11801872
11802208
11802209
11807777
11807889
11807980
11822793
11832208
11836363
11840496
11843247
11844822
11850397
11850831
11857015
11857383
11857409
11857748
11857749
11860053
11861370
11870156
11870509
11873550
11879553
11879560
11883440
11888897
11890937
11890985
11896095
11897832
11899391
11900881
11920621
11920628
11920643
11927503
11929857
11948123
11948466
11948477
11950811
11950848
11967536
11972384
11981002
11983207
12007633
12014998
12019146
12020440
12023992
12023993
12039933
12048272
12060539
12060851
12064337
12065746
12065747
12070551
12080393
12083779
12088120
12096075
12096084
12097257
12097290
12100744
12101561
12108833
12112655
12114473
12114492
12124354
12125210
12126570
12140683
12140769
12142080
12145750
12150898
12161607
12161611
12165866
12181777
12189215
12193279
12203997
12204006
12215246
12215249
12215251
12228708
12228710
12229876
12237285
12241952
12242698
12359199
12359861
12373604
12381714
12382193
12385017
12385650
12408834
12409058
12409590
12410562
12414647
12414821
12414830
12442171
12442265
12442273
12442274
12442275
12447354
12453858
12457141
12459499
12461697
12464584
12464649
12471628
12473589
12474142
12483515
12485194
12491499
12504001
12504983
12521547
12527904
12531392
12543786
12552570
12556369
12568865
12569143
12591928
12599199
12601471
12606139
12606939
12610208
12618335
12619154
12622420
12624152
12631390
12644538
12644832
12655560
12655567
12655574
12670525
12673274
12673354
12673801
12676906
12677558
12680164
12684407
12690474
12691152
12698193
12704633
12721241
12727514
12750298
12756300
12759930
12760075
12771943
12774040
12784290
12809554
12815053
12833555
12837830
12837841
12837842
12837843
12838319
12843322
12845657
12847614
12849591
12853213
12864795
12865453
12872252
12872265
12881020
12915460
12920083
12920090
12923317
12927042
12928478
12938098
12941707
12942367
12946038
12947386
12953090
12955716
12955719
12957799
12967657
12967658
14506147
14507240
14517958
14531499
14555511
14555518
14574155
14574168
14576434
14580253
14580256
14580352
14580353
14581427
14583453
14600100
14600353
14614187
14636569
14645421
14646599
14647209
14647210
14647413
14647438
14651841
14651845
14660434
14668548
14670928
14672397
14673037
14678969
14680492
14680495
14680822
14681210
14684619
14709734
14709740
14718789
14722926
14726651
14732925
14735197
14746861
14752193
14757868
14757871
14966099
14973102
14981104
14981540
14984974
14987362
14994235
15004464
15014444
15015609
15015615
15024741
15026330
15026808
15028830
15031720
15041722
15047450
15053073
15059511
15060102
15067026
15069110
15070707
15073127
15082902
15083174
15084242
15102447
15115758
15117986
15131356
15131399
15131400
15138485
15159322
15162061
15168169
15172125
15172753
15197194
15199141
15217494
15217503
15235023
15236312
15251168
15254695
15258697
15265971
15276185
15279768
15280182
15281304
15286163
15290653
15292392
15307796
15308204
15314155
15317758
15319244
15331871
15343273
15355907
15356654
15365993
15367553
15375219
15375235
15381448
15382059
15382066
15451348
15478194
15480413
15507170
15519522
15528970
15533909
15535929
15543618
15545746
15545966
15546503
15548363
15548676
15550590
15557797
15558796
15559734
15564800
15571962
15572408
15574200
15576260
15576832
15589605
15598752
15598789
15604630
15604634
15611632
15617999
15635067
15642173
15645491
15654225
15654226
15657438
15668291
15668505
15670748
15671039
15683621
15687553
15689453
15695382
15701685
15703751
15705879
15709182
15713648
15721786
15726604
15728161
15728167
15733268
15734731
15734957
15735671
15743497
15744030
15744044
15766593
15770521
15798199
15799620
15800311
15800615
15805113
15806175
15823750
15824179
15829966
15832305
15858120
15863145
15863663
15868448
15879497
15880530
15887246
15889636
15894656
15894703
15899802
15900600
15917310
15918047
15930293
15937124
15942690
15944772
15951253
15951955
15951959
15955690
15976277
15983021
15986445
15987451
15990877
15994864
15994883
16005565
16011303
16030426
16032702
16033919
16042582
16044500
16047333
16047344
16049805
16051327
16051332
16052221
16052489
16079000
16079322
16082177
16084575
16085232
16088935
16108063
16115142
16123599
16127665
16129371
16137750
16137751
16140006
16141007
16154163
16155798
16155942
16158938
16162645
16168123
16168130
16170354
16174851
16174860
16188301
16199546
16205630
16210413
16211554
16219930
16219936
16234499
16234515
16234517
16243825
16251802
16257105
16261400
16261408
16270413
16276057
16280055
16284991
16287996
16324400
16325521
16331614
16337408
16369438
16389418
16407858
16415210
16417627
16417652
16418514
16419081
16433698
16434590
16434996
16435074
16448223
16448746
16451773
16452249
16454559
16455195
16456781
16457692
16469160
16475207
16484695
16489001
16507150
16510328
16510331
16513631
16521688
16528604
16530420
16533589
16537453
16537697
16538216
16539040
16539696
16541310
16546942
16549849
16549852
16550498
16551709
16556071
16570289
16574953
16575464
16582871
16614877
16616110
16619214
16621732
16643458
16643964
16644204
16648044
16683254
16687415
16701105
16715518
16724247
16724273
16731627
16736282
16754685
16758124
16760289
16764716
16769276
16772120
16777318
16782939
16792514
16793542
16818684
16825431
16825437
16826315
16829658
16835342
16835343
16835424
16835750
16843109
16845393
16847550
16860930
16875939
16886281
16896052
16905680
16909138
16912212
16914443
16920162
16922722
16931905
16939956
16949048
16950820
16962648
16964288
16965326
16973716
16978908
16980226
16980814
16982466
16997331
16998496
16998498
16998501
16998503
16998791
17001151
17011978
17018160
17020472
17021353
17063265
17063270
17063271
17066443
17079251
17100990
17100994
17109443
17113724
17119064
17143532
17145824
17145825
17148771
17160431
17187672
17196508
17197928
17200332
17200668
17200672
17213823
17216544
17224268
17235212
17243094
17243162
17245541
17250666
17262179
17286961
17289874
17289875
17301269
17307353
17333342
17333343
17336596
17341484
17342152
17346477
17351952
17379580
17386038
17403394
17408542
17413983
17416853
17428325
17445839
17453335
17466083
17476307
17483448
17497962
17497966
17503080
17511731
17513806
17515903
17515904
17532207
17541404
17541742
17549079
17549502
17549625
17554067
17562079
17565157
17570734
17582599
17591843
17592676
17603793
17617523
17624602
17625123
17627006
17627904
17636421
17636425
17640379
17657584
17661168
17661812
17664283
17671173
17673443
17686308
17686574
17688236
17700570
17707537
17718858
17724471
17767707
17767921
17786054
17822964
17850627
17851763
17899372
17909202
17909205
17917796
17922257
17924331
17925560
17928608
17933033
17940634
17945002
17952592
17969078
17971607
17972172
17972177
17982490
17985426
17998696
17999359
18006916
18026875
18034184
18036394
18042939
18059333
18060494
18065738
18066084
18095987
18097605
18097771
18098285
18158280
18167127
18175216
18176857
18178637
18182994
18195327
18196574
18204050
18212739
18214034
18230020
18256760
18264087
18264088
18266476
18268356
18269778
18270717
18275599
18279628
18283561
18284688
18286383
18288416
18288683
18298804
18307534
18327210
18330910
18341607
18343512
18343994
18344704
18355772
18363094
18366960
18373403
18375895
18377429
18381935
18384426
18393245
18402691
18410217
18413374
18414782
18417966
18424508
18429819
18429825
18430140
18431501
18437078
18439040
18439106
18445692
18446436
18451181
18451254
18456714
18465347
18466632
18469443
18481196
18483851
18483852
18489799
18497862
18501021
18509731
18513387
18523885
18528753
18543099
18546071
18559571
18559594
18559613
18563556
18577985
18587272
18593900
18597679
18607349
18611907
18617489
18618591
18627636
18632222
18633700
18642075
18679827
18693280
18694767
18703817
18704680
18708369
18710587
18712473
18720553
18723021
18724707
18758995
18765668
18776644
18781154
18797466
18798010
18807268
18819001
18820000
18824701
18828690
18840549
18841336
18842997
18844490
18853249
18855126
18940471
18955455
18978334
18990703
18992372
19011960
19012002
19016350
19016568
19016756
19030985
19043619
19047179
19066131
19070627
19088722
19102642
19110958
19139771
19141781
19176389
19176491
19179552
19184534
19188187
19189213
19190154
19200354
19210013
19214744
19229607
19232099
19241424
19253839
19263514
19267246
19268590
19288190
19303847
19320659
19324993
19353265
19370414
19372713
19377795
19383375
19383921
19423647
19433978
19442290
19457980
19471317
19473207
19476645
19478387
19499246
19530235
19540122
19541683
19542080
19542536
19549900
19553191
19554456
19563646
19564533
19574032
19578754
19584259
19597986
19606053
19609323
19609668
19616529
19619314
19620486
19628690
19635604
19644536
19649703
19649760
19653894
19654294
19656163
19656164
19656774
19661094
19669874
19690506
19703879
19707196
19709076
19715467
19725993
19737859
19747923
19760496
19763692
19767587
19777765
19780858
19787003
19795125
19795481
19796187
19803908
19803943
19805903
19838057
19841585
19843326
19858367
19858402
19861535
19875419
19876733
19877752
19885732
19887619
19894111
19899408
19912264
19920816
19921428
19930417
19941167
19941814
19944633
19949853
19959799
19967274
19996025
20002453
20008623
20008842
20010525
20020529
20028873
20033483
20043088
20051372
20056647
20077502
20091130
20101300
20104584
20127002
20130978
20134318
20135344
20135345
20135348
20151322
20174566
20180951
20180971
20195775
20200423
20202217
20204502
20206018
20213081
20215541
20216074
20221693
20223009
20223018
20223030
20232139
20232141
20233462
20233483
20234119
20234365
20299317
20301425
20306497
20309627
20356927
20359158
20368571
20373018
20373860
20377375
20380699
20383589
20396944
20400477
20410767
20411323
20418484
20421506
20423983
20428881
20429623
20439215
20442529
20450923
20455026
20459916
20472656
20472659
20473725
20494261
20507642
20512419
20513136
20513533
20541936
20543987
20570322
20579331
20582465
20585617
20587410
20606085
20608899
20609467
20609468
20614180
20617377
20625817
20631063
20652400
20653694
20664408
20665887
20676756
20683152
20684611
20694749
20704923
20706784
20711702
20713847
20715112
20721735
20721742
20721749
20729832
20729858
20729859
20735817
20736950
20798986
20807450
20809262
20810374
20810544
20812602
20840664
20850175
20858050
20871615
20872766
20877337
20877358
20878484
20887823
20890790
20919953
20921464
20922827
20924075
20927582
20935268
20940245
20948822
20960027
20960228
20974951
20978178
20979543
21042765
21056012
21060860
21076401
21079137
21084279
21091678
21097693
21098284
21098759
21114847
21118973
21119070
21120943
21123097
21125072
21147080
21148102
21149333
21149701
21156238
21161372
21166701
21169536
21183737
21184276
21189297
21190077
21199651
21204799
21218378
21221768
21222048
21228333
21232165
21276604
21285145
21285249
21289082
21294809
21296653
21305653
21318380
21324516
21352873
21356067
21373873
21393566
21394499
21394826
21399666
21409565
21424757
21425892
21427728
21441901
21444874
21445571
21455033
21455666
21470549
21476145
21483806
21487248
21487411
21499684
21508395
21509758
21514447
21517277
21520273
21523855
21545057
21548014
21555554
21557934
21559243
21562711
21565612
21573016
21576230
21591024
21593217
21597964
21598239
21601571
21604195
21607582
21610317
21613821
21614564
21633386
21637299
21637503
21643751
21646380
21649643
21653198
21665305
21667031
21670257
21671020
21673951
21681553
21702907
21708937
21710692
21717445
21719596
21731065
21733824
21735045
21741379
21750719
21761396
21769658
21779174
21779182
21787670
21789034
21797127
21798026
21811163
21847643
21850394
21895635
21900052
21918853
21918854
21935911
21939546
21943665
21947752
21952622
21958427
21965345
21969203
21978880
21984204
21984989
21990134
21990146
21990299
21990304
21990416
21993507
21996371
22009639
22019625
22021229
22024946
22025144
22025145
22034289
22039535
22042950
22044372
22044689
22053997
22072316
22073281
22077663
22085629
22098958
22113258
22116401
22126563
22127115
22133571
22135240
22139894
22142662
22143498
22144499
22144684
22147742
22152194
22157755
22158906
22176776
22187038
22187320
22187435
22193042
22193408
22194698
22203755
22212556
22217331
22217648
22218796
22228431
22229226
22240989
22253144
22262156
22274543
22274678
22274679
22274685
22274690
22282309
22293751
22312502
22328347
22333589
22339411
22340495
22348646
22351618
22366370
22370324
22382806
22384640
22399190
22405187
22425664
22425665
22426013
22430712
22434521
22443199
22447567
22471976
22473970
22486351
22505045
22505581
22507745
22513257
22522501
22525576
22525577
22535016
22537934
22544547
22556274
22564871
22579622
22617326
22632462
22652532
22666503
22678057
22680617
22682623
22684231
22711610
22713736
22729394
22729890
22739995
22744338
22752604
22753590
22753899
22762150
22771033
22776961
22778154
22788243
22798144
22809218
22825375
22829013
22869870
22874498
22895246
22895247
22897693
22901131
22903806
22920210
22920214
22923021
22933969
22934697
22962691
22964643
22972572
22977638
23009828
23011509
23033368
23034506
23035815
23050611
23053156
23055798
23057551
23066998
23071527
23080033
23082475
23096105
23096355
23099436
23099806
23108138
23110154
23113073
23117821
23149936
23165508
23165859
23184082
23184400
23215809
23216834
23222131
23231788
23242612
23249957
23257159
23262210
23265709
23269995
23271408
23284877
23299404
23315985
23316441
23319376
23328489
23341570
23364291
23384538
23391663
23409019
23409121
23411475
23414920
23417715
23420552
23438721
23451180
23458327
23469205
23479189
23481354
23483928
23517070
23517234
23524863
23531862
23539753
23543211
23544012
23544385
23558894
23562522
23571745
23576707
23579217
23580958
23593081
23596230
23607692
23615136
23619121
23620175
23621881
23628597
23633455
23658460
23666017
23678008
23683081
23697973
23704879
23704984
23706288
23711090
23720450
23740344
23747889
23747895
23754601
23772696
23803109
23833673
23853209
23857704
23859469
23877192
23918944
23929434
23935068
23935836
23940062
23942203
23958087
23961350
23964347
23971979
23980083
23983145
24013206
24019637
24045978
24052750
24065545
24081944
24094589
24116874
24117034
24122022
24123194
24123850
24127632
24130102
24131965
24136669
24136930
24141787
24147435
24156927
24162189
24171172
24177987
24210700
24217135
24218521
24237098
24259538
24265793
24268522
24271037
24285729
24285840
24285858
24289229
24289560
24292448
24301060
24302565
24306927
24312913
24323938
24332935
24333842
24336406
24337145
24343917
24348212
24371622
24371674
24372583
24384087
24389137
24389956
24395671
24420904
24448238
24448978
24454456
24472143
24473064
24484606
24485656
24489760
24489791
24489863
24492431
24500773
24504028
24519767
24522996
24526546
24528374
24566764
24567435
24578176
24598993
24607278
24627042
24627786
24638001
24641409
24642354
24672057
24675954
24681744
24686251
24698998
24708220
24711893
24728189
24728577
24737347
24742220
24754577
24764694
24772314
24789418
24814045
24817641
24824029
24824314
24825132
24835992
24839250
24841458
24841841
24842883
24862760
24880342
24887353
24887359
24890143
24894343
24896180
24902638
24906410
24916970
24938600
24946157
24951267
24951645
24951646
24955283
24959366
24962530
24974076
25011220
25011685
25027116
25043256
25053764
25053826
25066507
25069718
25082516
25085752
25091037
25092746
25101567
25111659
25112434
25146914
25150171
25154392
25154786
25176351
25186627
25191729
25192939
25195694
25198398
25218637
25224030
25225577
25236687
25243787
25256238
25274085
25282148
25304112
25311111
25320599
25336561
25337721
25339023
25348513
25348552
25350069
25356972
25371446
25380576
25382762
25395318
25398451
25403211
25418591
25428384
25435541
25436004
25447315
25451944
25467311
25476495
25482078
25488918
25497410
25503500
25511378
25526195
25533736
25533971
25550384
25556971
25557581
25579682
25586199
25588834
25622547
25622745
25632310
25659033
25666348
25671134
25673166
25682074
25685387
25692405
25712765
25714301
25716084
25734415
25735359
25736863
25737278
25743105
25749384
25773776
25777348
25778924
25782689
25788227
25792249
25798433
25802882
25803638
25808098
25812526
25816289
25818403
25833212
25833843
25836596
25838159
25838448
25838449
25847274
25849179
25850293
25850536
25857409
25859162
25863477
25864590
25865228
25869530
25876666
25879355
25884701
25886519
25892146
25893891
25896959
25919761
25920394
25925750
25927241
25935583
25936246
25943835
25944041
25945522
25975349
25975955
25987697
25993149
26018033
26018189
26022977
26025000
26026974
26028024
26029962
26036150
26041759
26052455
26064523
26086567
26109977
26111274
26132389
26137147
26140844
26141318
26145171
26153499
26153645
26180923
26181175
26182991
26183081
26187060
26195121
26202431
26217607
26219728
26221963
26236408
26239694
26258912
26271414
26272590
26282646
26295337
26300672
26310369
26320393
26327352
26338419
26347108
26349355
26355282
26360800
26378051
26380221
26387543
26402875
26439132
26446551
26452665
26455428
26455498
26467043
26467044
26489468
26489613
26492029
26496279
26496879
26541979
26543556
26552643
26564481
26566862
26576347
26577449
26586665
26600843
26612439
26656232
26657402
26691937
26691939
26691948
26698676
26708042
26709275
26724258
26740091
26745123
26745694
26748828
26763880
26770289
26775038
26780556
26797585
26822949
26833046
26833090
26834852
26843614
26843898
26844277
26852015
26852130
26857456
26867194
26867710
26871286
26873923
26888723
26893716
26920070
26933761
26951453
26959114
26962171
26976601
26979245
26979395
26986251
26988823
26992017
26992456
26997744
27000661
27015555
27025497
27033093
27060066
27060914
27065665
27068824
27069714
27074266
27081505
27082245
27084934
27087322
27087880
27091466
27094481
27117159
27124784
27125725
27160020
27194814
27195161
27208206
27211102
27223485
27225637
27244682
27246457
27262228
27272846
27286788
27303907
27306910
27322732
27323902
27338744
27350785
27375968
27383479
27393621
27403073
27425403
27433848
27434671
27452521
27459693
27459694
27459695
27463617
27465373
27469594
27487393
27488020
27490902
27493913
27495310
27495996
27498558
27499891
27511924
27528622
27530326
27530658
27532258
27535137
27535760
27537391
27561088
27582380
27584910
27601060
27603373
27628236
27628328
27630665
27632928
27643881
27650115
27656835
27658390
27687312
27692705
27721065
27726949
27741520
27755534
27761361
27767231
27779185
27779244
27791391
27793035
27796716
27807724
27836010
27838800
27869444
27869446
27869447
27879444
27882536
27886673
27893411
27906198
27914478
27929526
27941124
28003870
28039656
28058502
28066861
28067867
28078281
28079255
28090007
28091860
28101941
28111427
28117848
28120249
28133886
28157161
28159408
28168276
28176296
28179634
28184943
28184945
28185119
28212807
28222693
28235830
28247011
28263838
28283652
28288110
28291131
28291774
28324225
28339459
28343309
28356425
28358128
28361071
28375947
28376175
28376189
28382102
28383640
28392550
28398847
28407998
28410213
28418854
28422718
28431939
28439188
28448241
28450426
28452926
28453706
28463631
28467918
28471192
28471200
28476184
28477318
28487881
28525389
28540621
28540821
28574632
28575672
28575676
28577564
28579318
28591715
28594926
28595730
28596260
28608931
28609204
28616458
28617445
28620890
28623073
28624978
28626402
28632866
28634224
28650471
28651617
28655807
28673926
28676659
28680148
28692638
28704513
28705099
28706734
28714477
28726806
28727877
28729482
28730229
28730286
28743957
28751759
28754563
28757209
28760657
28765325
28766224
28780755
28782058
28783711
28796317
28796549
28802188
28814288
28822785
28831036
28840378
28841282
28862356
28866612
28870997
28871957
28882436
28891354
28893223
28904335
28914618
28929593
28944232
28985766
28993434
29017890
29020660
29021281
29021639
29023372
29026449
29028552
29038425
29038466
29039136
29051491
29053959
29061375
29066501
29072253
29082482
29084914
29088781
29100040
29108258
29116468
29126396
29126833
29133916
29158857
29161300
29162271
29165356
29184099
29193313
29196727
29202657
29206279
29215764
29225062
29240257
29240602
29262038
29263317
29266833
29280214
29293388
29297111
29298688
29302806
29309945
29325860
29330845
29335924
29335925
29337093
29339979
29346284
29356578
29361001
29383107
29386125
29387975
29394989
29404807
29404838
29409476
29422346
29423116
29441441
29446198
29447171
29458766
29458771
29460478
29460995
29478268
29479477
29483236
29492181
29497862
29499861
29506471
29512278
29519552
29534594
29541174
29545922
29547931
29550970
29565421
29570666
29575201
29580149
29580810
29594659
29617652
29651367
29654063
29680362
29686033
29687286
29707112
29707605
29718910
29745381
29750819
29752676
29755871
29755873
29762244
29766361
29767746
29767749
29774317
29774471
29789556
29793255
29793803
29797126
29800948
29801022
29802286
29802810
29858758
29860059
29863481
29881398
29884841
29891014
29899995
29907814
29921024
29928469
29935000
29937315
29969168
29979200
29983698
29988080
30032296
30036902
30038706
30041945
30055349
30061222
30101128
30103829
30110643
30111871
30120466
30141832
30145549
30175445
30181190
30186769
30199306
30204945
30207912
30214756
30270052
30271179
30275862
30308700
30314670
30333000
30337689
30345412
30362333
30380096
30400234
30407325
30407790
30408727
30410429
30410870
30414741
30415210
30430080
30447915
30453575
30474649
30482293
30513626
30521006
30541753
30542053
30547773
30553478
30555256
30560944
30564067
30586411
30590106
30601186
30603998
30606148
30611917
30613824
30626869
30631805
30635808
30636051
30637199
30638113
30650591
30652428
30660828
30661232
30661763
30672594
30686591
30694012
30696104
30706003
30713775
30715414
30715675
30723304
30723561
30725392
30726305
30736279
30747491
30756284
30760716
30797618
30803554
30804343
30808988
30811824
30822218
30825404
30834494
30865812
30865813
30865814
30867769
30871108
30872704
30873510
30875717
30883759
30894273
30895535
30900310
30927264
30930946
30940775
30941419
30947698
30968603
30969264
30971774
30971832
30980249
30988810
31002019
31022191
31029168
31043710
31045513
31060517
31060593
31065452
31069010
31080125
31080552
31095775
31112341
31112363
31125106
31131559
31131967
31141992
31143303
31149481
31160070
31161121
31182087
31184779
31191615
31209201
31209999
31213659
31227566
31237028
31242413
31244284
31263054
31264307
31273614
31273878
31284411
31294896
31302855
31307407
31316060
31320485
31320873
31331294
31336956
31337537
31337648
31341521
31343663
31343793
31360853
31361278
31370837
31372034
31396961
31405066
31407530
31409079
31409081
31413733
31424539
31433991
31434110
31435815
31442018
31444676
31446535
31454914
31464824
31495749
31501807
31510074
31511339
31529615
31534014
31537406
31537621
31549213
31563594
31569370
31575654
31577767
31577852
31581314
31584660
31610093
31612916
31616075
31618864
31631483
31650727
31681433
31700821
31719105
31723001
31724318
31729099
31753525
31760313
31772111
31780568
31782247
31784482
31787751
31792088
31796516
31808637
31815182
31818005
31825140
31829822
31837001
31841487
31851867
31853057
31853058
31865638
31872386
31875949
31877165
31882575
31890060
31892343
31900740
31911673
31912664
31915789
31918993
31948486
31954625
31956609
31980407
31987042
31995244
32002463
32005245
32019859
32022259
32022473
32037537
32037829
32040686
32042793
32045981
32046981
32047284
32064343
32072338
32073954
32087690
32096072
32101877
32102695
32110220
32132887
32161019
32164353
32164626
32171277
32175645
32187134
32194909
32201259
32206145
32249003
32255263
32260355
32269964
32280079
32284662
32286328
32297440
32297664
32300191
32300229
32300630
32333294
32335146
32341426
32345962
32349445
32354794
32354797
32354836
32356124
32375709
32377563
32391871
32393398
32393813
32393849
32398771
32408326
32414209
32438681
32444794
32451972
32454976
32455662
32467295
32468256
32468491
32482800
32488392
32497289
32516598
32523053
32531196
32532514
32554602
32560019
32560020
32576986
32579544
32586171
32609828
32614418
32629901
32638237
32641407
32665703
32674931
32683791
32683879
32686918
32698099
32708835
32714499
32733560
32772980
32776008
32776218
32777875
32785644
32795228
32812259
32814805
32819113
32832298
32846166
32850417
32856862
32870734
32872764
32875559
32879886
32884827
32894085
32895312
32903788
32905297
32913984
32914001
32914019
32918181
32926049
32935810
32939053
32945515
32957395
32957588
32971473
32980867
32989658
33000375
33008098
33010967
33011260
33013205
33014209
33017331
33042619
33067490
33078592
33081408
33084436
33110458
33129865
33131182
33139817
33145262
33147104
33152107
33159495
33194613
33194641
33238387
33240400
33241105
33245177
33250205
33278427
33293522
33314489
33326660
33334906
33336754
33345658
33357097
33375991
33376347
33400207
33407082
33407459
33414135
33423179
33426488
33428613
33443393
33457057
33461583
33462368
33469799
33478551
33489192
33489693
33499154
33503928
33507482
33525353
33550028
33552388
33556450
33568438
33576117
33576549
33578357
33597508
33597716
33599307
33608381
33609447
33619265
33626496
33630024
33634895
33640299
33643918
33649363
33662256
33670479
33672545
33691600
33710348
33720054
33726785
33731272
33731496
33761021
33767865
33773808
33785722
33804884
33810291
33812767
33816072
33834176
33839031
33868464
33891299
33893322
33904624
33922657
33936442
33961040
33961890
33964450
33966140
33966141
33968986
33970096
33970687
33978741
33986610
33987378
33987625
33990587
33994169
33995041
33996534
33996823
33999380
34008499
34012368
34014551
34027046
34031538
34045389
34045478
34065235
34068254
34081848
34086170
34087125
34087993
34090422
34101484
34106763
34108647
34113011
34118472
34123730
34135636
34141847
34146199
34148027
34171390
34178674
34196652
34196653
34197614
34202525
34206661
34207612
34221826
34234458
34235180
34237702
34242281
34254584
34258530
34258531
34262130
34290354
34295175
34296289
34296361
34301749
34302857
34304065
34304906
34309133
34309473
34320204
34324701
34325649
34326328
34328705
34330534
34341011
34344426
34348152
34348913
34356050
34356116
34356684
34359565
34365471
34367235
34373645
34387603
34398592
34401875
34413315
34420218
34424329
34425813
34426412
34440403
34449592
34456966
34500047
34504103
34516663
34517749
34533610
34548921
34570943
34572083
34575694
34584710
34593815
34597585
34602949
34616022
34616818
34625364
34637782
34645131
34645815
34657357
34680945
34687993
34697207
34700141
34703009
34707239
34716741
34722729
34734039
34750509
34761636
34772932
34778033
34778690
34801929
34808016
34846626
34870614
34897671
34902667
34906479
34929424
34930165
34952473
34958358
34963702
34968781
34969949
34978208
34994625
34995080
35000471
35001340
35003780
35005470
35020120
35042909
35048954
35050751
35052422
35053516
35063276
35063280
35070436
35077220
35082620
35111011
35116935
35135103
35135104
35135108
35135132
35135137
35143328
35159349
35166990
35187501
35200549
35205366
35216860
35220378
35237525
35259923
35261270
35278150
35278219
35286153
35298906
35300142
35303741
35313928
35315047
35316728
35324529
35325018
35332707
35363308
35365640
35373174
35382848
35385581
35393462
35395863
35400012
35406559
35409418
35411189
35413318
35418215
35420638
35435472
35442721
35456503
35475284
35507134
35508134
35527100
35539677
35549390
35576916
35592921
35596815
35600410
35626031
35641219
35641852
35649669
35665744
35668307
35671604
35697743
35705781
35711920
35715464
35715489
35715636
35725469
35729312
35731312
35734584
35736817
35740092
35743882
35751457
35762214
35770919
35772456
35772457
35774732
35779836
35804459
35805038
35819255
35819745
35834759
35837171
35866178
35902772
35908255
35912982
35918668
35923470
35926819
35949895
35950060
35955488
35957765
35957899
35974241
35977876
35978685
35979650
35980168
35986085
35993980
36002001
36029389
36034850
36043882
36061650
36070766
36087707
36089892
36098506
36107942
36123219
36147908
36149077
36185208
36197199
36203093
36205748
36224341
36230512
36230652
36230696
36246618
36249907
36253484
36260241
36299234
36308075
36318381
36318705
36319079
36329109
36341195
36341199
36341200
36341205
36344511
36349178
36358659
36358902
36362213
36367610
36370215
36382533
36395396
36397405
36400008
36404245
36404616
36405946
36412035
36478495
36495190
36497436
36533108
36551924
36564284
36577523
36578942
36580360
36582974
36599183
36605468
36623243
36631481
36639528
36645189
36672364
36700131
36701836
36702902
36706533
36707518
36718731
36721989
36729128
36731423
36735534
36753473
36775216
36791903
36812344
36815581
36831416
36833429
36851449
36852260
36854505
36864289
36865806
36881271
36881687
36882017
36905492
36906610
36928234
36972661
36975505
36976771
36977549
36984607
36998040
36999648
37004193
37005966
37046302
37046756
37046793
37046838
37048111
37055759
37067535
37073955
37076566
37078954
37082677
37090587
37113717
37119509
37126020
37129948
37139596
37166624
37171785
37173901
37174127
37181338
37204320
37209095
37222498
37231225
37240284
37254810
37260982
37283256
37290104
37293848
37300745
37316882
37340476
37345127
37361368
37361653
37380723
37391593
37398312
37420004
37432545
37446144
37461372
37485802
37486343
37488236
37499663
37509332
37558640
37560344
37562861
37587346
37602539
37605508
37626143
37628606
37643668
37651978
37651980
37657917
37663942
37664050
37677830
37691027
37692097
37692183
37692681
37707838
37713444
37716861
37719058
37725113
37725782
37735513
37743480
37758835
37774080
37798272
37813891
37816281
37845719
37850614
37851290
37852034
37868454
37889963
37895014
37900835
37909344
37919288
37922907
37934232
37934606
37943872
37951914
37956396
37957733
37962330
37963304
37970330
37980415
37982886
38007537
38008640
38010655
38016757
38017453
38019076
38019249
38023256
38030749
38035841
38036573
38059556
38062337
38067403
38068953
38072760
38086530
38098088
38112915
38114660
38123987
38133958
38142462
38157332
38162618
38167124
38168194
38168858
38179550
38184581
38187047
38194775
38216736
38216737
38223534
38244544
38247067
38250382
38271119
38274092
38293680
38300310
38300337
38307000
38308422
38323364
38327755
38333895
38336701
38355834
38370791
38375722
38379091
38386807
38394084
38394390
38409497
38416570
38417439
38421676
38421677
38428891
38440716
38455501
38460862
38472265
38480854
38515651
38524061
38537553
38557488
38559611
38577595
38587189
38606163
38608703
38609177
38623065
38623660
38641403
38641594
38642925
38646498
38670069
38685107
38707742
38709234
38715777
38716772
38725546
38733420
38736717
38741145
38741424
38773604
38773866
38785549
38786089
38799106
38809921
38828772
38828779
38830843
38839570
38847192
38862139
38863777
38900213
38903278
38912178
38913968
38918516
38920278
38922859
38922965
38927568
38937272
38953170
38991180
39001386
39001430
39048081
39052257
39058294
39059002
39062721
39072245
39091814
39095423
39103259
39103402
39126233
39142283
39152168
39156267
39172658
39174333
39177589
39178525
39198848
39208751
39224671
39264630
39271738
39279378
39281752
39333100
39335746
39345573
39356978
39364320
39386664
39393341
39395831
39398920
39416194
39438962
39472984
39475295
39488595
39504639
39510841
39513237
39513675
39516324
39529767
39544817
39546087
39557864
39567747
39585318
39611336
39643918
39666931
39669235
39669617
39673614
39681652
39702187
39724887
39741007
39747609
39758786
39767807
39779848
39779857
39796670
39798235
39805914
39822496
39828824
39835522
39893637
39908333
39908475
39914419
39918365
39923534
39926281
39948841
39980666
39985003
39994448
40000769
40002208
40004231
40027238
40065879
40071159
40076915
40084269
40091949
40104509
