11733348
11997514
12192049
12543779
12840145
15109495
15261828
15456879
15539109
15710895
15795266
15994786
16109376
16109377
16282494
16339075
16537635
16542442
16921027
16928766
16940503
16973557
17023018
17189190
17267518
17329240
17626100
17686863
17690245
18039861
18223296
18495759
18498094
18500820
18815416
18922874
18971272
18996376
19038968
19103749
19129460
19553317
19596781
19812244
19828451
19846528
20133580
20201073
20395873
20495683
20715035
20926576
21389092
21555454
21652721
21814200
21890894
22120039
22126464
22334664
22509028
22567088
22645123
23041316
23086925
23087374
23128391
23131666
23144621
23249862
23317504
23365439
23473602
23530754
23589332
23686307
23722886
23728299
23759512
23762261
23945939
23950209
24045152
24065765
24090311
24100334
24205059
24220271
24260471
24278023
24360279
24403256
24435446
24445267
24448221
24497639
24520112
24525235
24526121
24568369
24592384
24657799
24664238
24736545
24759736
24763052
24767840
24796395
24832099
24860166
24939842
24954901
24976024
25017071
25119042
25140737
25146928
25242322
25263550
25266565
25284786
25288306
25338565
25340539
25383670
25393219
25478319
25506891
25512383
25535366
25559428
25603177
25647019
25678016
25684227
25691659
25694599
25788266
25816404
25877301
25892415
25941994
25946208
25989842
26022843
26027633
26035625
26044852
26051217
26083714
26093279
26111795
26119939
26158404
26186095
26191363
26216992
26220994
26263125
26301327
26304078
26365679
26397223
26405693
26415225
26456956
26551281
26573731
26575167
26590112
26596901
26622824
26626481
26629616
26644586
26707881
26727473
26731611
26840017
26847871
26858406
26939702
26974661
26976114
26985285
27007123
27008626
27081696
27099234
27128490
27142751
27158652
27159561
27159579
27219867
27220641
27223260
27238211
27266999
27290915
27291650
27294782
27379869
27425608
27477287
27496136
27531767
27536004
27563393
27573714
27580186
27581642
27600312
27621183
27624132
27651315
27651452
27698495
27764245
27769352
27782467
27793799
27846392
27879331
27965149
27980063
27990121
28024472
28032455
28063381
28073847
28076398
28077651
28137841
28169998
28174254
28182006
28262505
28267770
28281917
28300771
28314513
28347667
28369619
28378926
28391274
28461486
28481868
28484033
28484091
28490802
28525743
28545522
28549889
28564537
28569271
28586718
28588073
28630312
28635318
28638377
28681984
28694331
28721198
28729764
28733670
28757943
28765013
28766687
28781807
28783236
28805820
28813519
28823556
28837371
28844864
28844955
28854735
28881656
28881723
28884163
28901664
28927100
28931940
28933601
28955901
28981843
28983974
29050985
29070704
29083896
29103140
29108467
29133261
29156698
29167426
29172540
29176719
29180399
29187284
29228703
29233295
29263365
29333921
29343578
29346775
29352508
29379197
29386193
29415456
29434197
29440723
29449301
29469144
29475942
29533782
29540837
29545928
29557282
29568956
29596834
29622725
29636547
29642362
29649741
29662175
29662177
29684085
29691442
29730189
29748248
29764756
29773735
29776834
29777702
29783800
29796168
29808961
29941841
29972774
29991720
30012592
30015945
30029633
30035159
30036377
30041464
30057199
30062054
30076409
30079805
30106235
30108844
30125504
30135075
30153557
30172011
30185888
30224758
30230450
30242092
30250532
30260047
30268702
30272279
30300821
30302754
30307314
30308518
30385614
30411639
30420565
30421459
30428346
30455393
30463877
30466442
30483785
30518851
30528103
30529267
30542529
30552662
30554080
30565859
30568163
30644439
30664982
30690335
30728036
30745801
30761268
30784214
30786900
30789735
30809946
30830987
30831652
30832981
30833074
30842097
30842331
30876979
30879350
30921702
30926312
30933440
30970245
30988278
31004990
31018997
31037138
31059052
31065677
31075399
31079968
31110158
31114028
31115487
31133746
31168063
31211993
31212132
31215139
31233750
31239290
31257080
31266503
31292434
31294688
31311807
31320616
31325480
31329163
31330113
31331201
31364211
31394259
31409188
31421967
31437007
31452730
31492174
31523195
31530390
31587361
31621555
31632543
31633227
31680319
31697807
31701109
31707348
31708096
31712391
31724259
31733396
31734632
31765738
31767403
31813613
31814132
31815566
31819043
31832310
31837602
31857846
31868237
31869746
31882553
31901895
31908099
31908141
31913353
31937753
31949433
32002032
32005967
32044108
32088495
32099528
32100443
32106368
32129458
32142793
32149490
32156781
32163373
32184777
32188727
32195024
32199616
32203489
32208449
32246150
32255647
32274304
32286255
32303673
32320642
32338867
32339606
32361153
32371576
32380205
32382029
32392533
32395462
32409773
32446320
32457617
32482868
32499570
32502863
32520674
32526163
32527308
32541671
32544088
32551032
32559427
32575577
32575711
32596881
32631570
32640974
32669118
32690869
32765266
32774672
32782441
32796829
32812145
32812639
32820150
32860796
32868081
32883643
32893006
32898554
32923445
32927435
32941882
32943995
32954665
32966794
32968148
32978368
32982695
32992461
32997115
32999044
33006750
33015071
33051401
33077265
33080301
33086063
33094644
33113340
33129979
33135348
33148187
33162822
33191086
33195359
33214826
33215396
33230453
33287516
33288543
33290278
33310044
33344510
33348732
33392965
33407504
33408470
33413475
33431824
33446277
33452461
33460788
33472068
33500406
33504439
33520370
33535228
33547232
33575085
33596065
33596073
33611824
33638254
33658927
33660782
33676359
33679744
33688653
33712563
33712705
33717143
33749556
33768129
33781885
33796404
33798846
33799525
33802888
33809005
33820450
33826947
33830083
33833509
33838899
33850013
33850096
33851008
33854310
33888130
33898668
33907583
33907746
33957539
33958721
33962228
33972798
33979989
33982231
33995089
34016956
34020393
34024119
34025262
34037670
34039605
34041805
34045230
34050937
34058385
34074211
34094834
34105560
34119833
34132742
34139120
34140798
34141078
34149421
34160902
34173348
34175826
34175898
34180651
34216895
34258104
34261480
34290255
34320364
34324863
34333275
34336890
34336926
34350133
34353856
34362532
34378541
34386523
34387610
34390970
34392152
34400879
34415065
34421353
34438075
34512660
34519605
34523489
34524258
34526906
34536441
34541110
34557659
34559988
34579723
34591491
34611363
34657451
34661079
34674702
34676032
34688663
34693189
34697072
34697817
34700039
34700270
34725478
34730838
34750516
34754068
34758842
34765643
34803511
34813314
34845959
34862194
34876902
34898210
34901955
34910943
34926269
34935961
34954522
34956562
34972067
34982556
34983841
34995979
35007061
35017665
35031886
35036599
35046638
35072011
35083874
35091172
35096137
35105803
35122599
35123163
35127386
35146591
35146935
35149305
35154163
35159127
35164758
35167374
35182012
35194019
35198433
35244824
35247919
35248531
35258972
35264812
35299072
35303940
35308165
35318165
35357834
35390226
35395439
35399501
35402244
35423696
35453346
35461311
35470444
35494514
35500243
35501470
35506991
35513563
35514200
35530522
35535987
35547739
35601153
35641523
35646539
35649410
35705032
35715442
35716662
35738217
35743155
35755286
35761277
35765893
35794848
35813485
35852097
35854052
35856391
35866356
35902869
35904816
35942238
35958877
35998503
36003288
36047906
36063752
36108637
36120591
36124682
36139416
36157053
36158208
36162600
36166514
36170346
36176467
36215732
36222107
36224471
36231049
36244457
36247184
36256455
36262390
36274096
36309482
36317179
36321792
36323630
36330747
36333293
36352160
36364277
36367089
36393920
36438198
36469904
36470106
36475791
36482051
36499487
36516883
36524430
36538950
36539410
36563515
36567628
36595918
36599264
36599397
36638143
36641892
36644887
36648754
36682147
36684069
36690674
36702002
36710583
36711038
36713808
36719036
36721187
36733715
36737008
36753396
36755269
36773087
36774555
36787659
36801948
36822093
36822097
36824856
36841551
36871542
36907496
36907648
36933111
36934287
36965420
37035213
37037787
37042063
37044031
37061146
37072347
37084596
37096681
37120495
37146018
37156794
37214820
37214845
37235835
37269669
37272763
37280393
37282642
37289649
37292798
37294920
37295357
37345728
37356373
37379621
37384867
37387510
37393519
37399380
37402749
37423465
37442129
37476768
37485568
37488172
37496731
37503381
37528096
37546805
37546888
37565159
37570684
37591883
37594294
37615218
37626922
37627092
37638746
37645799
37650863
37656159
37659219
37666177
37676642
37683536
37685868
37686037
37699016
37705995
37712702
37737256
37737566
37741093
37747726
37765111
37782793
37792064
37796543
37798926
37818065
37819236
37820788
37831776
37841875
37846578
37871557
37873358
37875480
37878982
37879498
37880710
37884683
37924094
37956861
37980502
37986225
37993451
37994501
38006801
38016647
38063851
38070430
38099141
38100650
38103559
38130463
38135679
38153295
38189384
38191874
38201534
38203835
38229757
38277141
38285760
38291982
38293462
38296558
38309505
38317535
38326409
38330742
38352301
38352460
38364599
38365636
38374140
38381246
38409021
38409920
38410799
38423674
38425011
38432572
38447881
38473320
38481096
38481808
38500181
38501942
38519469
38534794
38565708
38569135
38581996
38606512
38633583
38648894
38656803
38669046
38675678
38691889
38721770
38724194
38749341
38773379
38822666
38830123
38849043
38877476
38893083
38907538
38944397
38964169
38967115
38968071
38977508
38983468
38993671
39002520
39024987
39030634
39032457
39049606
39066826
39080649
39110281
39121214
39136995
39152304
39164524
39167978
39196112
39215370
39216305
39219068
39220497
39238805
39256730
39259687
39274873
39282413
39292752
39294122
39307311
39317007
39337472
39341093
39349832
39372778
39373334
39391472
39407311
39447075
39454579
39475482
39476572
39521601
39544152
39549296
39566696
39575863
39577398
39591896
39602227
39605045
39607572
39681044
39688565
39692787
39696643
39708424
39716819
39733044
39740323
39764880
39773125
39775984
39781448
39799698
39802327
39814272
39816690
39820080
39823809
39825405
39842059
39849410
39862737
39874184
39891210
39900726
39901544
39903433
39914169
39918129
39945752
39947929
39955326
39965406
39975207
39975221
40012705
40023298
40024351
40059807
40067013
40078291
40101452
40112818
