12872252
16116421
16116423
16116424
16280053
17033622
17342202
17504528
18086896
18345034
18414782
18483852
18557994
18628483
19127258
19504183
19763819
19935797
20451671
20567916
20676667
21165771
21345144
21356067
21409391
21605288
21964575
22137763
22692731
23108394
23225146
23473757
23644138
24040146
24301948
25045080
25783186
26315354
26315355
26490168
26680099
26709662
26711789
26790966
26870246
26921362
27074266
27869810
28382101
28440438
28709830
28796317
28968953
29138235
29361001
29368626
29466248
29581016
30136158
30230034
30553462
30822218
31682005
31822495
32231423
32359370
32747760
32851703
32888398
32923896
33028645
33032822
33115781
33403820
33546375
33619228
33647882
33926482
34585738
34776453
34840500
35105904
35288485
35409089
35675963
36126360
36411032
36500714
36813328
36833355
36873936
36907870
37153833
37561379
37582649
37873301
38019301
38377115
38912178
39011897
39096152
39324947
39430039
39600281
39927196
