7969164
9182760
9441741
9660858
9790499
9864354
9914369
10198256
10402457
10969775
11146226
11231148
11274370
11310583
11331883
11402067
11410785
11424422
11641614
11676920
11792804
11940046
12123578
12375025
12692836
12695661
12769845
12782591
14517964
14732683
14743503
15013707
15020684
15146064
15162061
15241477
15525512
15525525
15604152
15655378
15723797
15818396
15866025
15933723
16046481
16107724
16112690
16179942
16294010
16394105
16449967
16525682
16760428
16969117
17158872
17189386
17389228
17488820
17600495
17620410
17643075
17925231
17938250
17981135
18036341
18081426
18094750
18547097
18594200
18632983
18791270
18922873
18995837
19141287
19182530
19249208
19270499
19487456
19617567
19680287
19772675
19806014
19962666
19965387
20016277
20057499
20124418
20643875
20660191
20888775
20928940
21092550
21199919
21254620
21298086
21389114
21628528
21904986
22033440
22071147
22184248
22331848
22365852
22521786
22521787
23110129
23209306
23243128
23288590
23334889
23440991
23728478
23747338
23778407
24402315
24462187
24567362
24616997
24741095
24756216
24900824
25262777
25308863
25564677
25587189
25611342
25748233
25963654
26031201
26223641
26260062
26287798
26399325
26522589
26658523
26732412
26832405
26885717
26897635
26912231
27116032
27618268
27818790
27834944
28040741
28079247
28254236
28287092
28497540
28604727
28810242
28821799
29100315
29425499
29448935
29727616
29738339
29769606
29976667
30205061
30415700
30429199
30782962
30809004
30850387
30898709
30970246
31018621
31226107
31257143
31272759
31642077
32027339
32143140
32269624
32328625
32781708
32849765
32897212
32973131
33248027
33717411
34013367
34013668
34033659
34337852
34551298
34852826
34861183
34884561
34925867
34954029
35044816
35117845
35184951
35255180
35452968
35646932
35767360
35769782
36237324
36289199
36309619
36427971
37027296
37044020
37279667
37399454
37593912
37705955
38097187
38112379
38396175
38466841
38477771
38498903
38672622
38712071
38763998
38766122
38862021
38863037
38927028
39025206
39072160
39147662
39232038
39409911
39430818
39487277
39490209
39804939
40014562
40028477
40069598
40081509
