9889005
10773412
15475955
16182441
16411201
17322345
17478512
17498870
17570218
18699967
20040022
21190457
22048964
23002205
23154965
23370767
24344301
25698537
26000094
27143916
27165245
27239782
27679546
28611924
28855212
29039578
30363964
30765611
31737652
31893996
32218868
32716490
32977361
33130993
33431813
33588420
33665036
33764838
33872216
34078054
34545188
34620840
35068350
35517426
35804254
35847923
36185088
36186000
36424293
36577966
37055476
37525917
37782908
37841956
37853361
38213208
38242006
38664248
38683465
39014450
39043653
39048649
39818011
40056529
40076684
