1280476
1280558
1280559
1280935
1281208
1281492
1281687
1281786
1282111
1283735
1331669
1370205
1370268
1370384
1370386
1370529
1370530
1370637
1370639
1370874
1370880
1371080
1371338
1371359
1371879
1372524
1372540
1372640
1373335
1373482
1373691
1373975
1374104
1374312
1374350
1375116
1375244
1375842
1375870
1376265
1376329
1377625
1377810
1377813
1378071
1378163
1378316
1378413
1379619
1379775
1379853
1380060
1381238
1381241
1381391
1381568
1381627
1381628
1381702
1382094
1382631
1382698
1383648
1384648
1384954
1385336
1638026
1688471
1690623
1692559
1693331
1697560
1698553
1698556
1698557
1698611
1699134
1699461
1699718
1703968
1704118
1706218
1707188
1707753
1708097
1708291
1709019
1709371
1709486
1709489
1711207
1711559
1711568
1711640
1712116
1712289
1712491
1712644
1712701
1713254
1713863
1714329
1714375
1715096
1715219
1715789
1715790
1717068
1717287
1717302
1717495
1717995
1718487
1718490
1718741
1718957
1720036
1720039
1720040
1720154
1720490
1720553
1720696
1721031
1721549
1721591
1721642
1721869
1722307
1722571
1723681
1724901
1811937
1845713
1912577
1912579
2448137
2456920
2457811
2458842
2463468
2473008
2474787
2476640
3360448
7479840
7484012
7486681
7490680
7492763
7496598
7500039
7504152
7504992
7505199
7505637
7506076
7506140
7506248
7506536
7506546
7506674
7507133
7507143
7507298
7507367
7507447
7507733
7507857
7508100
7508533
7508684
7508758
7509207
7509212
7509225
7509796
7510143
7510297
7510757
7510995
7511630
7511700
7512047
7512174
7512180
7512841
7512842
7512846
7512939
7513208
7513770
7513835
7514077
7514200
7514248
7514454
7514496
7514900
7515024
7515297
7515715
7515811
7516694
7517917
7518234
7518262
7518749
7519080
7519205
7519481
7519782
7520149
7520225
7520394
7520517
7520725
7521050
7521281
7522108
7522182
7522185
7522632
7523127
7523381
7523489
7524330
7524740
7524893
7526158
7526682
7527401
7527665
7527782
7528277
7528591
7529021
7529077
7529338
7529540
7530502
7530509
7530545
7531463
7531500
7531701
7532985
7533430
7534102
7534132
7534619
7535588
7535812
7535932
7536046
7536131
7536489
7536501
7536510
7536744
7537079
7537111
7537375
7537428
7538451
7538534
7538619
7538677
7539078
7539453
7539467
7539532
7539626
7540155
7540649
7541141
7541320
7542059
7542101
7542102
7542218
7543134
7543307
7544170
7544639
7544641
7545021
7545103
7545201
7545433
7552996
7561112
7561684
7577639
7577648
7579437
7589515
7605752
7619732
7678065
7678076
7678085
7678090
7678463
7678509
7678510
7678513
7678721
7678840
7678880
7678980
7679002
7679484
7680037
7680956
7682073
7682086
7682288
7682413
7682755
7682764
7683283
7683286
7683919
7683920
7684187
7684496
7685520
7685729
7686152
7686504
7686796
7686845
7686941
7687159
7687219
7687522
7687773
7687891
7687917
7687925
7688785
7688988
7689130
7689605
7689933
7690436
7690631
7690814
7690832
7691257
7691275
7691300
7691327
7691834
7691882
7691885
7691941
7692836
7693027
7693841
7694350
7694680
7694721
7853230
7992888
8127154
8170827
8263355
8340247
8519688
8526037
8526047
8527164
8528052
8541720
8542594
8542940
8545103
8546206
8547652
8551387
8555071
8555468
8558913
8566835
8573113
8574299
8589724
8605274
8605325
8605335
8605337
8609154
8611693
8612701
8616017
8617942
8620856
8621935
8630284
8630386
8631250
8631931
8632295
8637231
8637237
8637238
8639423
8640066
8641343
8641992
8642288
8648132
8661742
8671643
8677747
8680409
8683383
8691142
8695840
8695843
8698135
8699418
8701944
8703029
8704204
8704259
8727700
8746346
8751459
8760822
8765419
8765420
8765499
8769478
8770562
8772609
8780889
8806824
8813120
8826881
8833403
8870099
8874749
8878730
8879216
8880928
8889703
8891342
8898216
8910894
8913283
8914068
8916954
8917118
8921426
8931875
8931956
8938517
8943889
8946337
8957075
8964895
8977215
8977240
8978353
8978830
8980462
8981233
9002954
9004081
9007225
9026776
9029028
9038210
9040218
9042197
9045904
9052937
9054699
9064328
9065815
9074422
9075927
9092574
9094974
9095652
9108086
9108382
9110344
9117254
9120017
9122226
9123725
9123960
9130517
9141427
9142989
9149133
9149900
9150803
9164933
9165275
9168310
9168431
9168438
9168443
9168474
9176104
9178764
9182608
9186537
9187152
9191534
9199245
9203987
9207416
9207448
9207920
9209099
9209403
9215871
9221761
9232234
9247236
9283007
9305612
9310959
9317119
9338533
9341198
9345035
9354654
9355737
9357967
9369417
9373246
9373254
9373265
9374546
9377631
9389693
9389701
9402654
9402655
9407735
9416832
9431802
9438854
9440029
9440696
9444944
9446648
9446649
9446650
9454740
9457920
9462703
9464535
9474750
9490676
9491384
9493833
9508539
9516139
9519779
9522959
9528781
9541467
9543148
9546310
9546749
9581901
9593271
9596274
9609630
9620281
9626946
9636692
9639507
9654158
9654159
9657760
9657776
9658721
9660215
9660747
9669840
9674408
9687504
9687522
9697876
9711908
9714703
9716014
9716574
9718862
9721988
9722617
9746752
9763109
9768597
9788689
9797083
9797132
9797363
9814978
9817449
9827716
9827903
9832052
9834219
9844938
9856847
9856895
9858225
9858422
9858520
9862827
9862859
9879535
9885214
9885216
9891766
9914775
9916918
9931308
9935121
9935268
9949175
9989791
9990072
10022139
10022963
10029164
10051467
10072070
10086344
10089915
10189109
10192440
10195426
10197236
10201978
10206577
10208279
10210327
10210438
10215400
10231416
10233727
10233774
10340408
10350335
10354021
10354083
10358045
10362788
10367710
10377264
10385646
10393121
10397716
10397721
10397722
10397738
10460227
10468886
10477727
10485475
10492068
10498604
10498605
10498611
10505738
10523831
10523834
10530560
10550617
10554798
10572092
10579355
10580562
10582338
10582339
10582791
10583209
10607696
10615253
10620115
10629565
10632491
10634171
10634512
10648413
10648998
10660321
10661572
10665649
10670573
10673502
10680913
10687137
10690368
10700466
10706069
10712674
10721793
10729991
10769236
10770377
10779223
10782882
10792276
10799746
10809354
10811105
10824925
10849422
10861500
10866689
10880752
10883399
10901596
10908606
10910906
10921922
10934966
10964660
10976533
10991971
11005505
11018522
11032806
11039667
11040941
11042182
11061423
11063223
11065232
11065242
11074541
11074560
11076685
11079457
11090054
11090090
11106584
11112797
11120768
11123422
11124255
11151069
11152680
11159894
11174194
11177593
11195003
11197211
11204172
11208730
11222388
11259383
11264161
11280787
11286626
11369651
11369667
11376557
11376697
11377682
11377687
11378569
11380399
11399059
11409570
11411602
11413198
11419974
11438205
11439328
11440210
11446735
11454425
11478608
11487273
11494148
11506430
11507701
11517291
11520784
11526490
11573203
11581407
11596105
11642722
11672547
11698000
11713030
11721401
11722431
11725039
11727048
11734306
11740803
11746967
11764276
11780408
11795950
11799147
11804943
11804947
11807814
11823053
11825908
11832549
11840282
11847009
11850541
11861291
11861309
11876975
11914627
11919418
11920744
11927008
11943962
11964302
11980713
11987084
12017324
12019292
12029439
12036870
12063025
12085229
12091362
12100166
12111653
12118104
12124830
12133359
12134042
12134909
12135675
12136263
12140361
12149208
12154026
12160843
12171166
12172985
12190287
12199785
12208734
12224856
12239153
12243462
12322893
12354381
12363464
12372175
12384151
12388202
12393643
12405181
12410099
12414661
12417503
12429808
12444928
12453327
12457280
12478615
12481435
12482503
12483145
12485499
12492288
12511554
12512837
12513756
12514786
12519307
12530014
12535195
12538468
12540363
12542597
12548170
12558531
12560232
12569358
12580961
12585235
12591275
12592353
12592706
12594828
12598308
12601923
12606404
12609603
12610357
12613538
12641831
12645334
12649669
12649674
12651205
12665787
12674675
12676789
12678420
12679736
12682108
12683902
12688351
12690299
12692842
12701114
12702038
12702540
12703978
12704441
12711118
12719898
12720030
12738950
12743148
12759497
12767109
12780793
12796027
12800187
12801532
12802925
12808065
12816741
12821048
12824176
12824871
12824925
12843982
12844407
12855562
12878163
12893208
12894511
12894556
12901973
12910520
12918066
12920227
12932303
12934539
12948918
12962730
12970800
12972192
14505850
14506652
14515175
14517845
14529656
14529657
14551311
14559987
14561700
14566017
14571755
14588063
14600352
14601130
14604954
14606094
14617373
14625290
14627515
14633689
14634801
14656871
14657715
14663421
14666642
14667198
14668031
14669790
14689066
14694524
14724587
14726070
14726395
14729982
14743207
14871802
14965471
14967957
14985355
14993728
14994370
14996702
14997053
15010069
15012791
15015617
15018431
15019293
15033665
15036937
15039213
15042705
15044919
15044924
15050750
15053358
15059325
15062057
15062876
15070706
15073597
15087667
15100248
15105813
15109537
15112348
15118370
15123710
15126780
15131046
15133698
15145934
15150607
15160946
15161707
15167915
15173918
15196279
15196872
15197780
15214040
15217946
15223779
15225136
15234225
15237212
15239791
15245565
15256424
15257945
15277195
15286804
15289888
15302600
15308671
15323137
15330987
15337523
15337769
15340843
15363457
15368311
15370139
15383930
15385413
15388331
15452163
15455230
15471556
15474495
15494711
15498646
15502806
15507407
15511212
15512818
15512820
15515059
15526160
15526368
15526978
15542837
15547187
15547773
15548402
15558705
15561889
15565413
15575888
15581975
15587987
15589595
15589603
15592099
15610660
15617841
15618926
15627886
15632213
15635266
15643509
15650049
15654360
15659505
15662572
15668891
15671569
15688149
15690131
15693889
15694967
15696963
15722647
15723656
15731517
15737031
15742474
15756436
15780908
15790486
15790786
15791568
15791570
15799823
15800315
15803185
15812822
15822120
15836947
15846389
15849168
15850018
15855739
15857349
15858149
15861301
15861658
15887294
15894929
15897759
15901127
15902997
15914113
15923163
15929122
15933382
15940128
15946380
15948115
15963260
15963269
15968197
15968329
15976348
15982331
15990777
15999306
16002264
16005054
16006797
16014680
16021677
16024808
16034306
16039311
16045346
16049512
16056250
16087562
16087693
16101174
16106193
16126886
16127161
16127511
16131001
16132509
16135486
16140564
16158966
16161057
16166556
16178892
16179109
16185297
16188233
16190746
16203286
16205964
16213778
16224225
16235251
16236162
16237304
16240323
16258510
16294026
16294746
16297706
16305063
16305336
16307017
16308163
16319478
16320053
16321856
16330876
16338875
16361734
16373693
16373964
16384925
16391909
16405759
16425211
16426921
16437655
16439005
16439710
16441409
16445822
16460801
16469036
16475976
16479070
16481408
16482516
16483568
16487996
16514192
16533754
16540731
16550970
16570351
16570574
16572634
16574270
16575918
16579858
16586562
16595715
16597595
16598313
16611403
16623778
16647948
16675709
16703880
16704639
16708300
16721362
16728580
16740725
16741525
16751810
16755871
16760463
16761672
16761962
16762850
16767900
16776995
16780420
16784237
16797704
16805752
16807072
16818499
16823487
16840725
16844734
16849350
16873565
16894356
16896931
16908071
16918976
16921872
16923120
16928224
16942767
16952044
16956837
16963314
16989573
17003505
17018686
17026507
17038523
17044945
17060458
17069792
17072721
17096878
17096902
17102120
17119051
17145623
17156394
17163842
17175342
17191042
17192792
17197927
17211292
17214848
17244732
17253940
17256123
17259998
17266790
17277161
17285599
17289809
17298867
17301719
17303817
17313957
17317803
17346159
17350321
17351742
17355866
17359908
17361263
17362008
17363509
17367465
17381803
17410437
17419150
17425603
17438095
17486696
17487504
17489795
17491070
17493588
17518719
17519280
17523053
17523641
17526803
17539824
17540343
17546507
17550381
17551405
17554388
17559139
17591671
17607922
17629738
17631310
17637497
17638656
17645464
17654122
17658483
17659849
17663641
17673521
17681176
17683512
17685930
17689127
17705809
17706246
17720713
17767956
17768701
17846329
17848740
17850794
17855052
17867595
17876336
17884771
17894554
17897310
17904548
17907156
17912002
17918848
17928050
17931792
17952366
17965221
17967925
17972088
17976614
17979883
18006222
18006465
18022690
18026739
18040270
18054864
18056005
18060038
18063877
18064489
18066592
18077910
18078058
18079432
18085368
18086553
18087667
18091382
18197502
18214972
18239811
18252864
18258857
18265633
18265649
18271923
18284441
18288524
18299431
18308948
18334674
18372228
18382354
18408656
18416137
18423881
18432808
18443272
18445266
18447379
18447649
18454155
18466720
18467506
18472395
18483422
18485637
18492696
18500266
18515258
18544282
18549896
18554909
18568298
18588518
18598300
18602920
18604743
18608529
18622894
18636362
18637732
18639336
18687474
18697750
18708986
18714401
18723346
18725415
18753943
18754326
18754682
18768391
18777214
18787413
18795925
18831895
18835628
18843975
18941208
18977066
18983466
18984156
18987972
18990444
19006456
19010635
19015436
19018266
19028276
19047911
19049823
19084944
19096980
19152169
19152194
19155505
19158834
19165540
19176031
19193854
19207305
19221036
19255573
19265199
19280210
19280218
19283671
19283847
19298525
19302534
19333543
19341743
19347121
19421145
19424569
19427361
19429996
19433723
19435714
19443120
19458628
19466511
19468465
19480722
19491699
19500398
19501868
19507001
19509233
19517131
19523373
19540337
19543421
19544423
19562735
19570994
19580375
19585492
19591228
19594492
19603346
19614621
19617878
19634669
19636022
19636292
19653705
19660459
19662984
19675587
19701495
19705869
19706008
19716327
19716769
19722748
19737481
19771231
19771240
19802003
19828634
19847826
19852778
19855986
19865100
19874361
19890981
19892442
19937482
19961019
19968998
20001342
20009347
20023271
20023630
20028869
20033343
20041122
20095975
20100190
20107659
20109338
20119835
20130208
20145638
20146711
20147452
20152717
20177846
20189232
20189725
20197394
20200353
20205869
20219417
20231287
20298933
20300219
20304046
20331412
20339585
20360932
20370574
20377480
20384797
20396539
20410290
20413811
20421520
20421818
20425339
20425418
20427086
20431620
20431920
20443832
20443864
20443934
20450556
20459551
20508065
20514080
20521329
20531294
20551067
20581458
20589425
20591500
20595514
20596251
20630823
20637061
20650960
20651610
20652953
20687229
20706651
20715565
20720596
20735390
20818822
20823768
20824047
20833414
20833650
20833840
20838549
20844972
20846303
20847314
20847319
20850173
20884740
20950418
20970876
21030588
21033622
21037083
21037371
21057534
21057563
21069344
21071709
21075367
21094383
21113618
21115932
21131919
21132007
21139838
21161545
21186551
21225454
21232219
21237473
21262832
21278352
21279973
21292787
21294544
21298915
21314674
21320746
21323568
21323945
21327047
21344772
21388062
21399664
21403650
21406406
21410246
21417999
21418861
21429396
21431918
21434524
21447089
21454057
21455098
21471107
21471108
21475934
21479497
21492781
21501463
21518499
21524289
21559359
21561667
21566575
21573485
21573494
21585433
21598306
21606963
21634019
21640708
21645038
21690468
21697888
21698178
21715005
21724256
21735588
21735589
21735592
21737590
21757432
21760661
21762373
21763396
21765473
21802916
21804459
21825314
21826410
21853875
21878676
21883169
21887372
21897303
21898688
21920748
21925843
21937383
21937700
21937859
21951831
21952354
21962730
21969494
21970471
21977032
21977864
21979409
21984919
21993766
22000431
22000443
22002881
22014059
22038222
22046410
22048767
22072814
22083669
22109829
22127610
22135725
22140461
22153896
22154054
22166660
22169280
22171430
22173128
22193299
22199321
22201806
22222532
22227120
22233328
22233760
22235799
22254215
22271238
22275487
22287624
22289156
22295509
22295574
22297447
22308476
22314828
22319667
22324351
22340755
22349512
22355224
22357254
22362941
22366471
22392489
22403876
22405847
22407004
22410808
22437942
22442797
22454176
22505052
22526758
22558265
22562362
22581040
22581924
22608496
22645180
22687981
22711708
22712835
22729910
22736149
22736941
22739668
22740913
22749776
22782689
22789565
22797058
22802697
22807968
22815156
22833529
22839358
22846208
22847442
22855146
22891713
22912461
22917234
22917541
22931954
22932406
22936666
22937135
22967425
22984182
22993368
22995373
22997594
22998385
23000573
23009686
23024362
23046590
23058498
23073628
23075886
23083432
23090426
23091420
23099325
23104253
23107338
23127174
23149070
23155375
23190889
23205104
23212987
23221472
23246970
23269409
23273785
23292839
23299198
23315207
23319435
23328669
23347914
23363047
23375332
23375718
23384436
23384905
23386022
23401096
23411934
23448582
23456621
23459373
23467883
23476107
23511494
23513808
23516616
23528260
23528808
23534715
23548624
23549981
23559126
23563569
23577751
23582185
23582602
23587226
23589614
23592522
23612033
23614673
23620232
23637779
23643069
23654224
23666690
23678293
23683787
23707526
23709168
23712715
23726927
23733311
23740774
23742652
23749896
23759597
23762416
23769181
23771924
23786491
23788899
23791075
23803604
23815906
23815908
23820134
23832701
23834123
23862765
23879535
23880320
23891309
23894420
23896410
23896716
23897803
23932767
23944364
23953114
23958542
23959992
23960476
23961133
23978330
23998570
24001034
24008320
24009080
24018806
24034180
24038789
24088507
24094550
24115067
24119563
24127407
24139236
24150691
24161026
24164801
24170267
24180487
24206648
24213578
24226631
24228598
24249701
24280068
24284075
24287042
24287867
24292246
24300419
24309111
24312159
24322018
24331700
24331925
24348541
24372836
24388887
24446491
24454763
24462355
24462979
24526679
24535703
24554067
24565205
24577437
24580070
24583878
24585704
24587052
24590525
24591764
24593859
24626629
24632619
24633465
24662807
24691761
24693056
24693116
24693138
24701365
24713343
24721839
24722830
24728074
24738598
24744618
24746638
24748592
24752098
24798488
24805242
24806457
24806698
24820757
24825426
24833907
24834842
24853767
24855380
24875296
24881466
24897507
24900212
24900584
24900982
24921944
24927915
24932168
24945383
24947094
24959227
24959267
24965482
25002122
25004409
25013472
25025175
25030047
25039457
25044230
25047738
25056544
25062419
25070325
25082877
25085632
25088917
25097597
25120810
25161185
25186298
25202099
25202388
25243845
25258403
25260891
25284141
25300435
25304966
25308019
25328295
25337192
25338768
25359157
25363723
25364436
25376854
25389449
25401222
25416276
25420576
25425690
25435369
25449280
25449688
25451257
25451758
25452341
25468543
25477488
25481675
25510664
25524714
25534827
25543477
25550846
25550919
25572000
25575564
25588867
25594040
25594139
25611062
25621158
25623140
25643653
25643775
25684108
25727244
25737303
25743820
25759557
25766129
25773528
25780536
25786978
25803307
25814683
25843457
25843813
25860287
25861270
25905721
25917463
25918122
25920449
25924988
25932436
25940173
25956503
25959676
25972476
25973067
25979172
25985152
25985771
26004376
26008799
26016700
26021891
26023562
26040420
26045890
26056158
26070113
26073526
26074249
26088254
26099430
26112382
26149588
26150250
26157721
26168292
26176491
26181649
26185540
26191121
26206337
26221304
26226570
26240433
26245347
26249309
26253609
26272691
26282337
26297757
26315991
26338480
26346272
26349547
26353931
26356816
26371821
26385324
26390131
26393440
26416056
26416560
26428235
26453325
26474484
26515110
26526740
26550451
26587804
26592659
26597881
26598548
26607501
26622437
26625742
26631948
26660446
26676635
26682010
26705118
26767005
26779618
26807171
26807861
26819809
26827843
26838790
26865051
26913371
26925693
26930438
26932254
26934000
26937295
26940876
26941422
26942875
26989302
26990482
26992445
27040393
27062045
27073655
27077705
27123048
27123814
27136112
27144550
27161312
27178146
27179285
27226253
27245949
27265040
27279472
27287269
27292026
27322141
27323927
27329729
27429622
27442046
27451973
27460334
27461660
27468693
27481582
27489428
27499271
27504546
27512117
27515884
27527615
27536065
27536657
27572504
27579736
27588087
27590924
27613372
27635195
27666446
27679401
27694215
27696244
27699010
27706768
27707610
27751428
27781377
27789621
27793148
27803763
27835883
27941320
27943583
27981619
28038685
28042518
28055980
28074098
28074523
28087429
28090152
28099911
28168101
28231736
28260860
28261209
28276465
28283060
28284084
28284757
28288693
28299766
28301608
28314168
28322836
28351290
28355297
28363496
28383479
28410286
28413456
28442062
28506734
28526042
28533931
28541695
28543798
28573141
28583208
28604067
28626608
28627370
28648062
28656507
28658323
28685241
28715365
28721890
28737214
28744028
28751268
28763217
28780584
28792799
28800128
28801138
28841456
28915565
28948627
28965972
28971473
28977677
29021323
29043702
29050294
29067468
29069417
29072009
29127384
29137292
29151486
29166725
29176653
29187493
29194765
29207043
29207991
29233725
29235086
29236325
29238626
29287914
29301598
29302361
29334307
29338902
29346826
29348441
29349063
29350409
29423012
29444190
29467020
29475913
29482074
29484224
29487009
29487300
29487702
29492062
29495952
29518044
29551908
29563807
29575816
29622475
29625123
29636378
29644781
29654879
29658004
29666070
29671980
29703225
29703749
29705537
29721082
29747481
29764854
29772675
29786668
29851788
29852185
29858017
29866247
29885685
29929968
29935985
29949711
29953781
29972005
30003151
30015051
30023237
30034943
30046593
30053526
30064386
30067557
30078608
30097492
30117680
30128079
30157426
30171340
30171847
30194712
30199578
30210039
30210655
30210689
30232595
30239687
30242278
30276460
30283057
30293390
30293784
30298093
30301635
30308182
30311036
30388134
30396237
30459357
30484546
30500954
30507186
30548289
30567724
30582467
30592765
30629785
30637949
30664377
30719983
30745512
30758056
30802510
30819282
30825912
30837378
30838604
30852180
30867736
30872578
30892687
30893638
30908100
30912139
30930352
30930902
30963682
30968693
30971355
31004744
31014017
31046271
31079549
31119778
31138788
31154478
31164633
31193142
31217744
31233341
31239537
31249285
31250638
31263279
31264352
31275242
31283370
31302375
31307758
31342295
31345575
31369705
31375326
31409971
31416613
31441677
31506068
31522676
31545548
31574184
31590335
31599195
31652393
31698679
31714258
31717562
31723260
31729371
31741038
31781464
31816060
31817456
31836133
31857699
31862017
31890735
31891237
31903249
31904495
31907221
31966602
31966761
31989715
32011367
32027264
32046645
32104183
32116689
32125173
32151959
32169072
32207949
32220331
32223330
32307997
32328381
32390317
32410749
32437800
32439168
32478883
32504784
32517655
32585777
32648338
32658594
32659630
32670280
32713855
32715538
32729302
32738126
32772137
32775409
32782703
32866755
32878131
32926564
32929376
32937086
32948799
32950196
33030616
33067486
33096693
33099473
33101775
33114525
33132281
33153146
33192092
33226057
33231140
33236849
33247506
33271128
33293999
33389076
33414998
33422470
33446896
33450548
33469076
33492648
33502401
33564933
33577587
33592255
33602038
33603771
33611791
33619702
33621568
33663840
33665215
33669751
33712005
33741716
33767067
33781566
33792838
33808720
33811444
33824002
33826487
33833549
33848847
33851760
33910439
33981633
33992978
33995948
34079011
34098314
34121727
34123614
34148208
34167206
34167212
34167225
34167226
34215036
34278763
34315317
34389060
34407310
34413937
34439864
34468911
34482217
34525909
34539140
34562816
34584147
34602732
34606974
34691254
34692812
34837004
34895916
34948245
34972661
35023029
35037698
35045360
35108805
35114417
35117428
35120552
35138851
35140718
35158354
35180915
35209844
35216379
35251203
35279545
35282092
35325198
35384248
35431956
35490363
35546751
35618912
35633552
35656445
35706902
35709180
35720122
35734536
35841449
35855563
35862720
35878393
35882558
35940239
35955836
35962935
35975202
35999600
36003494
36057985
36069474
36076237
36090724
36107283
36116891
36126539
36133788
36136708
36138037
36232694
36258646
36311196
36332882
36354673
36362141
36371552
36379679
36413413
36468840
36478848
36555657
36575944
36581369
36609791
36612139
36631920
36636795
36652776
36653787
36720394
36723628
36754277
36762143
36778918
36808512
36809862
36830966
36919913
36959556
37045831
37063428
37082005
37086476
37118422
37129768
37141385
37171167
37179330
37206538
37282115
37282238
37298401
37336986
37403288
37425035
37480581
37530160
37535186
37741071
37754550
37790582
37808589
37895943
37939738
37954289
37971283
38022523
38062274
38067124
38073315
38141279
38277753
38287494
38328165
38371752
38401188
38461242
38462125
38478319
38505840
38795418
38800447
38841509
38893284
38902833
38927565
39009412
39023605
39116219
39134978
39147543
39200447
39240551
39260072
39278202
39401829
39412932
39422217
39437558
39456964
39468879
39485323
39534097
39546459
39666929
39744423
39777246
39813318
39822537
39825949
39833146
39887008
39899939
39909047
39917203
39917923
39937224
39941866
39981761
39992179
40044736
40052893
40055578
40092944
