1280830
1315694
1317541
1333188
1333503
1334253
1467788
1486568
1674365
1741162
1827664
1846706
1916679
1917129
2111905
2541345
2554238
2881619
7478516
7499789
7500831
7514539
7515877
7518457
7534016
7539865
7554499
7556648
7564388
7620084
7628535
7629381
7639332
7651534
7678980
7679809
7679901
7689722
7768498
7793316
7806559
7823252
7927256
7954367
7954397
7971951
7981617
7989714
8034747
8067383
8104462
8165564
8166728
8180811
8182137
8208549
8268192
8276372
8344755
8380733
8380734
8382490
8383506
8394828
8408200
8506951
8510940
8527901
8565131
8584893
8626770
8631159
8633043
8640940
8681452
8702829
8707284
8761141
8778194
8781331
8784474
8798732
8804995
8806690
8823990
8824331
8837300
8886986
8888500
8906793
8916966
8954115
8957065
8960148
8966843
8982863
8988842
8994391
9010472
9024713
9049208
9070211
9096589
9110354
9125730
9136843
9142219
9182684
9184586
9188856
9206200
9211490
9221809
9238650
9258068
9258956
9267827
9286233
9308731
9309340
9334823
9367839
9373255
9412656
9413205
9416484
9437998
9452270
9500204
9510120
9512656
9524769
9524770
9524774
9537587
9554529
9557283
9560011
9565342
9565343
9568643
9600310
9610690
9652757
9665815
9683527
9690121
9692834
9716011
9722511
9732228
9738769
9759658
9772281
9777945
9784421
9786961
9788258
9788259
9788260
9789329
9792464
9794909
9815784
9819791
9823327
9870683
9876767
9920903
9973597
10037022
10037743
10063359
10064822
10079225
10202187
10206332
10216129
10220746
10223227
10343196
10362361
10374571
10385403
10388523
10396036
10399184
10408347
10425198
10425302
10433927
10433944
10454259
10470094
10485493
10487611
10491431
10502559
10520577
10558875
10558888
10597286
10598900
10618628
10642827
10651314
10670774
10672830
10672841
10685632
10710506
10713700
10722725
10732770
10737508
10759945
10760215
10775840
10819791
10819792
10871282
10872665
10923453
10925356
10959552
10971174
10995442
11014955
11029614
11033799
11069926
11073815
11094180
11095618
11125542
11133807
11139396
11159538
11209133
11228164
11238734
11241329
11254878
11255230
11290563
11316747
11328385
11328532
11434616
11435444
11438450
11438654
11469916
11477552
11489839
11506966
11508578
11523050
11527416
11562767
11605063
11669338
11673062
11729097
11735009
11745410
11748452
11750879
11776612
11786517
11798602
11810045
11811781
11813625
11837710
11839582
11839685
11854908
11857077
11857377
11866940
11891194
11894096
11895493
11896103
11896611
11910354
11948964
12019177
12042032
12050491
12063544
12106690
12115601
12168776
12183053
12184584
12233882
12353660
12381909
12464636
12472169
12524084
12538467
12538480
12542830
12543460
12586590
12594808
12611639
12684423
12707786
12716900
12719469
12750986
12782608
12793903
12837985
12839939
12847110
12856716
12883672
12884908
12939184
14508824
14509156
14519655
14524531
14528000
14559814
14559966
14566016
14602140
14605670
14605882
14612533
14613985
14613995
14626426
14719064
14730703
14737093
14745610
14759494
14760865
14988841
15044054
15061708
15070743
15075332
15078886
15083185
15086173
15116006
15126778
15131045
15153617
15154624
15173072
15195055
15198484
15201072
15221009
15234219
15239348
15254691
15264243
15274358
15287857
15288476
15312347
15312528
15342394
15375530
15385963
15455388
15475459
15491290
15492787
15492846
15504247
15516982
15533859
15556605
15590419
15600187
15672865
15701970
15720819
15724248
15735036
15735664
15788682
15796042
15806303
15838885
15842800
15849510
15892172
15911712
15911713
15914280
15915498
15918987
15922853
15942139
15958633
15983210
16014115
16050800
16051641
16082194
16099863
16101282
16103303
16112003
16139245
16140945
16144866
16162743
16207523
16227408
16230398
16237757
16267071
16278380
16289546
16298341
16299658
16304052
16308260
16331263
16397249
16403482
16410389
16414274
16415345
16426920
16448388
16452232
16455654
16462764
16465395
16469527
16498238
16537444
16571666
16596271
16609989
16612144
16627020
16646560
16648987
16696008
16720163
16778093
16784653
16803712
16804974
16809939
16839638
16857786
16867270
16870139
16891453
16914575
16945480
16950403
16956884
16982759
16982975
16985073
16990273
16996116
16998831
17032311
17035232
17062691
17132227
17143251
17158755
17170214
17216187
17242702
17244359
17258722
17283128
17288874
17308108
17311762
17316758
17322284
17372907
17403932
17404109
17405187
17425951
17427161
17431125
17440059
17453948
17459054
17460286
17483355
17497285
17498257
17520086
17524279
17534684
17549404
17552361
17561117
17593080
17598453
17611703
17621632
17667909
17673463
17682062
17689924
17702746
17703498
17923692
17940345
17942915
17948912
17952115
17953713
17964000
17981731
17992475
18021219
18055465
18059365
18063891
18073207
18077531
18089725
18159174
18172343
18180459
18194445
18194572
18198349
18258742
18262389
18273647
18281498
18327775
18340114
18348981
18395971
18406132
18413809
18418040
18422749
18426196
18434145
18471412
18473999
18494048
18497953
18519697
18549337
18553959
18578997
18579758
18593989
18600066
18613405
18628208
18636147
18647528
18701492
18753943
18763753
18779368
18813782
18815565
18839537
18973197
19006648
19029026
19035351
19050584
19059779
19065669
19099840
19118010
19118941
19121849
19123478
19123972
19126036
19135973
19139131
19139719
19165419
19176588
19187270
19190120
19199866
19208365
19211249
19220894
19236112
19240370
19269177
19302530
19318488
19321255
19359592
19369077
19379214
19381876
19393836
19403030
19403923
19406933
19423004
19429984
19435874
19439036
19439912
19459657
19470725
19483716
19490101
19534520
19539981
19584231
19595710
19604117
19614922
19638461
19665015
19710019
19713535
19754810
19765730
19766985
19771912
19819693
19825800
19832844
19851711
19854051
19877526
19895336
19896842
19909299
19912689
19933191
19939254
19941340
19956499
20015006
20015007
20021260
20028557
20031486
20035684
20042668
20061986
20068147
20072648
20085644
20086056
20093027
20100000
20126471
20145145
20164843
20178123
20178463
20198305
20198821
20200025
20331593
20331976
20338593
20367286
20370683
20387311
20398542
20416453
20420246
20423996
20442310
20462834
20472683
20473907
20484018
20501828
20506063
20514461
20531293
20538463
20546346
20554918
20556206
20558345
20570511
20578241
20580899
20585044
20596656
20617367
20623641
20639480
20641796
20647329
20661223
20661229
20683950
20694025
20809501
20814222
20819464
20832323
20848408
20852388
20862286
20878332
20889649
20927591
20934974
20946682
20952508
20980460
21043826
21057531
21106725
21115917
21119598
21123062
21134835
21150524
21154129
21163258
21168200
21190849
21217780
21223687
21225626
21242965
21243700
21247903
21276769
21283737
21292466
21293003
21305773
21306768
21318796
21328179
21352589
21354913
21383285
21390244
21400516
21405128
21423210
21454604
21464396
21466586
21468575
21473289
21479486
21486864
21487786
21496277
21496890
21505952
21531000
21533499
21544396
21551255
21552917
21561768
21572247
21573474
21575221
21590132
21594385
21594411
21595927
21597829
21608528
21613405
21618573
21622718
21626008
21628563
21631393
21641696
21654317
21658389
21665484
21673683
21680714
21692045
21703197
21729677
21733192
21734462
21738360
21740293
21751142
21764800
21777195
21779788
21785792
21796631
21806057
21812414
21835616
21855117
21864475
21866211
21904579
21918175
21920521
21922276
21936566
21945764
21949730
21967808
21978492
21982684
21992464
22001029
22001397
22020736
22027690
22034893
22035268
22040890
22047509
22058018
22070554
22072807
22095660
22108637
22110593
22113498
22127603
22128285
22128286
22128287
22128288
22128289
22135723
22138044
22172411
22180430
22188814
22189792
22198430
22203475
22205960
22218908
22245998
22246193
22253909
22261330
22269210
22271415
22275094
22276607
22286523
22287599
22291809
22301273
22320327
22320343
22337876
22339676
22343486
22374166
22381355
22386877
22387525
22389468
22407230
22427375
22448794
22466090
22466960
22477711
22480414
22495710
22504529
22511956
22525273
22539497
22553051
22579487
22581753
22585992
22585997
22595176
22617129
22617250
22639908
22640970
22673163
22677559
22685327
22689693
22704061
22717761
22733437
22745804
22779800
22783404
22791165
22808260
22814258
22820099
22836051
22863529
22864665
22873759
22911543
22924734
22934600
22962849
22973954
22973962
22976495
22985853
22986785
22996389
23001699
23006961
23007574
23022995
23024367
23026049
23026237
23036804
23041443
23060267
23066446
23082047
23087254
23094709
23136595
23180291
23188156
23193156
23209838
23212923
23213056
23233163
23243217
23250664
23251249
23276936
23307858
23320110
23323101
23327059
23333744
23340177
23341789
23348694
23359207
23359758
23360489
23379595
23381625
23385860
23386689
23388504
23402326
23408121
23410046
23423860
23467907
23474386
23484006
23490239
23536000
23548264
23552472
23553846
23556031
23566349
23576023
23576559
23580180
23581253
23593387
23598276
23618864
23619925
23624790
23625089
23628470
23649759
23661005
23662036
23671132
23675455
23677180
23702473
23715119
23723997
23734217
23740136
23745052
23746173
23752591
23762292
23792586
23799130
23801885
23812675
23820886
23826581
23838381
23843304
23859937
23867513
23876900
23877345
23898085
23900501
23919423
23944843
23952536
23968581
23973484
23992325
23993328
23996864
24023761
24034993
24052949
24056705
24066029
24081687
24085787
24089510
24094902
24102522
24115218
24129235
24140933
24147107
24150964
24169346
24170771
24192513
24213016
24216091
24222167
24223799
24223894
24241352
24260160
24260586
24266843
24286418
24286824
24300717
24307265
24324260
24325214
24326984
24327602
24337769
24354242
24362531
24371224
24376976
24390087
24393368
24469707
24478054
24485123
24510991
24516705
24521684
24561793
24562934
24566328
24575658
24609899
24618813
24634221
24728074
24737778
24741075
24742823
24748276
24748602
24762619
24772104
24781551
24782653
24786206
24790222
24792774
24800544
24810547
24811063
24823486
24827412
24835487
24835851
24845607
24849787
24863535
24876152
24880078
24882675
24900685
24900750
24900830
24900831
24914950
24916572
24931611
24944742
24947080
24952592
24953371
24961196
24992771
24992910
25002221
25009663
25024602
25048016
25057499
25057941
25058462
25072025
25074726
25082515
25087088
25098767
25130317
25130970
25148209
25148256
25163657
25168379
25181449
25187433
25193856
25202379
25203738
25209149
25211165
25220207
25222473
25223895
25242168
25248999
25256830
25266653
25278243
25282552
25282672
25320014
25321478
25323095
25332857
25341359
25354395
25371748
25381264
25382190
25382191
25395073
25405368
25425645
25427200
25438768
25451235
25451256
25472760
25483224
25492484
25503558
25504327
25505849
25521737
25529740
25534417
25537530
25553470
25565142
25580621
25588551
25592281
25593979
25607934
25620570
25625039
25633810
25636446
25645920
25647613
25649658
25658794
25660117
25664076
25668160
25673190
25674220
25682441
25697943
25699405
25726528
25736998
25745036
25775951
25778903
25784650
25800004
25801713
25809563
25812657
25816892
25827399
25834339
25834821
25840981
25869878
25873560
25875173
25880599
25880630
25886575
25887320
25895026
25901648
25902175
25908454
25913693
25923130
25936889
25941631
25949874
25953639
25961751
25965999
25971889
26000702
26000960
26001768
26005523
26033355
26036285
26047809
26049023
26068448
26070483
26077488
26083558
26099836
26104764
26108200
26117810
26125303
26135603
26137000
26138303
26153496
26168295
26169763
26184032
26186594
26189249
26191485
26210452
26215852
26225770
26242266
26250785
26252654
26255947
26259250
26260789
26301867
26323927
26325180
26338447
26342078
26363180
26408683
26418615
26420384
26436697
26440443
26452771
26456083
26459257
26459369
26472163
26483207
26496879
26497851
26503729
26531163
26543230
26628860
26635342
26658271
26680909
26680937
26692349
26695152
26697193
26697215
26698536
26700818
26706951
26716908
26717201
26725068
26729443
26744260
26753914
26757360
26761634
26779812
26786927
26790028
26801760
26810066
26810712
26818605
26823563
26823824
26844702
26847592
26857837
26859575
26870275
26879245
26879272
26889658
26893681
26893768
26897090
26919096
26923692
26934000
26950400
26951228
26959387
26964675
26968553
26992846
27017548
27029952
27041462
27043280
27049264
27053957
27061987
27063595
27068889
27069297
27073569
27077227
27081699
27082119
27086914
27134167
27136744
27142958
27144973
27147579
27155466
27169691
27170665
27187326
27187857
27191264
27213587
27214240
27258622
27261864
27283017
27288183
27302885
27322553
27336951
27364556
27394961
27396618
27396929
27402216
27416770
27442811
27447817
27448775
27451021
27461774
27465837
27466768
27468969
27470393
27471710
27486039
27488639
27490023
27496196
27508192
27524312
27525306
27528224
27553677
27572078
27573171
27578590
27596836
27602128
27610241
27636117
27658187
27681240
27690301
27694443
27696172
27703380
27711065
27729801
27752391
27764830
27773821
27774952
27779808
27786238
27786612
27793046
27804848
27804876
27810404
27822425
27853643
27880942
27893712
27917934
27923392
27936052
27975162
28006830
28011202
28028730
28035577
28042506
28043720
28064436
28065241
28075018
28075467
28086832
28090795
28100259
28107696
28133784
28164434
28170202
28192399
28212658
28237182
28243120
28258248
28259294
28272674
28291253
28314274
28315949
28322831
28337527
28374784
28384549
28389111
28404966
28407694
28411406
28411455
28412159
28427859
28428108
28440432
28440510
28441771
28442019
28449393
28459362
28461158
28464908
28469401
28469968
28485003
28485480
28511645
28529610
28534512
28536397
28536399
28536400
28536407
28547726
28548071
28550387
28551102
28559118
28559461
28559994
28587113
28590585
28592790
28593150
28599617
28601708
28624808
28638122
28638453
28654379
28662341
28670399
28676836
28679425
28698064
28708070
28715754
28716639
28724911
28745236
28751311
28755635
28775147
28789447
28820955
28829508
28835797
28852971
28862760
28864680
28879708
28890386
28902178
28903317
28915628
28917835
28921623
28938137
28939129
28943627
28966724
28968960
28973887
28983474
29028616
29045907
29046141
29058790
29069852
29083228
29088883
29100344
29103754
29107043
29107421
29108334
29113260
29115556
29121501
29133238
29137265
29146452
29157685
29163834
29174801
29175587
29175980
29187584
29200829
29202410
29203124
29203143
29229329
29231907
29237805
29238047
29256857
29262573
29272787
29282517
29291022
29296261
29303510
29312559
29331754
29339538
29348891
29355494
29358775
29360662
29363160
29375714
29383132
29391895
29409568
29416603
29416799
29416931
29421713
29422968
29426928
29427222
29431476
29434932
29435981
29453077
29455657
29455668
29458966
29467897
29472059
29475913
29487530
29494948
29502124
29552141
29555370
29560932
29563976
29570930
29575727
29576428
29578146
29602036
29616095
29621416
29624806
29630089
29653123
29664235
29684419
29705776
29731973
29735799
29742856
29743557
29758406
29777004
29781036
29794405
29796184
29803091
29807226
29844123
29848294
29894497
29920512
29924867
29943841
29949931
29991692
30008881
30017898
30026327
30030888
30043730
30044205
30056064
30060294
30069449
30089804
30108016
30118545
30119228
30129270
30134579
30149144
30155946
30157994
30159127
30165040
30182439
30197476
30197669
30209037
30210922
30233210
30248654
30285518
30291212
30293708
30299189
30306262
30309648
30310499
30314527
30343272
30352967
30353654
30360560
30361909
30381892
30412912
30422010
30422759
30444219
30474428
30477470
30480806
30504063
30513872
30518273
30520540
30538805
30542519
30551391
30563937
30573522
30583073
30607513
30610559
30613151
30613269
30625338
30636579
30638462
30638469
30643210
30646583
30647407
30649748
30650495
30658233
30658428
30661902
30708403
30719213
30720004
30773847
30782177
30793707
30838489
30850583
30867768
30871613
30878754
30885237
30886866
30897285
30909397
30909596
30929159
30937906
30962283
30980790
30999598
31026719
31030415
31034806
31037160
31038076
31053733
31054183
31056743
31060329
31072019
31079967
31085799
31106148
31108004
31113618
31114223
31116909
31117346
31126284
31126298
31137515
31149143
31156053
31161784
31180621
31186768
31193822
31196968
31200831
31205468
31243347
31280674
31283912
31284422
31292061
31345341
31359737
31361233
31387681
31388980
31395059
31414521
31425497
31428584
31440058
31441380
31446247
31446643
31454863
31499745
31502574
31526339
31539742
31554791
31557409
31575031
31584608
31590238
31590627
31629631
31643121
31658862
31670202
31694696
31696808
31704935
31729060
31744884
31749294
31781561
31806240
31817278
31825565
31845846
31846974
31849449
31852353
31861448
31874548
31881189
31889470
31892551
31893997
31897734
31902266
31904241
31904616
31915446
31918742
31930188
31938372
31940916
31949583
31949799
31966652
31973231
31991499
31994979
32005519
32017066
32020516
32028611
32031129
32045588
32062076
32063107
32067689
32068091
32075650
32083078
32089411
32094378
32099405
32100822
32111984
32117721
32117722
32117981
32126881
32127466
32135642
32157572
32166604
32183146
32192391
32193747
32195027
32195033
32198312
32198978
32200199
32200404
32201536
32203220
32204446
32219093
32224380
32231716
32258116
32258244
32273721
32302968
32308384
32318883
32333917
32361789
32371098
32373217
32384260
32391111
32395869
32416255
32427712
32428505
32460193
32474599
32475789
32480172
32482024
32484605
32494198
32502839
32503697
32505087
32505839
32512881
32516967
32521825
32522525
32525017
32528036
32545325
32565941
32580819
32603284
32626713
32630328
32631560
32635337
32650779
32682383
32685812
32686903
32689708
32719547
32719548
32727781
32739842
32746980
32747750
32770199
32770372
32772342
32775889
32782528
32788873
32792859
32800208
32820811
32835698
32850348
32853911
32916162
32943461
32961977
32973931
32974185
32982167
33019652
33022637
33024658
33039386
33039730
33039794
33043644
33045329
33046796
33061433
33061593
33073104
33075664
33075668
33087321
33115978
33123991
33142224
33142417
33155201
33167504
33176664
33195182
33202816
33215351
33221175
33227394
33244265
33258147
33268783
33271944
33327484
33358903
33374386
33376716
33384550
33418509
33425885
33437816
33438568
33446575
33450987
33451139
33455972
33488978
33498427
33520371
33539630
33574356
33629198
33633805
33636245
33675999
33676682
33688998
33693450
33705609
33727583
33731699
33747163
33750878
33751856
33777728
33801016
33816276
33841676
33849345
33854821
33859738
33893079
33919702
33939252
33951261
33958133
33958728
33965452
33989707
33990404
34003803
34018249
34047746
34050266
34059694
34071623
34075077
34076978
34100529
34141080
34145400
34175535
34180036
34183808
34199452
34210960
34230141
34247323
34249468
34254599
34257586
34261467
34296007
34348188
34350059
34377000
34386415
34408780
34416337
34426443
34447310
34486197
34490234
34512327
34516491
34531665
34534756
34551987
34555268
34559105
34575073
34575841
34586726
34616424
34622165
34650766
34651428
34680492
34681875
34707408
34708249
34710981
34725134
34732121
34765296
34771724
34781148
34789086
34790385
34791961
34794854
34795238
34804015
34830894
34839199
34844768
34853656
34854998
34861243
34863149
34904005
34906135
34951581
34957110
34976187
34979735
34998412
35013115
35024489
35041723
35044621
35051746
35063635
35069735
35071493
35076580
35081970
35087819
35100091
35116255
35122106
35144591
35188360
35196966
35205843
35236826
35242498
35252056
35292998
35309168
35313459
35370682
35378051
35379505
35392967
35403390
35403606
35406455
35419054
35419592
35427004
35449152
35449154
35464202
35487125
35488271
35521334
35539339
35550195
35571650
35582373
35630066
35631459
35645542
35650563
35676254
35701651
35704515
35710379
35723810
35760785
35778602
35802495
35848778
35867025
35869872
35887165
35939534
35946957
35957872
35967753
35978812
35987508
35997665
36005659
36043774
36044518
36053327
36057879
36080127
36109787
36120976
36130479
36138026
36165722
36176729
36182093
36184713
36205124
36206942
36229759
36233320
36253641
36268649
36281372
36284313
36288547
36291760
36308181
36330337
36338759
36355693
36387562
36410418
36417924
36498560
36499211
36506561
36524812
36551686
36559322
36578529
36583451
36586496
36640859
36681369
36683050
36702330
36752183
36770971
36825580
36842767
36846572
36915773
36919632
36925997
36959792
36969903
36989345
36999968
37015940
37041472
37042992
37043119
37061723
37078213
37089864
37108418
37114032
37131548
37145165
37162666
37174093
37175792
37175820
37183231
37208750
37215708
37228046
37260355
37323172
37343272
37354984
37357790
37373393
37400762
37405686
37409941
37417279
37425039
37429874
37436338
37488242
37500626
37514101
37549739
37550007
37571883
37593506
37642355
37646958
37654143
37667983
37690689
37718164
37812383
37821451
37835375
37838928
37843660
37898101
37903949
37913585
37924112
37932610
37940375
37945598
37957870
37984296
37995644
38047085
38074469
38078363
38086189
38132404
38137344
38153182
38201226
38201620
38206928
38214660
38238761
38246481
38250760
38257391
38269272
38273381
38286998
38331629
38352883
38367674
38420938
38442547
38462033
38466553
38473413
38477575
38492435
38503157
38597995
38669845
38711893
38733884
38751848
38843488
38847203
38853438
38853512
38876234
38877005
38891113
38909206
38918995
38923279
38923378
38935609
38952095
38954904
38956428
38962837
38980727
39012239
39026631
39028451
39058972
39123483
39137597
39171189
39179404
39201787
39216686
39217894
39219313
39278060
39283528
39291032
39318461
39329778
39348183
39356364
39367844
39371619
39457044
39458991
39484763
39512947
39513952
39523098
39524211
39528875
39544485
39556431
39592929
39643883
39650809
39656223
39664377
39675659
39722090
39724725
39728413
39744222
39748066
39751636
39768913
39773237
39792166
39802634
39805351
39812063
39815326
39827141
39853766
39856684
39864372
39882685
39920140
39925637
39930702
39940255
39969662
40053482
40066205
40078386
40109959
