1279668
1281665
1281997
1283307
1285331
1289799
1292248
1295901
1297358
1297477
1299526
1301140
1301171
1306305
1307772
1309531
1309594
1310564
1311531
1314775
1315190
1316126
1316408
1317208
1317259
1317604
1318011
1318945
1321271
1321402
1321486
1323849
1324192
1326470
1328258
1328493
1329087
1330099
1330296
1330542
1331478
1331773
1334053
1339339
1339415
1340156
1340466
1342971
1348920
1348967
1349907
1350457
1352077
1352852
1353072
1356012
1356387
1356615
1363522
1371419
1372161
1372247
1373070
1373678
1373814
1374242
1374386
1374683
1375720
1376749
1378649
1378845
1379916
1381423
1384028
1385453
1385853
1389474
1389476
1395924
1396043
1396976
1400626
1405703
1406649
1406955
1406975
1406976
1415544
1417952
1426675
1427080
1436095
1437160
1438085
1438687
1444241
1445344
1445353
1447818
1450726
1451976
1452198
1458461
1459202
1461648
1461649
1461650
1462123
1468540
1470178
1472633
1483933
1485890
1490357
1490362
1490380
1490381
1490383
1490384
1491723
1492496
1493372
1493373
1493439
1493447
1495494
1497659
1499076
1501888
1501892
1502157
1505520
1505770
1507636
1510825
1511698
1512542
1513336
1515224
1516044
1517537
1517573
1521738
1531590
1535193
1535827
1540946
1542492
1544384
1544716
1544874
1545813
1549358
1551129
1552705
1554413
1555236
1555252
1559612
1561309
1562321
1562593
1563831
1564326
1565479
1567165
1567856
1568393
1569190
1570150
1570158
1570307
1571552
1572402
1575012
1575711
1580505
1583601
1586594
1586975
1587003
1587829
1588953
1591225
1594249
1596868
1597196
1597257
1599133
1599463
1601388
1605896
1608401
1612482
1612775
1613697
1616958
1618750
1618915
1619315
1620120
1620543
1622111
1626617
1627144
1628829
1630155
1630819
1633109
1633111
1633113
1634119
1640736
1644297
1644814
1645245
1645870
1646047
1646908
1647646
1648336
1648457
1648564
1648700
1648912
1650445
1651323
1651842
1652570
1653692
1654559
1655253
1658414
1660091
1660688
1660689
1661047
1667087
1667490
1670896
1673740
1674395
1679531
1682189
1682864
1683065
1683873
1684853
1687493
1688464
1692520
1692624
1693226
1693276
1693449
1694017
1695728
1696041
1696944
1697409
1697411
1698381
1698382
1698532
1701014
1701348
1702406
1702632
1703181
1705637
1706617
1707153
1707594
1708128
1709176
1710024
1710208
1711487
1712250
1713357
1713514
1714718
1714720
1714740
1715021
1715272
1717143
1718453
1721614
1724994
1728320
1728975
1730410
1730412
1730782
1731749
1734037
1734524
1734875
1735958
1737370
1737382
1740241
1741403
1743296
1746918
1747869
1748630
1751543
1752978
1756727
1760254
1763052
1764535
1766673
1768061
1769408
1772432
1774959
1776829
1776855
1776859
1777128
1779495
1782076
1783418
1786750
1795697
1803858
1805987
1806037
1806345
1812039
1819482
1827033
1829955
1840250
1840505
1841270
1846312
1847643
1849792
1850105
1855215
1857586
1859407
1859451
1860897
1861859
1865909
1868142
1872950
1874294
1874562
1879337
1879469
1886715
1886883
1888169
1888702
1896473
1899807
1899910
1900228
1901940
1901943
1902001
1904416
1905238
1905566
1905596
1906157
1908674
1910482
1912364
1915867
1916760
1917139
1917937
1919395
1921994
1922031
1923509
1923512
1923514
1923771
1924333
1927975
1929785
1930169
1930207
1932754
1933191
1933888
1936260
1937363
1940543
1942068
1945409
1945411
1945855
1946442
1955783
1959995
1961011
1963583
1963632
1965647
1974479
1975511
1980237
1980763
1980998
1984840
1985955
1987636
1988282
1989608
1990293
1992440
1992443
1992989
1995415
1997100
1997938
1997945
1997946
1997947
1999286
1999960
2003876
2004018
2004655
2005393
2005901
2005911
2006923
2009323
2009531
2011405
2013457
2015589
2019471
2025578
2028742
2028839
2030911
2031852
2046673
2048223
2049782
2051696
2052358
2055946
2056195
2056771
2057364
2064352
2068097
2068146
2070052
2070823
2073789
2073799
2073801
2073802
2073804
2073805
2073807
2073808
2073809
2073811
2076099
2079465
2079963
2081937
2088905
2099192
2101132
2104539
2105224
2105952
2109683
2109702
2110029
2111449
2111761
2112575
2113555
2113996
2114310
2121143
2122233
2123531
2125987
2127395
2127692
2133113
2133648
2136500
2138167
2139666
2139817
2140528
2141296
2141510
2142141
2143796
2144164
2147360
2154325
2155186
2156210
2157194
2158040
2159373
2161347
2161812
2163054
2164348
2164893
2171549
2172071
2173473
2174061
2176488
2176599
2177340
2179128
2179534
2180559
2180567
2181377
2182320
2182793
2184192
2185254
2185686
2185880
2185883
2187192
2187953
2188234
2189291
2191300
2191730
2192705
2193134
2193293
2194833
2195043
2195118
2196264
2196440
2198527
2199026
2199326
2200214
2200538
2200903
2201456
2201557
2201906
2201910
2204021
2204813
2205100
2205380
2208081
2208154
2208171
2211718
2216459
2216463
2216716
2219132
2221669
2226858
2227442
2227545
2227789
2229059
2230867
2232707
2233716
2233723
2237417
2245444
2249657
2250909
2250915
2251503
2252422
2255090
2255093
2261575
2261877
2265431
2265452
2269935
2273056
2278633
2278885
2284094
2284100
2285412
2288638
2292363
2294225
2298494
2302267
2302706
2307371
2307537
2307540
2310679
2320412
2320415
2325130
2328020
2332674
2334929
2346285
2346497
2359342
2362589
2370447
2400824
2404770
2405002
2406566
2407190
2407738
2408919
2411425
2415125
2417599
2417706
2421303
2421720
2425428
2425967
2428614
2430281
2430795
2431274
2431278
2431293
2431836
2431900
2433006
2433029
2435565
2435730
2436779
2436892
2437157
2437915
2438422
2439194
2439522
2443373
2443918
2445690
2445821
2446300
2446622
2446795
2446899
2447046
2447448
2449430
2450637
2450880
2450923
2453828
2453829
2454393
2454510
2454869
2455262
2456099
2458948
2459070
2459072
2460228
2461052
2462705
2462725
2463169
2463212
2463837
2464334
2464562
2464742
2465558
2467144
2467185
2468174
2468569
2470712
2471130
2471751
2472283
2472417
2473136
2473935
2474397
2475175
2475843
2476708
2477687
2477871
2478270
2478723
2480191
2482744
2483681
2484717
2490848
2491749
2492284
2494062
2495251
2496060
2496686
2496772
2497974
2498322
2499407
2500119
2501083
2502752
2503246
2507186
2507374
2507827
2508064
2509225
2509518
2511182
2511193
2512356
2512526
2517588
2521209
2524439
2529466
2536035
2536888
2536918
2536923
2537153
2537854
2539328
2539700
2540898
2541434
2542967
2543944
2545356
2545502
2545843
2547511
2548145
2548146
2548186
2548493
2551669
2553463
2555703
2556411
2557616
2557917
2558650
2560625
2561453
2562235
2564107
2569035
2572268
2572702
2573192
2573420
2573579
2574023
2574759
2575609
2577865
2577872
2578312
2579323
2581126
2581563
2601704
2601711
2611995
2630249
2642578
2644611
2644989
2645359
2645525
2647288
2647476
2647708
2647841
2648131
2648254
2648255
2649153
2649516
2649891
2650877
2654492
2654810
2654814
2656616
2657403
2657574
2657781
2659164
2659285
2659598
2659902
2660072
2660073
2660895
2660982
2662014
2663020
2663469
2666167
2666905
2667965
2668731
2668734
2668739
2668846
2668848
2669755
2670284
2670485
2671679
2671866
2673238
2674692
2674694
2674860
2674898
2676187
2678005
2678039
2679824
2679850
2680541
2682202
2683072
2683768
2683996
2684395
2684400
2684403
2684961
2685559
2685563
2686529
2686981
2686984
2687767
2687769
2687770
2687771
2689133
2689225
2690070
2691956
2692787
2693468
2693652
2694722
2696685
2697181
2706619
2707103
2710118
2715673
2717410
2721228
2733094
2736205
2739662
2741649
2743265
2746630
2747642
2747644
2761532
2773593
2774931
2776356
2784066
2784388
2785918
2787345
2788705
2792759
2793241
2795883
2804914
2819730
2820714
2820715
2821605
2823151
2825967
2826197
2826545
2829126
2830501
2830582
2830825
2831793
2834065
2834201
2834733
2835732
2835733
2838125
2838552
2838744
2838785
2840989
2841585
2842040
2843181
2843452
2845200
2848149
2850328
2850893
2850896
2851731
2852579
2854191
2854872
2856403
2863225
2863748
2865517
2866525
2866526
2870798
2875790
2881266
2882179
2884388
2887877
2887938
2893611
2897116
2905033
2911270
2921356
2924804
2941150
2946931
2953163
2957694
2958008
2961982
2963209
2963988
2966584
2966921
2971426
2972842
2974056
2976141
2977156
2982724
2983111
2983328
2983887
2984071
2985144
2987538
2987943
2991574
2992763
2992777
2992931
2993113
2993132
2993214
2993868
2993997
2995829
2995998
2998760
2999446
2999973
3000601
3001737
3002617
3004717
3004939
3004968
3005035
3005205
3005310
3006024
3008665
3008988
3009377
3011271
3013177
3013622
3013623
3014513
3014659
3015282
3016030
3016297
3016301
3017342
3017699
3018494
3018999
3019898
3020544
3021154
3021636
3022291
3022917
3023370
3023885
3024010
3024232
3024649
3024809
3024920
3024921
3024922
3024964
3024965
3025631
3025632
3025654
3027709
3028756
3029770
3030407
3030732
3032447
3032456
3032467
3032920
3032993
3033315
3033889
3034414
3034547
3035210
3035497
3036322
3036482
3037316
3037318
3037342
3037484
3038758
3039354
3040653
3043180
3043196
3043198
3044429
3045126
3048435
3049121
3052780
3053161
3053165
3054350
3054508
3054517
3056747
3058127
3058983
3059654
3060432
3060796
3060804
3063444
3063445
3064473
3064712
3065825
3066081
3069731
3073618
3074839
3076067
3077353
3078949
3078950
3078951
3078955
3078957
3078958
3078960
3078963
3080420
3084962
3086085
3087969
3089986
3091550
3091845
3093082
3093421
3095123
3096504
3097823
3098506
3100942
3102422
3103669
3105625
3106484
3106693
3106791
3108267
3109417
3112560
3115513
3115797
3115922
3117047
3118189
3118872
3121357
3122026
3125035
3125143
3126739
3127392
3128541
3128958
3129729
3131117
3131718
3131719
3133310
3135308
3135413
3136324
3137398
3137456
3137564
3139457
3139753
3143076
3143360
3144696
3145022
3152599
3152600
3153468
3159569
3160729
3162308
3162550
3162825
3163919
3164247
3164710
3165487
3169138
3172238
3173352
3180083
3180223
3180236
3181273
3193767
3211137
3215045
3215048
3215049
3215051
3215052
3215053
3215054
3215055
3221882
3226724
3243428
3244364
3245919
3248390
3253062
3256727
3258745
3261629
3261863
3262202
3264010
3265089
3265090
3265091
3265092
3265337
3275475
3275865
3276924
3277186
3277717
3279793
3280682
3280975
3281092
3281258
3281469
3282511
3283652
3283655
3284178
3284824
3285103
3285181
3285208
3285293
3286221
3287614
3288972
3289968
3290209
3293213
3295065
3295155
3297309
3299053
3299056
3300961
3302722
3306601
3307772
3308492
3308495
3311495
3311922
3313385
3313399
3316385
3316981
3318911
3320223
3325094
3325826
3325875
3325877
3325885
3326468
3326469
3327800
3327801
3327864
3329710
3329714
3329719
3330782
3330784
3330785
3331171
3331172
3332017
3333275
3337730
3342413
3348948
3356492
3365842
3372600
3373555
3380094
3395984
3401221
3402430
3405005
3411933
3416306
3417371
3421979
3422230
3427703
3428595
3438086
3456165
3457223
3458027
3458257
3458709
3460694
3464006
3464612
3465038
3466771
3466870
3467348
3468485
3469660
3472650
3473497
3474039
3474651
3475162
3475570
3475758
3476195
3476196
3477514
3479800
3480763
3480843
3484803
3485078
3486470
3489063
3490663
3491176
3491731
3492369
3492494
3493753
3494622
3495272
3496359
3497508
3497813
3497923
3498303
3499566
3500733
3501185
3502111
3505666
3510398
3511091
3511934
3513176
3513434
3514240
3517860
3517879
3518746
3520340
3520551
3521694
3525040
3526329
3526333
3528175
3528861
3528863
3530350
3532322
3534551
3536078
3536362
3537122
3537956
3539537
3539538
3539539
3540012
3540591
3540613
3541926
3545431
3547079
3547086
3547087
3549281
3549466
3549790
3549960
3551944
3552016
3556196
3557122
3569112
3570552
3591230
3597558
3619899
3620471
3657205
3665880
3667627
3677090
3678827
3681061
3685977
3690658
3691477
3691904
3714470
3722193
3723225
3741337
3743569
3745215
3755442
3758207
3760571
3761692
3778442
3778453
3778468
3785153
3785169
3785211
3792033
3792034
3792036
3792038
3792039
3792040
3796600
3796601
3801273
3801968
3803320
3803604
3817014
3832071
3837844
3837853
3838203
3855302
3855381
3855549
3855567
3856253
3856319
3856429
3856876
3857582
3857623
3860696
3860729
3860831
3860863
3860968
3861242
3872410
3873657
3877730
3879814
3881681
3885045
3886684
3887132
3889656
3900742
3902971
3903749
3906409
3906410
3907852
3907853
3915537
3915769
3915782
3919627
3919889
3921823
3923436
3923490
3924591
3924592
3926536
3928155
3930155
3935435
3937573
3937724
3938309
3939686
3944192
3947550
3954759
3964537
3982504
4001943
4006596
4027160
4028021
4028026
4043256
4046040
4063140
4063959
4065045
4065102
4066768
4079453
4092694
4092935
6087343
6088986
6089208
6090062
6091107
6092764
6093121
6094223
6096815
6097348
6098468
6098519
6150366
6188153
6190569
6196212
6206500
6284994
6292482
6292531
6300869
6300896
6304522
6304538
6304729
6305794
6306472
6308654
6313208
6316351
6319017
6321996
6322170
6322173
6323325
6324081
6324175
6325922
6326104
6327064
6327071
6327072
6328505
6330529
6332711
6332712
6332714
6334806
6359370
6378936
6393124
6397839
6401867
6402776
6412145
6413865
6414084
6414718
6416831
6417658
6419122
6419123
6419124
6420706
6422306
6424112
6424234
6424577
6424665
6431612
6434235
6438521
6441706
6442297
6462219
6462227
6462247
6463648
6468836
6472449
6478861
6478862
6478863
6478864
6493228
6498938
6500230
6508811
6513926
6547209
6578511
6580529
6584908
6593728
6595484
6603429
6604943
6606489
6646201
6646229
6692352
6692471
6700731
6700732
6712668
6714223
6818551
6823323
6961453
7146913
7476902
7478514
7478565
7478599
7487997
7488057
7490526
7490766
7492953
7499403
7500645
7510242
7510485
7511045
7511953
7513822
7516741
7516924
7520517
7523269
7524476
7525969
7534232
7534509
7535536
7536058
7537485
7538722
7540858
7546854
7547497
7556624
7557622
7558417
7558419
7558421
7563112
7564322
7564512
7566958
7566967
7567445
7567474
7568005
7568195
7576107
7577944
7579683
7579812
7585544
7585606
7585652
7587576
7592047
7597296
7599064
7599188
7600304
7604036
7605342
7608142
7609100
7611785
7615373
7616172
7616300
7623799
7623834
7624125
7624126
7624160
7625725
7626199
7626216
7626652
7633656
7635978
7639762
7641187
7641211
7642555
7642726
7645422
7645941
7645986
7646444
7646762
7647959
7649352
7651422
7651436
7654239
7654255
7654441
7656409
7658719
7660814
7661016
7662077
7663377
7664296
7666498
7669729
7672090
7672608
7673322
7675728
7679417
7680737
7684020
7686084
7686158
7687263
7689933
7690963
7694127
7694866
7695196
7695613
7698223
7700652
7702871
7703567
7706453
7710955
7713931
7721656
7721877
7722440
7724545
7727380
7731690
7731719
7731722
7732029
7732224
7732891
7733033
7734316
7734397
7735324
7736574
7737372
7738716
7739203
7739536
7743559
7744698
7747807
7749231
7753548
7753559
7753821
7758616
7758695
7761098
7763748
7767065
7767777
7767986
7768000
7768638
7768941
7773336
7775120
7775604
7776985
7779812
7780818
7784064
7784068
7784080
7784082
7784900
7787888
7788551
7794075
7794791
7794930
7799437
7799924
7805549
7807998
7809156
7812182
7812192
7814862
7816796
7821800
7822433
7831152
7834827
7835139
7836923
7838149
7838531
7838710
7838722
7845009
7846125
7849486
7849624
7851159
7851963
7860774
7862146
7862448
7862454
7862532
7865834
7866900
7869034
7870572
7870592
7875594
7880838
7882339
7882978
7889335
7892157
7895496
7895497
7895499
7895500
7895512
7895514
7895517
7895518
7896892
7904896
7905609
7905628
7907610
7910516
7913670
7916669
7919121
7919540
7920226
7921218
7921414
7923012
7923569
7923926
7925100
7927868
7936654
7937596
7937965
7946599
7947387
7951026
7951061
7954373
7956909
7957110
7957875
7958890
7958908
7958952
7958992
7962114
7962604
7969121
7969136
7970700
7970710
7972241
7977518
7983741
7986705
7986749
7987827
7990819
7991585
7997802
8002989
8003611
8003818
8006008
8012930
8012933
8012955
8012982
8016082
8019485
8022834
8027238
8035827
8036009
8036154
8040189
8043869
8044966
8045259
8048943
8049139
8053928
8056341
8057666
8058059
8058334
8060330
8062214
8062219
8063836
8065303
8065306
8065308
8065309
8068339
8070770
8073113
8074458
8074472
8074703
8076351
8076602
8076603
8077765
8082236
8082765
8086339
8086630
8087425
8091232
8094075
8096798
8098200
8099756
8100712
8101872
8102129
8103188
8104218
8104947
8106559
8108115
8108117
8108141
8111730
8113414
8114742
8115384
8116143
8116930
8118397
8118960
8122249
8123232
8125259
8126088
8127701
8128845
8129712
8132663
8134108
8134115
8134128
8134403
8137202
8142255
8142616
8144861
8145740
8146274
8146306
8148373
8149351
8153630
8157956
8160706
8161210
8175026
8177203
8180421
8180589
8182948
8183547
8187933
8187952
8190258
8191225
8192117
8195870
8196628
8196648
8196661
8197157
8199402
8200908
8203532
8203922
8204884
8206526
8208512
8208546
8210089
8220071
8220424
8220581
8223133
8224903
8225910
8227216
8231250
8232288
8238863
8239507
8239509
8243637
8243649
8243807
8245441
8246966
8246978
8247009
8247524
8247541
8247754
8250935
8255078
8256584
8260364
8260879
8262051
8262479
8262968
8265096
8265351
8266081
8274462
8274734
8275499
8276117
8280153
8283466
8286743
8286826
8287725
8289784
8289795
8289968
8290263
8294427
8297142
8297793
8297795
8302586
8302604
8304976
8307202
8308023
8314315
8314330
8314536
8317907
8321217
8324225
8325387
8326462
8326591
8327497
8336940
8336946
8343222
8346033
8346257
8347498
8348968
8349701
8350425
8352523
8352531
8352540
8352803
8353142
8353880
8355707
8355712
8356088
8364980
8365669
8366102
8368314
8373802
8376401
8378090
8378941
8382136
8385158
8385351
8386135
8386142
8386576
8387025
8388232
8389270
8390424
8390853
8390959
8391967
8392399
8392752
8393325
8394364
8395101
8396818
8396843
8402014
8404859
8406022
8407552
8408242
8408711
8412172
8414499
8414513
8414677
8415749
8416713
8416737
8421701
8423780
8423795
8423990
8423994
8424905
8424907
8425220
8425913
8426744
8432027
8435328
8437848
8439572
8441394
8444346
8445953
8449602
8449605
8451757
8453273
8454259
8455630
8455938
8456979
8457343
8458579
8459802
8460396
8460477
8461612
8462926
8463412
8464702
8466511
8467484
8472857
8472886
8473043
8474446
8475034
8477653
8486652
8489294
8490200
8492318
8494784
8494788
8501817
8502472
8502552
8502676
8504905
8507192
8509413
8510935
8513277
8513338
8514261
8515068
8517655
8518028
8518229
8519445
8519685
8521822
8524218
8524235
8527040
8529131
8529284
8530149
8536605
8537320
8538052
8539225
8542090
8542601
8545108
8545130
8547317
8547828
8551363
8554627
8556366
8562172
8566348
8570193
8570196
8570205
8572176
8572578
8574164
8580815
8585948
8595236
8600028
8601634
8603353
8603490
8605094
8609722
8612691
8614006
8616862
8617212
8617250
8617934
8618230
8618233
8620470
8621409
8621651
8626138
8628015
8630075
8631582
8632682
8642300
8643106
8647882
8647923
8649373
8649389
8649790
8649824
8649832
8649844
8651943
8652383
8656603
8657570
8657582
8657726
8660911
8667251
8668167
8669824
8670166
8676218
8679157
8680795
8681452
8683159
8690515
8691019
8691507
8692914
8692959
8693593
8695842
8697432
8697990
8700224
8700520
8700528
8701093
8701981
8702548
8702755
8707861
8707895
8712728
8713579
8713835
8732104
8736870
8737457
8745481
8746269
8750149
8751972
8754393
8755740
8756335
8756350
8756633
8756660
8756668
8758273
8760287
8760292
8760302
8761297
8762433
8765976
8772502
8777428
8778231
8780893
8782665
8783648
8786139
8787447
8790838
8792003
8798484
8799562
8799809
8807143
8810134
8810318
8813114
8813127
8816437
8816489
8816814
8817075
8821986
8823991
8827045
8828471
8839385
8841436
8841498
8841589
8847898
8855231
8858133
8863737
8875887
8875988
8891333
8895511
8895554
8898482
8900191
8900920
8901205
8902055
8907200
8914018
8915491
8916146
8919541
8921415
8924763
8927700
8934531
8940139
8940157
8943396
8943742
8943821
8946941
8949883
8952524
8956277
8959340
8960139
8962676
8972190
8977186
8978304
8978686
8979089
8980188
8985317
8985834
8985958
8988061
8990623
8994260
8996976
9000576
9001421
9006118
9009061
9009148
9010314
9010472
9012485
9013798
9016668
9020362
9020911
9022137
9027590
9029169
9031121
9032273
9036941
9040940
9042662
9045892
9049182
9050996
9053293
9053295
9053836
9059320
9060425
9062851
9066627
9070231
9070265
9070886
9071960
9071974
9072006
9074493
9076471
9079223
9079224
9079756
9083330
9086332
9088026
9089633
9092950
9093914
9095415
9096378
9096591
9101084
9101088
9103211
9105897
9108088
9110979
9111304
9111313
9111340
9111527
9119229
9119380
9120352
9125156
9126360
9130602
9133424
9133625
9135021
9137419
9137454
9138112
9162900
9164674
9169042
9169090
9177412
9178888
9178892
9178906
9182244
9182863
9185588
9186000
9186691
9187125
9187425
9188842
9190900
9192621
9196027
9196053
9196434
9199252
9202759
9207073
9208535
9209404
9210401
9212167
9212915
9219032
9221853
9223664
9224425
9230198
9234694
9236143
9236853
9237184
9240425
9244432
9245740
9247102
9254020
9254045
9260577
9263010
9264404
9264405
9271375
9275322
9275356
9275498
9275677
9278255
9279359
9282304
9283897
9286730
9290118
9291819
9294605
9294606
9294616
9295972
9305727
9305935
9306959
9308224
9308226
9308227
9308228
9308229
9308231
9308232
9308233
9308236
9308238
9308243
9308244
9308247
9308248
9308251
9308252
9308253
9310122
9311610
9311992
9315103
9315742
9316053
9316423
9333023
9334657
9337072
9342182
9343438
9343440
9344491
9344871
9348182
9353256
9360929
9362445
9364867
9369962
9370386
9371407
9373326
9374435
9378547
9379677
9380798
9382886
9386080
9387143
9387387
9387399
9388062
9389570
9393881
9397983
9398495
9399658
9402334
9405367
9405401
9406575
9408078
9408311
9415803
9415810
9416832
9421085
9422539
9422944
9426068
9426742
9433379
9434785
9443406
9450496
9451059
9451424
9457064
9458291
9461638
9462237
9462382
9462838
9464475
9464539
9465046
9467964
9467968
9468555
9468576
9469822
9472098
9472706
9475195
9482408
9482660
9485376
9489489
9492315
9494542
9494568
9508786
9513871
9521854
9523731
9528857
9541684
9551622
9558477
9560199
9560795
9563496
9565066
9565685
9566690
9566715
9568061
9570981
9572493
9573674
9580695
9584184
9589839
9590129
9594347
9596959
9596995
9604385
9610866
9611251
9612689
9620446
9621008
9621133
9624173
9624185
9625435
9626044
9626477
9628805
9628905
9629217
9632747
9632756
9632888
9639807
9642304
9643977
9646196
9648593
9649157
9651176
9652757
9657861
9664877
9671459
9673366
9674116
9674700
9674878
9676860
9680370
9680483
9683527
9684972
9692549
9696045
9701364
9708738
9711537
9712150
9713974
9714316
9715279
9719482
9719630
9721866
9721875
9721879
9722986
9727977
9729119
9733891
9737991
9738480
9740063
9747880
9751117
9751615
9759658
9762416
9762942
9763199
9766750
9771909
9771921
9772353
9772416
9772916
9773936
9774645
9778038
9778623
9786319
9788437
9792690
9792694
9794227
9797456
9801297
9801993
9804832
9806355
9806630
9808433
9809750
9811896
9815178
9816098
9816266
9824500
9824641
9824682
9826556
9838291
9839551
9840941
9845536
9848127
9848649
9849490
9850091
9854145
9857001
9858526
9862521
9864735
9868083
9868803
9869632
9872993
9873819
9874564
9879987
9882528
9882595
9886401
9891436
9891941
9892606
9895355
9916997
9924025
9926926
9926935
9927200
9930474
9934848
9949299
9950153
9973551
9988278
9989838
10022123
10022128
10022608
10022853
10025511
10026844
10027304
10029087
10037138
10037749
10049778
10066380
10068671
10071077
10072196
10072797
10074240
10076563
10082554
10084311
10085075
10087490
10092212
10092954
10094776
10096250
10096954
10196351
10200458
10200487
10203253
10205150
10205190
10207076
10207671
10208435
10209447
10215635
10216130
10220744
10224279
10229200
10229837
10233843
10234031
10319872
10319992
10321885
10322834
10322972
10323033
10323217
10323451
10327064
10328848
10331741
10337070
10339988
10344741
10347171
10353317
10355827
10358082
10359010
10360173
10360375
10362287
10362794
10363978
10364155
10366972
10369079
10369774
10371395
10373478
10373516
10374323
10375117
10375197
10375604
10375612
10378690
10378693
10378694
10383467
10392904
10396060
10396071
10402242
10403534
10409442
10409725
10409757
10409758
10413254
10415336
10419025
10425313
10426126
10426197
10434891
10435590
10437140
10439040
10442983
10443007
10445853
10446203
10449034
10454615
10454619
10457846
10461064
10465786
10467407
10490820
10492039
10498900
10499637
10511314
10514383
10514474
10519417
10520030
10521575
10523691
10523846
10527691
10528192
10528431
10530863
10535358
10536143
10536184
10541554
10543451
10547073
10549146
10549271
10549828
10551317
10551811
10554044
10555152
10556095
10557294
10567899
10570182
10570963
10576148
10579912
10581008
10600396
10601599
10602433
10604737
10611234
10618400
10623602
10625678
10626893
10628839
10629373
10637230
10637317
10637319
10637333
10639566
10640455
10644986
10646866
10648601
10651641
10653866
10657901
10658480
10666282
10672043
10674817
10675610
10679091
10681589
10685630
10686942
10688605
10688644
10688645
10688915
10689181
10692488
10695937
10698478
10698944
10700145
10702306
10702403
10705309
10706881
10710437
10713166
10713443
10713669
10713672
10713691
10713695
10718332
10734130
10739005
10743065
10744738
10758503
10760805
10760826
10761452
10765129
10766346
10769704
10773879
10774575
10774822
10782232
10782234
10797498
10799331
10799339
10802057
10805726
10808613
10809364
10819980
10822369
10822387
10823814
10825194
10825210
10828444
10835425
10837031
10837516
10837922
10838075
10847721
10848730
10849366
10850408
10860847
10861747
10861842
10865979
10866684
10869558
10871848
10882073
10882234
10882420
10885610
10886373
10891489
10894886
10897006
10899308
10904878
10905553
10906337
10910917
10913183
10913679
10914551
10914558
10918054
10918443
10918575
10918582
10918584
10918589
10918597
10919652
10920185
10920889
10923448
10931834
10931849
10933828
10942533
10956386
10960769
10961688
10961689
10975286
10976916
10979215
10980620
10982649
10984118
10993886
11005843
11008200
11009078
11016920
11021963
11023198
11032017
11035006
11043423
11044429
11045257
11050389
11056036
11070348
11071868
11071946
11072611
11073970
11079161
11085504
11085542
11090099
11093815
11099487
11103792
11104567
11104825
11111017
11114727
11115508
11129738
11134351
11139316
11145682
11145693
11148566
11149753
11158583
11163079
11163229
11163511
11175856
11176282
11182042
11187801
11190273
11191620
11198217
11200258
11206311
11208609
11215044
11216479
11221849
11231578
11235913
11237497
11237752
11238920
11243879
11250069
11250656
11256816
11259097
11263156
11263352
11270800
11270995
11272174
11276201
11279041
11281638
11282029
11282171
11284969
11286633
11295080
11296295
11299830
11306486
11306501
11306700
11308152
11311202
11311470
11313917
11314009
11314864
11318533
11318876
11332400
11334145
11337016
11337282
11338487
11340171
11343379
11350689
11352562
11353138
11367666
11368876
11369200
11374170
11376943
11377235
11381265
11381677
11382922
11384216
11387238
11389443
11392879
11399790
11402027
11406298
11406570
11408612
11419940
11420703
11422041
11423975
11428707
11431360
11431428
11431731
11435602
11438650
11443860
11446591
11447169
11449307
11449404
11457456
11457846
11464293
11466615
11477405
11483602
11483613
11493333
11494151
11498766
11498786
11500928
11506326
11509750
11511539
11517968
11519042
11522296
11522645
11526483
11528108
11532874
11559025
11562751
11563982
11567024
11574688
11578259
11585056
11585818
11587216
11590694
11593416
11596289
11598121
11598174
11598794
11599001
11600998
11606399
11607812
11668037
11673469
11676205
11676483
11676612
11676877
11677115
11679086
11680511
11689553
11697627
11698294
11698483
11699727
11704823
11705881
11706062
11707650
11714718
11714983
11715413
11715481
11715508
11716533
11725019
11725138
11734062
11737267
11738272
11738392
11739276
11739900
11742404
11742585
11745432
11751426
11751853
11758828
11761924
11768610
11769627
11775889
11776079
11776085
11777933
11778549
11779125
11780383
11786932
11787815
11788220
11795494
11795828
11796839
11797217
11798686
11798750
11798947
11799123
11802993
11804592
11817538
11818252
11819301
11819565
11819799
11832013
11835814
11836386
11839798
11840276
11840336
11841626
11844794
11846448
11847100
11848469
11848471
11850082
11857077
11857776
11861398
11865060
11866973
11869525
11872163
11876528
11877042
11877298
11884529
11888518
11896290
11896589
11904304
11906549
11909865
11909963
11911854
11916966
11925118
11928219
11931531
11932393
11939505
11944954
11948489
11948540
11950922
11956070
11960190
11960382
11960601
11971818
11973336
11973610
11980918
11983916
11988837
11989613
12009006
12011429
12013111
12019726
12024010
12027803
12031967
12032779
12034846
12036924
12040439
12045150
12049738
12049739
12054425
12060688
12064575
12070150
12072203
12077300
12077355
12080043
12080469
12082260
12082528
12082531
12085264
12107268
12110671
12111351
12111518
12116424
12118116
12119103
12128097
12130502
12149248
12149649
12150449
12150900
12150994
12167117
12167641
12167710
12174909
12185582
12187960
12189186
12189705
12195017
12196193
12196529
12200713
12202246
12202489
12209953
12213716
12221586
12226097
12230428
12237776
12325039
12360279
12360408
12362975
12368264
12370803
12370848
12377807
12378623
12379776
12384550
12386373
12386920
12390804
12394763
12397608
12399973
12414619
12418961
12420224
12435808
12436441
12444974
12446731
12447674
12449722
12451483
12452058
12460470
12471824
12479216
12479913
12480946
12490573
12496475
12500400
12501251
12502816
12504005
12509468
12513735
12513859
12520970
12524396
12525089
12525485
12529326
12529648
12529695
12532419
12532785
12533512
12536628
12544257
12550114
12552250
12553001
12557145
12561777
12562237
12563997
12565711
12565816
12575400
12578642
12581899
12584560
12591729
12593856
12594230
12597623
12599417
12602927
12620195
12631396
12631706
12632255
12635143
12637327
12637527
12642863
12646044
12649207
12653573
12659683
12660246
12665552
12669230
12688321
12688534
12692842
12694227
12695333
12702757
12728258
12729735
12733375
12734332
12734418
12736715
12738730
12744166
12745652
12746474
12748187
12761495
12761891
12767524
12768760
12768763
12769844
12775238
12776737
12782599
12783888
12791268
12802290
12808131
12810261
12815897
12816956
12817989
12818373
12819782
12820414
12824159
12837294
12839571
12851483
12851485
12851682
12853350
12855588
12855625
12869303
12873812
12875652
12876071
12876208
12878043
12878165
12880944
12882690
12883011
12892231
12893289
12894594
12901618
12903472
12903497
12910676
12928392
12937171
12941792
12941894
12944920
12948409
12950019
12951440
12958186
12962147
12967477
12970677
12970749
12974153
14498825
14499492
14500370
14513581
14514388
14516741
14516787
14517295
14521939
14523011
14529093
14532990
14533811
14555342
14555535
14558945
14559793
14559912
14562020
14562053
14563552
14563837
14563945
14568568
14570602
14575816
14576155
14576301
14576768
14577369
14583781
14600289
14601048
14604889
14607712
14607835
14609754
14612923
14613647
14624490
14625288
14627695
14633598
14634278
14644095
14645543
14645547
14651961
14654778
14656381
14672406
14676159
14681205
14697225
14705768
14712232
14713205
14716294
14716882
14724288
14729369
14734859
14739857
14742323
14744757
14750213
14761609
14764041
14764675
14766678
14769798
14961975
14963405
14965710
14965711
14975213
14976135
14979479
14982872
14988024
14989927
14993291
14993973
15003904
15012949
15015077
15017589
15021909
15025949
15027772
15041481
15048125
15048812
15056059
15057241
15063891
15065150
15067010
15073177
15077166
15078869
15079086
15082916
15083194
15088873
15090077
15091188
15094771
15095297
15098029
15100294
15103331
15108364
15121897
15132769
15133868
15137060
15145062
15150404
15153331
15153484
15160911
15166628
15170813
15180163
15180438
15185841
15187303
15188501
15190069
15190416
15191661
15192039
15195135
15195145
15196368
15198123
15199411
15208653
15210690
15221868
15225897
15226411
15239399
15243561
15247222
15249220
15250722
15250723
15257933
15267185
15276653
15282543
15285810
15286700
15286719
15294455
15300907
15304350
15305283
15313684
15314163
15315756
15337757
15342422
15345217
15354213
15355849
15361884
15367674
15369388
15374969
15381071
15383282
15388797
15389557
15457447
15459488
15467447
15467756
15468060
15474507
15479821
15479836
15493579
15498494
15503302
15506972
15516975
15517875
15519655
15519656
15522175
15522869
15530864
15541720
15542830
15545632
15547727
15548813
15555332
15560074
15572685
15580287
15583844
15589822
15591023
15592835
15595642
15596802
15601838
15607540
15607962
15609331
15613240
15617681
15619555
15619695
15623373
15629428
15634685
15642200
15642471
15645079
15653697
15654879
15656532
15663936
15668885
15668888
15671156
15672251
15684616
15687498
15688392
15696627
15697230
15704676
15712208
15720128
15723053
15723054
15735016
15739117
15740131
15743499
15744383
15756025
15756435
15757529
15757889
15763593
15768429
15769738
15777849
15781619
15781629
15788686
15788898
15800668
15800680
15804567
15805119
15806265
15810077
15817155
15821351
15838873
15839202
15840345
15840692
15843384
15849475
15854044
15856024
15857080
15857952
15867157
15878876
15885355
15888727
15896923
15897595
15909113
15914362
15922606
15923092
15929079
15929110
15932241
15937962
15939239
15939469
15940261
15943002
15944709
15948972
15958299
15965094
15972450
15972952
15979784
15983382
15989423
15989779
15990869
15992821
15994933
16001896
16002048
16005053
16005711
16007143
16019487
16020665
16021569
16042622
16046551
16050805
16083584
16085125
16085756
16091746
16107691
16107730
16113099
16118628
16126174
16128587
16129035
16129043
16137731
16140957
16150151
16150871
16167342
16170342
16170375
16170382
16172399
16173081
16174239
16185479
16201965
16202165
16205113
16242707
16242865
16247449
16256294
16258503
16260605
16261590
16267388
16270532
16281068
16287840
16288014
16294320
16295419
16305343
16308474
16309200
16316634
16319523
16325517
16327978
16334444
16335792
16342205
16342935
16361152
16365184
16365299
16365532
16367922
16376880
16378632
16380230
16400328
16403010
16410134
16410805
16420771
16422106
16423995
16423996
16428936
16439861
16444580
16449206
16449532
16452181
16452196
16452238
16453735
16455494
16458500
16466700
16466985
16468633
16481743
16483932
16490593
16491608
16494045
16497871
16508012
16537449
16537894
16537924
16543245
16554306
16569345
16572399
16584292
16585579
16600092
16609989
16610058
16611984
16616001
16620029
16624953
16626295
16628215
16630715
16636146
16637045
16645362
16675879
16683403
16685411
16690525
16696064
16702957
16703398
16706123
16706751
16707459
16724266
16740696
16752079
16759389
16760010
16776654
16778892
16785237
16788099
16788862
16793609
16809765
16834657
16839579
16847353
16855632
16856312
16856963
16857742
16862175
16863997
16868505
16871158
16873022
16874304
16882699
16882980
16886612
16886620
16890193
16890804
16898871
16899113
16901825
16904903
16914395
16921263
16922404
16925946
16935523
16938463
16940161
16944776
16954380
16954387
16955462
16965535
16977458
16984727
16987252
17001014
17013808
17013838
17015466
17036397
17046567
17046747
17046748
17047023
17047730
17052904
17053816
17065002
17070091
17071603
17080715
17082179
17088530
17093053
17094481
17102614
17106247
17114293
17121362
17126396
17132729
17136310
17139252
17141659
17145575
17145810
17146437
17151361
17156951
17157259
17159602
17159920
17169631
17170079
17172304
17180100
17190142
17191893
17192266
17192869
17198736
17203587
17205528
17209432
17211884
17213035
17215484
17219990
17222234
17234634
17243826
17251036
17257674
17260804
17264083
17264115
17264126
17267263
17268552
17287852
17297307
17310999
17314164
17314511
17315040
17315254
17316978
17317781
17321503
17325907
17331788
17334388
17339229
17341548
17346034
17357213
17360671
17368758
17369859
17382917
17385831
17404030
17404512
17404573
17411336
17412694
17418410
17418878
17419945
17426456
17431641
17434929
17440082
17440106
17445886
17461771
17466258
17466981
17469181
17471507
17472275
17473215
17482129
17482131
17485049
17485441
17487378
17499721
17504442
17509117
17518774
17520086
17523175
17525531
17533735
17534395
17539984
17540612
17543856
17560940
17568564
17569114
17587243
17595061
17595763
17597761
17599065
17613437
17628013
17634226
17637497
17637797
17654511
17658462
17664422
17670825
17673382
17674363
17686331
17692803
17696247
17699159
17700029
17701581
17704800
17705400
17710161
17718267
17724134
17728244
17763940
17764563
17765874
17766436
17785433
17785457
17786314
17786366
17822678
17848523
17875538
17877160
17877373
17881732
17881904
17885207
17890321
17906696
17914284
17915024
17917571
17927853
17939293
17947677
17953200
17959148
17969407
17974960
17982115
17996313
18024371
18032916
18037408
18042711
18045875
18048579
18056446
18058188
18059336
18059365
18059478
18060517
18079974
18087730
18089500
18096271
18166243
18171987
18188166
18190704
18196519
18196973
18197790
18204787
18206647
18206725
18216175
18218118
18218323
18219272
18221043
18236021
18240345
18241249
18246411
18247372
18249164
18256156
18271930
18297523
18308950
18314492
18320361
18323656
18347136
18347422
18348166
18348176
18348306
18353995
18365874
18371415
18372915
18373870
18375040
18375382
18382371
18385200
18386196
18393360
18398700
18405607
18408012
18408759
18413670
18414044
18422165
18426604
18426731
18433872
18438430
18443957
18444242
18444511
18446811
18454692
18460403
18465834
18471881
18473392
18483316
18490439
18493992
18497068
18498649
18536803
18542058
18542060
18544539
18550708
18550710
18556416
18559552
18562319
18570961
18575318
18583030
18586674
18591613
18592271
18593890
18593934
18597608
18621930
18623111
18625840
18628958
18636159
18642056
18648001
18652312
18656336
18674916
18677108
18679422
18694522
18701488
18706352
18714337
18722373
18724060
18752058
18762810
18773413
18773816
18777135
18779656
18781952
18782427
18784824
18794147
18798339
18802399
18806825
18808065
18813857
18816594
18818310
18830680
18835450
18836552
18837148
18851746
18852287
18953412
18955973
18987311
18987359
18996220
19002957
19008924
19017943
19020659
19022175
19022255
19022256
19029303
19033198
19033359
19038003
19041662
19041771
19041778
19043306
19053274
19054066
19056726
19061498
19061835
19064714
19065002
19066578
19070574
19072241
19074889
19079543
19082926
19084934
19087307
19095020
19098005
19111069
19114306
19114327
19115473
19116866
19126644
19131971
19134217
19135467
19136060
19137018
19143028
19147754
19150964
19151788
19161241
19164469
19174556
19176757
19179065
19180532
19180571
19181008
19183865
19189276
19202062
19213729
19219026
19219071
19221484
19239227
19258038
19264782
19268669
19270520
19270725
19273283
19276364
19277380
19279113
19287990
19288744
19289167
19299704
19324018
19324889
19330811
19332536
19342639
19342882
19342893
19351371
19351506
19358757
19364882
19364925
19365520
19370966
19372257
19379561
19385599
19387923
19398483
19401441
19408305
19412607
19423665
19432426
19435876
19442737
19444455
19448666
19451745
19461583
19481339
19508376
19509231
19524285
19524297
19542301
19545562
19549847
19550111
19554081
19556818
19560862
19564413
19567395
19568426
19571678
19574298
19575869
19578399
19578763
19581307
19586553
19596041
19597680
19602047
19603422
19607687
19623651
19629135
19633646
19637647
19642983
19661680
19669668
19672269
19675743
19696409
19698176
19700410
19729955
19730820
19740707
19742345
19756735
19763338
19766132
19770580
19773439
19785743
19785991
19804871
19806010
19812253
19816150
19818711
19837692
19840458
19845622
19855079
19857547
19857615
19858489
19876976
19881537
19898770
19900447
19914733
19915707
19922264
19934275
19946337
19965678
19967748
19996588
20008325
20008890
20010689
20010808
20010815
20010876
20017706
20018866
20033209
20046830
20053348
20053783
20063409
20065031
20066163
20068551
20071475
20077813
20119621
20123981
20133699
20138412
20140016
20143187
20144848
20146250
20146561
20150224
20155283
20163834
20170530
20183618
20190818
20194507
20201372
20206143
20221419
20232342
20300622
20308599
20309945
20359089
20368820
20376206
20382893
20383333
20383387
20383413
20394585
20396555
20402410
20404562
20408050
20416159
20420426
20423888
20428086
20434979
20434984
20437426
20440510
20442643
20447023
20451273
20453885
20454512
20454928
20485733
20504151
20504828
20509944
20515470
20516082
20520840
20526736
20537511
20544396
20553708
20554535
20558137
20560708
20562918
20564213
20566697
20587660
20596624
20614267
20615700
20620131
20631077
20641039
20643075
20647308
20651942
20657837
20658094
20676132
20677903
20680803
20694659
20697356
20700417
20708588
20708612
20711187
20712380
20713710
20716114
20716118
20732021
20735970
20737197
20801893
20807235
20820186
20823132
20832751
20848231
20849082
20872641
20873543
20878079
20890087
20927200
20930934
20932061
20940401
20955673
20956327
20970423
20974848
20980433
21036049
21043585
21052002
21054888
21060841
21061448
21073496
21080342
21087204
21088162
21091248
21092188
21098095
21099292
21113618
21120446
21129250
21135131
21135252
21138684
21152119
21156935
21160952
21162214
21171348
21177653
21181359
21187408
21193923
21200143
21205094
21215210
21219856
21224108
21245420
21245665
21251405
21266350
21270607
21278493
21279552
21298377
21302450
21314486
21315022
21321610
21324178
21329875
21340801
21341270
21362267
21377506
21383696
21383964
21392861
21400515
21402034
21404708
21405945
21412688
21419292
21435101
21437922
21442024
21447800
21472270
21478095
21479380
21492514
21494559
21502403
21509668
21512137
21514380
21525782
21528200
21530537
21541489
21541507
21541529
21544343
21552798
21552806
21556123
21556520
21556554
21556595
21556625
21556635
21557726
21558960
21559558
21559565
21559684
21559686
21559732
21566664
21566891
21566921
21567007
21567012
21567064
21571310
21572027
21573126
21573421
21573425
21573608
21573642
21584528
21584535
21585311
21585421
21593588
21594332
21598074
21607323
21607366
21607450
21614210
21618595
21621827
21623162
21627565
21638011
21640157
21642861
21643007
21644509
21647238
21658760
21667264
21667531
21668996
21678465
21683090
21684154
21685943
21686122
21688083
21693596
21706057
21708481
21709445
21718139
21720214
21723511
21724525
21732496
21741827
21772991
21774525
21779431
21781227
21782602
21795379
21795698
21802276
21807113
21807902
21813470
21818355
21828057
21832077
21835891
21841143
21858211
21858245
21862873
21863248
21867606
21874259
21878679
21879731
21889194
21890444
21899728
21901171
21903094
21903580
21903863
21904657
21908617
21926961
21947247
21961992
21967482
21969377
21971179
21975427
21975934
21993994
21997212
21998677
22005580
22010341
22011035
22015605
22024988
22034826
22039300
22045881
22049059
22050566
22067385
22084162
22088286
22093452
22095881
22100782
22101514
22108803
22113465
22117221
22120021
22125490
22132835
22144662
22146591
22148260
22155254
22158906
22159222
22168384
22169291
22172699
22182413
22190494
22190866
22191540
22207128
22210745
22213278
22226054
22235332
22236190
22245592
22261328
22266862
22275997
22281794
22284678
22285861
22286234
22302044
22307329
22310977
22315222
22317895
22319569
22330139
22333584
22337808
22341854
22370634
22378492
22384171
22389469
22395148
22396210
22397685
22402364
22403215
22417306
22418445
22420299
22440953
22442341
22445671
22446629
22453922
22457068
22461507
22484007
22489170
22496461
22500694
22507855
22513122
22539677
22543587
22547830
22548670
22550508
22555175
22573578
22588558
22592113
22605955
22612343
22614067
22615378
22615405
22626558
22629444
22643892
22653959
22661084
22665062
22665065
22667821
22670178
22691117
22706665
22707729
22715132
22733550
22736142
22739149
22752577
22789855
22791812
22801218
22806891
22814375
22815918
22819302
22826122
22826319
22828478
22830357
22836754
22842522
22844532
22852476
22860051
22872488
22876303
22880082
22882520
22884072
22884659
22887866
22889122
22893788
22904298
22912356
22912406
22912844
22920668
22964579
22972034
22976998
22986743
23001146
23021215
23021216
23024800
23028984
23029531
23045412
23071356
23080195
23088399
23106332
23108410
23108607
23112173
23113893
23116145
23124613
23127826
23143645
23150017
23155275
23158280
23161489
23169760
23175515
23176581
23177256
23177619
23178487
23221487
23237508
23237560
23237807
23244141
23246712
23247197
23247633
23249808
23250739
23266555
23277454
23277542
23286483
23287475
23291854
23293219
23295740
23308051
23311397
23318446
23327920
23349663
23357875
23362870
23364919
23370637
23372821
23376608
23380875
23389829
23403291
23416976
23418306
23424671
23438603
23452595
23455633
23461061
23466707
23497309
23507140
23509080
23516888
23518350
23519528
23520049
23523871
23525267
23526468
23530127
23532756
23543409
23550155
23562763
23564796
23576579
23579063
23583198
23586078
23588620
23588859
23591719
23594796
23599727
23601184
23612979
23613397
23617883
23626938
23643710
23649631
23657834
23673621
23675000
23681229
23681918
23685757
23690468
23699408
23704919
23710609
23714368
23715499
23716601
23720054
23726881
23735886
23747016
23750012
23758864
23764851
23770341
23771525
23774591
23775087
23778407
23788635
23792459
23794716
23798830
23825064
23828673
23840897
23850740
23858296
23860446
23861098
23872029
23874541
23874874
23894778
23897752
23907459
23908595
23919393
23922484
23928726
23932296
23958437
23965903
23966158
23967208
23970286
23989473
23989662
23994632
24001804
24002871
24004585
24006055
24006058
24006059
24006064
24006070
24013231
24026696
24030851
24036903
24038073
24039874
24051023
24052708
24056965
24058603
24095110
24095950
24104553
24124686
24130167
24130880
24132198
24140020
24140063
24141778
24147952
24152439
24157866
24196438
24196628
24216476
24252993
24265759
24273576
24278580
24302178
24305851
24311629
24314257
24317511
24332849
24333422
24347226
24356567
24370036
24371570
24371805
24377533
24394582
24394663
24394940
24397586
24408158
24447565
24448706
24450584
24457827
24464582
24469041
24469837
24475272
24481446
24488669
24496825
24502923
24503550
24504118
24508371
24532536
24551298
24573767
24583641
24589553
24598211
24607848
24612089
24616074
24619835
24626956
24634210
24642368
24646303
24648290
24657971
24667250
24671855
24675470
24677544
24683550
24692190
24704828
24727092
24735723
24740248
24764668
24792165
24793789
24793882
24794748
24795346
24806597
24809777
24811221
24813121
24818221
24821626
24824526
24835310
24844357
24859015
24901999
24903854
24904096
24906624
24909176
24913829
24919179
24926545
24927563
24930440
24930834
24940000
24948876
24953832
24969314
24969405
24970385
24976143
24976536
24985188
24991193
24998853
25000517
25003633
25009657
25024139
25025684
25026294
25029552
25037575
25038464
25041845
25042382
25045846
25047032
25049387
25051368
25053415
25056450
25057081
25060305
25065684
25073258
25081659
25108398
25109834
25120723
25121987
25122609
25125661
25127121
25129456
25131138
25137465
25143136
25149548
25170084
25185650
25193865
25197831
25208565
25219592
25220053
25220416
25225459
25226451
25229241
25229630
25261373
25280219
25284017
25284584
25296324
25302710
25310895
25327794
25332683
25333250
25337204
25341931
25373509
25379377
25398772
25402175
25402633
25411027
25412630
25438055
25440731
25441769
25443862
25450615
25451688
25452129
25452213
25461681
25473453
25497456
25512540
25522242
25524285
25527072
25528440
25531321
25536625
25540201
25544755
25545333
25546234
25547724
25560487
25569246
25569455
25573990
25578561
25588744
25591584
25593313
25595783
25596731
25600969
25621564
25622526
25630654
25633261
25634193
25636449
25647305
25654467
25661443
25663530
25669982
25671302
25675295
25683269
25684244
25686834
25688874
25689483
25691468
25692307
25695957
25708932
25710583
25712523
25714018
25715336
25716159
25726989
25734936
25748238
25749381
25766562
25772107
25775507
25778534
25781629
25790907
25796504
25800227
25807524
25815323
25823025
25828893
25832290
25835050
25840688
25847573
25863565
25866480
25873431
25883140
25889298
25890091
25890196
25893300
25893737
25895136
25895477
25896422
25904219
25914047
25915540
25925090
25925205
25925585
25932146
25933419
25939167
25941994
25944903
25948776
25960164
25961916
25965392
25973080
25984914
25989842
25990966
25995172
25995743
26016222
26020637
26021472
26029796
26036281
26045987
26046133
26046361
26046375
26049366
26056150
26059379
26076648
26094121
26094625
26096843
26096932
26100671
26104548
26111384
26117539
26118188
26122536
26125720
26135564
26144048
26157124
26159563
26167492
26174078
26175399
26176020
26178413
26180082
26199140
26201896
26211592
26214902
26217692
26225650
26227489
26230505
26231735
26249541
26261666
26261818
26266538
26266831
26269400
26276854
26279298
26280010
26282204
26286633
26300063
26314861
26315473
26317652
26317903
26317998
26347108
26351916
26359297
26383165
26383521
26384308
26388522
26393798
26397136
26397460
26400304
26402726
26407074
26408335
26409771
26415225
26426996
26427040
26430725
26447186
26450587
26459601
26461093
26463716
26472107
26474287
26478420
26482621
26483207
26487644
26490982
26497245
26499944
26501422
26506880
26508965
26513297
26514491
26516926
26517351
26518543
26529363
26531889
26546431
26550034
26550431
26552949
26555748
26559831
26576483
26580277
26596829
26598518
26606907
26607468
26622569
26623713
26632799
26634497
26637399
26640149
26646563
26648259
26655473
26655722
26656491
26657861
26662571
26673662
26677948
26679604
26679980
26680102
26684666
26689987
26696544
26697836
26701851
26705181
26708259
26709117
26714913
26718146
26719542
26722426
26725870
26729287
26735336
26751215
26771806
26771839
26775282
26778475
26790910
26791245
26803058
26808725
26817819
26825774
26826706
26848526
26850841
26853883
26883200
26894970
26908019
26913400
26917778
26918362
26918941
26922069
26922833
26926447
26931396
26939702
26960633
26962682
26963597
26969892
26973243
26977881
26983463
26983878
26990292
26993778
26996564
27001970
27002159
27007052
27007654
27008476
27009366
27020036
27021281
27030036
27030265
27031051
27049262
27058618
27058792
27070708
27072211
27074708
27077806
27081402
27102840
27104757
27105503
27107424
27108904
27119353
27127517
27129154
27144349
27144522
27145280
27151990
27165747
27167001
27168723
27175302
27183205
27183908
27186396
27191115
27192907
27226253
27226604
27231235
27232633
27236691
27241680
27243588
27250340
27253416
27281222
27301468
27307748
27308414
27308527
27314097
27317567
27320893
27338063
27339169
27341130
27341160
27344366
27344374
27346348
27349498
27352258
27358484
27372288
27376742
27380896
27381008
27401245
27416888
27431728
27433286
27442915
27448819
27452220
27455418
27463992
27467958
27469241
27471623
27474149
27483433
27486764
27494865
27496854
27505673
27512787
27517489
27531809
27538750
27543492
27546043
27548348
27550925
27551483
27551535
27551915
27551974
27567435
27568568
27571748
27595504
27597417
27601158
27602772
27618489
27619912
27620077
27620505
27625395
27636990
27653996
27655693
27672289
27684546
27686271
27689328
27696714
27698829
27725860
27729620
27731990
27756569
27756603
27756891
27759694
27764807
27765932
27768959
27769069
27784673
27789709
27793037
27793648
27807049
27807937
27813686
27825133
27831939
27832980
27833099
27835584
27835881
27835890
27840026
27841290
27852004
27852327
27855169
27859590
27860057
27864144
27889560
27899442
27903583
27906180
27922675
27934633
27975083
27982483
27987529
27989504
28017613
28028512
28035002
28049551
28052023
28059436
28060381
28075459
28076844
28078015
28100396
28100400
28117370
28128954
28134933
28150398
28151475
28159836
28160502
28161631
28165564
28184029
28184929
28191285
28191765
28209368
28211476
28224619
28232072
28232371
28243124
28246384
28247570
28259993
28260015
28272325
28282916
28288210
28289384
28294314
28306079
28306080
28316031
28334873
28336564
28337281
28339425
28344317
28349432
28360395
28368407
28369091
28370287
28379189
28382151
28389570
28393404
28399911
28412251
28414305
28415755
28415819
28422055
28432125
28456659
28469390
28474697
28476684
28483378
28498285
28498893
28505574
28507224
28514170
28522217
28529104
28533663
28539603
28548937
28552541
28560012
28560438
28585621
28603988
28616752
28620169
28622299
28623290
28626618
28628118
28629113
28630053
28639477
28650023
28652407
28656062
28663244
28670495
28671049
28681984
28692379
28697340
28699179
28705056
28706243
28709643
28714689
28714960
28724379
28741879
28749470
28749548
28751441
28753552
28764718
28765944
28766546
28778566
28780352
28782841
28801349
28805496
28833404
28843220
28846937
28851980
28878262
28881578
28884413
28888786
28889723
28900510
28912885
28914785
28915664
28924385
28928827
28928900
28943955
28950657
28961507
28965625
28967902
28971496
28978906
28989026
28992336
29018241
29029460
29029468
29033582
29041928
29044181
29060932
29069731
29080353
29086571
29088827
29105400
29118124
29119708
29125598
29137264
29143973
29147235
29158265
29158522
29163703
29180509
29188532
29188535
29199958
29207593
29207662
29211809
29212195
29224245
29225033
29225165
29228674
29229300
29243807
29248687
29250662
29254171
29254206
29257330
29258530
29283175
29284789
29305860
29309031
29313487
29313490
29313882
29314290
29321834
29325247
29325248
29335202
29335501
29335520
29356530
29364480
29366803
29367285
29377550
29378948
29383095
29385191
29396161
29396902
29397827
29397833
29406586
29411851
29416644
29423056
29423060
29440228
29445227
29461584
29463831
29467282
29472550
29472714
29474069
29475060
29475913
29480405
29484125
29496532
29501744
29512702
29518496
29523159
29523788
29525743
29530246
29531310
29534355
29535359
29545338
29550732
29554660
29554906
29556313
29559001
29575299
29581003
29599840
29600805
29625108
29628506
29629851
29630434
29632636
29642232
29653269
29654697
29665565
29666061
29687837
29690860
29699086
29700286
29708579
29715580
29721608
29750424
29762718
29763736
29769142
29769234
29775572
29786076
29788391
29790697
29795406
29796170
29801406
29805745
29854294
29871674
29876980
29880857
29891559
29899379
29907862
29926931
29931583
29932015
29934305
29943642
29956928
29959569
29966975
29976410
29984790
29987888
29988031
30002443
30008925
30012846
30015413
30017813
30020405
30023722
30042175
30043475
30054337
30068698
30068946
30093210
30098497
30098506
30099141
30099568
30103944
30104251
30106235
30107152
30108282
30115078
30119151
30119193
30122988
30126925
30128079
30132573
30138944
30139745
30141584
30141968
30143678
30147547
30149665
30153828
30165468
30166592
30171340
30178838
30181285
30182856
30186330
30201002
30204243
30206229
30206969
30222246
30224630
30224636
30226440
30231772
30233322
30233665
30237861
30239898
30243650
30247545
30248787
30253944
30258097
30261904
30266318
30266755
30269363
30273571
30277598
30304554
30305285
30305424
30312328
30340816
30341788
30343112
30353671
30355620
30357756
30369947
30370649
30373873
30378334
30388220
30389523
30400007
30403769
30404004
30405828
30417413
30420657
30448222
30449701
30455960
30460421
30483143
30487210
30503555
30514931
30518090
30524445
30531691
30552712
30559384
30567634
30584090
30587459
30588263
30593588
30599408
30607006
30609075
30618242
30639410
30639430
30647859
30651675
30655753
30655893
30666200
30668336
30675171
30675277
30675392
30679434
30679589
30684465
30695691
30698832
30703428
30703662
30718276
30733086
30733194
30733532
30736840
30736860
30738487
30754645
30758965
30759259
30771196
30792807
30806289
30809639
30819803
30820039
30820185
30825244
30828079
30836996
30840857
30851366
30858325
30859224
30899380
30899409
30901604
30912195
30920805
30940637
30944308
30944638
30945288
30957273
30967777
30968727
30975468
30987611
30987615
30989585
30992017
30998289
31012017
31015523
31025872
31027221
31062368
31066450
31068129
31068817
31069140
31078520
31083525
31086333
31089812
31104361
31113844
31114884
31115975
31120745
31127909
31142360
31142587
31144531
31155734
31164413
31166141
31171907
31175057
31184221
31186535
31187140
31195063
31207347
31209069
31211245
31212712
31229266
31239771
31241946
31248836
31260268
31262817
31264378
31281367
31284776
31289611
31291201
31296583
31298047
31298382
31300834
31321444
31323531
31324362
31342239
31344482
31353083
31355278
31371702
31375671
31381136
31385458
31390869
31395064
31397502
31410206
31412710
31414301
31423232
31423275
31427364
31431461
31434871
31440083
31442917
31448057
31454863
31456468
31462708
31467179
31484922
31488218
31496808
31496920
31497362
31501481
31504995
31528231
31541338
31542685
31549316
31557193
31560094
31563323
31564901
31569404
31572367
31577739
31582185
31584090
31591387
31591389
31597725
31602218
31604033
31604907
31607297
31612498
31621996
31624725
31625158
31663728
31677785
31684825
31689236
31693917
31694914
31709636
31712600
31717443
31718704
31727166
31727874
31728727
31734356
31739577
31740732
31744448
31745166
31751121
31761780
31762036
31766290
31770526
31771040
31790145
31794869
31804603
31818069
31820036
31821542
31822509
31824173
31831874
31833571
31835645
31839054
31844893
31846703
31852866
31858568
31870116
31874204
31876369
31888761
31889340
31892985
31897159
31897328
31899800
31911852
31911938
31917565
31923361
31926310
31930637
31936366
31943014
31944568
31953923
31960591
31966084
31966543
31972160
31980175
31983089
31983137
31990416
31996375
31999378
32003968
32014901
32019809
32021252
32021272
32033084
32036390
32044406
32047362
32054096
32061967
32064158
32068318
32068780
32075881
32094301
32098189
32101329
32102509
32103167
32104496
32105718
32106373
32116112
32124474
32140074
32140273
32145111
32145676
32156465
32161513
32164324
32167787
32179097
32184020
32185987
32189968
32194719
32194890
32195191
32198408
32201213
32203166
32206278
32209261
32218606
32218841
32219064
32226494
32255563
32266878
32267052
32268073
32275943
32284795
32292506
32297641
32299194
32308431
32313135
32316188
32322592
32330737
32345600
32350243
32355727
32360571
32362830
32371099
32373977
32387836
32391636
32394351
32395383
32398967
32424132
32425378
32432756
32437590
32439170
32440325
32445454
32447940
32462905
32466726
32469047
32483461
32487367
32487733
32489449
32489910
32492501
32512497
32517717
32518154
32525170
32525551
32528105
32533239
32536483
32549753
32549759
32552130
32553459
32562591
32566654
32576198
32581080
32587258
32594835
32596589
32598736
32600791
32606753
32613279
32617978
32632086
32632092
32636712
32638724
32641029
32659596
32664335
32684624
32685002
32685545
32695674
32697425
32698663
32706069
32721643
32728938
32738566
32745297
32765691
32767326
32787078
32791149
32793219
32802901
32811853
32817420
32820923
32840291
32842443
32908912
32920366
32922477
32929371
32934206
32935296
32935429
32944636
32946182
32962742
32964977
32975478
32981413
32983994
32987632
33000836
33009488
33013387
33020477
33022312
33031101
33036527
33038488
33040326
33051058
33051403
33051558
33061303
33069197
33070276
33070870
33082333
33082422
33089692
33106166
33114669
33116119
33116584
33122431
33122827
33128283
33136091
33146694
33158815
33163262
33170359
33184870
33185205
33187130
33188859
33191180
33194068
33204101
33211335
33215429
33220458
33222678
33224949
33230453
33237626
33246106
33258205
33259779
33260160
33262829
33268949
33289601
33293488
33296794
33303632
33317057
33319407
33324552
33327259
33328217
33329018
33330479
33333729
33336736
33340617
33347626
33355454
33355622
33361851
33369138
33387362
33387776
33388443
33391729
33397405
33407720
33420360
33425490
33430878
33451909
33461590
33462212
33469161
33476486
33482073
33498778
33501756
33508167
33513388
33515561
33520370
33520979
33533172
33537096
33538795
33544209
33544938
33546726
33552953
33553602
33554439
33568357
33574609
33577050
33602903
33608500
33625824
33626175
33632993
33648560
33650651
33651351
33660217
33664228
33675278
33676679
33686242
33686491
33692924
33708218
33712571
33718147
33718387
33727660
33732356
33740178
33744853
33748098
33748130
33782542
33785835
33794352
33801762
33804458
33830173
33831397
33849634
33850556
33854043
33855563
33856720
33858415
33859744
33865896
33892042
33897436
33912552
33930347
33931470
33932092
33952250
33961424
33966037
33985542
33987343
33991650
33994350
33999211
34016746
34019284
34019285
34019289
34019299
34042046
34042257
34049792
34057794
34060533
34065149
34072831
34073112
34076979
34078046
34085078
34088288
34094667
34102342
34109174
34114895
34130142
34131441
34131801
34157284
34165124
34168109
34168116
34178128
34185535
34192476
34196212
34199659
34201061
34211565
34215318
34217785
34233596
34234256
34234520
34236140
34257619
34268253
34270986
34273789
34274028
34277412
34277639
34280399
34283887
34284990
34289988
34309767
34314478
34319618
34335918
34335964
34336814
34339013
34346162
34346292
34349007
34359075
34363022
34363182
34371139
34374220
34376582
34385092
34395239
34395419
34399732
34404765
34406978
34419070
34423683
34429397
34440834
34449943
34457052
34458431
34462561
34464659
34476741
34490239
34510316
34512173
34513299
34518294
34522712
34530916
34534538
34536514
34545207
34551213
34552037
34565041
34584548
34586743
34593441
34605226
34606648
34608390
34621175
34623601
34636321
34641286
34646389
34646892
34649212
34657603
34663798
34669409
34671012
34671019
34678088
34697733
34706096
34706270
34707111
34710368
34714590
34728235
34729671
34740946
34741022
34744739
34749766
34750351
34755101
34757231
34761308
34765512
34766156
34767926
34769137
34769514
34775571
34779642
34788382
34794242
34803511
34824301
34829591
34831139
34832894
34835657
34843906
34849865
34862309
34878671
34884765
34897110
34900991
34906136
34910997
34921134
34922636
34926665
34946741
34965902
34965937
34967583
34968711
34975332
34977008
34978469
34989469
34992218
35008356
35008557
35016888
35023882
35039060
35046638
35048559
35058981
35061326
35064102
35066124
35069088
35069677
35072355
35073459
35076962
35078507
35085772
35085814
35086951
35089787
35090471
35095515
35096062
35103750
35115556
35122827
35122989
35125823
35130122
35133629
35141331
35145908
35149053
35158730
35159073
35159995
35166828
35176452
35182659
35183533
35184661
35201421
35217790
35227262
35256782
35260554
35286150
35288064
35293663
35296779
35308201
35316310
35325198
35325695
35328482
35335261
35337104
35339800
35339914
35343073
35348939
35350806
35355429
35367823
35378126
35379056
35380741
35381147
35382692
35388487
35394639
35395974
35397617
35401684
35402284
35405116
35409230
35412611
35414777
35422898
35424772
35429101
35430810
35438057
35440730
35447139
35448150
35452176
35453482
35479767
35489385
35493998
35494068
35500510
35522362
35530150
35530152
35530301
35537180
35546072
35547745
35557489
35566347
35571245
35584037
35586061
35587591
35593463
35598003
35598017
35604033
35606330
35618219
35619182
35642054
35645127
35647231
35652264
35655054
35659173
35672291
35675041
35675351
35681778
35689245
35690812
35692593
35706805
35711830
35716012
35721177
35723050
35726630
35730371
35735113
35740961
35743139
35745583
35773976
35776912
35778755
35832114
35834140
35835717
35836185
35837063
35837174
35838172
35840186
35844174
35851125
35851415
35852112
35864508
35869765
35878052
35890188
35892263
35893895
35896852
35902869
35915613
35921902
35925524
35941699
35943677
35954273
35964415
35966578
35972682
35972892
35978938
36002342
36005552
36012375
36012403
36012470
36027716
36029387
36038419
36041588
36042494
36051475
36054080
36054794
36056383
36068586
36069214
36072894
36087414
36092736
36109629
36119473
36121464
36147469
36153370
36155135
36157524
36163081
36165231
36170346
36175975
36178076
36199071
36208024
36209705
36214649
36219392
36220270
36224471
36230763
36233202
36233342
36235222
36245126
36247016
36268094
36276757
36279671
36280757
36284068
36289751
36293081
36298765
36303795
36312606
36316442
36317339
36321415
36333840
36334788
36339620
36345790
36349910
36357457
36366818
36367775
36368792
36371321
36382614
36403194
36403281
36411986
36423742
36428630
36433943
36445955
36458557
36468840
36473131
36476366
36481361
36484686
36497260
36497267
36499054
36504898
36514176
36525936
36528490
36536122
36551206
36552889
36555657
36569330
36574698
36575944
36586500
36596519
36602428
36611819
36613647
36622069
36623719
36624401
36627007
36629054
36635500
36640339
36650020
36653340
36656764
36657708
36674871
36681101
36692000
36692844
36696010
36698109
36707053
36712364
36718632
36721232
36721266
36728436
36746261
36746917
36765389
36765581
36777828
36782390
36803784
36804030
36806631
36816970
36824824
36831504
36838516
36842212
36849955
36851737
36870694
36872049
36893517
36894688
36895968
36895970
36927398
36933561
36950011
36963166
36973842
36979947
36985413
36989205
36997676
36999424
36999462
37017854
37028779
37035206
37036190
37036951
37037193
37038711
37047788
37052757
37061119
37063434
37068218
37094160
37095097
37103085
37105559
37110707
37111592
37147666
37163306
37183648
37193140
37201439
37202187
37209638
37212463
37217247
37221215
37224019
37225855
37233956
37235262
37236124
37236380
37244179
37244946
37247812
37247894
37248433
37249931
37267862
37277556
37280912
37286380
37288731
37301535
37336962
37339719
37340296
37342240
37342917
37343144
37344563
37348414
37353799
37358765
37370649
37370699
37371832
37377735
37386298
37393598
37398932
37401867
37424803
37433010
37469400
37480012
37495110
37496419
37497753
37498497
37508533
37517480
37534091
37537342
37541298
37547761
37549602
37550432
37553596
37554307
37570631
37572497
37573463
37578465
37581008
37584128
37625768
37625842
37626215
37634215
37649609
37653116
37681557
37685841
37693125
37693154
37693164
37696420
37700640
37705742
37710222
37713124
37726400
37731607
37750019
37760568
37761837
37762214
37762650
37771073
37774794
37778448
37788092
37791390
37797796
37811065
37817968
37821013
37827180
37830624
37831906
37839636
37848444
37863665
37865915
37866150
37871668
37875480
37895941
37898661
37917550
37920609
37923634
37924446
37925424
37925449
37926284
37931534
37932821
37936306
37948630
37950542
37957853
37967586
37973687
37977044
37993881
38001573
38003498
38031136
38032932
38035700
38035708
38037834
38075378
38078012
38082328
38101533
38104106
38104151
38105224
38108971
38116204
38129197
38139353
38139419
38141607
38151609
38162820
38163179
38163859
38164038
38165568
38166947
38169774
38178201
38182548
38183981
38187605
38195845
38203216
38203794
38214885
38216914
38217769
38218970
38223598
38233463
38243330
38246949
38246990
38247322
38250404
38256231
38266312
38275631
38282581
38284882
38284896
38288105
38296825
38301392
38301858
38302412
38303029
38306271
38311776
38313377
38318212
38335759
38349941
38352401
38361516
38369463
38371752
38375042
38383676
38395945
38408587
38421204
38424045
38452690
38455417
38457494
38465336
38481391
38481809
38482247
38503523
38517383
38519471
38521952
38532359
38538250
38546874
38547933
38550035
38553452
38559042
38568057
38573832
38590884
38594783
38611876
38622518
38652401
38657045
38665592
38672078
38673833
38682443
38698266
38702440
38710891
38734194
38749608
38769668
38778217
38780271
38786726
38802851
38813227
38815162
38817856
38818771
38825640
38827789
38827790
38833803
38843019
38849978
38872345
38873646
38877478
38880324
38881003
38881674
38886753
38893587
38918657
38925807
38925854
38948682
38961325
38965534
38965580
38967349
38971490
38973676
38981022
38982480
38990945
38991376
38993554
38993687
38994157
38996990
39000128
39003255
39006286
39008915
39018748
39018766
39020541
39024547
39027314
39028940
39031286
39035713
39043728
39052835
39067250
39079314
39085875
39089637
39097833
39098087
39100099
39121669
39122009
39123391
39135042
39143572
39153434
39159468
39161732
39179754
39187747
39188831
39192247
39193894
39200397
39210541
39217152
39218810
39223679
39230995
39243105
39243916
39256367
39258325
39264104
39267119
39267538
39270807
39271967
39273365
39277835
39284912
39285446
39290194
39299959
39321706
39325536
39326735
39334157
39339453
39340216
39340992
39342890
39344393
39357549
39357875
39358564
39361216
39384698
39388269
39396848
39415271
39420439
39420583
39426639
39432777
39447458
39477300
39482742
39502790
39503194
39507439
39509457
39513905
39518161
39522251
39524172
39531507
39531932
39534558
39546996
39550832
39556433
39571701
39574334
39576232
39580129
39588561
39594704
39604370
39605563
39606273
39614438
39620221
39622733
39625737
39626929
39628938
39636317
39655230
39655472
39672097
39673187
39675354
39679136
39680126
39680447
39684331
39689179
39690180
39707401
39719970
39722070
39729576
39743475
39747098
39755262
39758233
39772391
39780509
39798123
39802327
39805445
39806777
39820713
39827331
39833023
39844620
39849876
39852970
39859431
39865281
39867911
39874063
39883439
39895917
39909588
39915293
39920289
39920290
39921753
39925444
39933019
39934309
39955062
39956817
39962590
39976440
39977268
39983549
39984205
39986441
39990665
39996767
40005202
40010102
40011431
40020513
40025022
40029493
40033576
40042671
40051297
40077826
40078004
40081551
40083702
40088978
40100379
40113049
