9337407
22293781
23082878
24325359
24366362
24402162
24421250
24441291
24441292
24458922
24476767
24496303
24514146
24523226
24553179
24627549
24645955
24645956
24749731
24904106
24919806
24935260
24986690
25005031
25006741
25015052
25023898
25068507
25103330
25103987
25115510
25139350
25176567
25223992
25249012
25301336
25316523
25323779
25366168
25398833
25413838
25447704
25482134
25482455
25499808
25540065
25543699
25567134
25573593
25637689
25648180
25671272
25686645
25729726
25745188
25746303
25761617
25794131
25838280
25840625
25858548
25860380
25863743
25873496
25934766
25975015
25976465
25999449
26031522
26071474
26077363
26119186
26130950
26132594
26178351
26198293
26220041
26227853
26270896
26281713
26290216
26303809
26343915
26375990
26449662
26469690
26473532
26486738
26486739
26486786
26555437
26596525
26614694
26701108
26727159
26740863
26777583
26817954
26825145
26878663
26883579
26904322
26994960
27009537
27018326
27039813
27045016
27059877
27061303
27094003
27139600
27175028
27209416
27313483
27315113
27352261
27358872
27358884
27365140
27376361
27384487
27408370
27427771
27477402
27486987
27531810
27535857
27560107
27566291
27566407
27662324
27686082
27686170
27686171
27686378
27699446
27708531
27716741
27727468
27740635
27758825
27764253
27855276
27875935
27892678
27939919
28024182
28029004
28143941
28161773
28168700
28205126
28228104
28245393
28268179
28318117
28340692
28378143
28406068
28415571
28422716
28450924
28465746
28473624
28502030
28516193
28552475
28556926
28676668
28711709
28725653
28792253
28801532
28990497
29029474
29034885
29122814
29146710
29147619
29153099
29217833
29228584
29262908
29296879
29306106
29323541
29390868
29411299
29424450
29463578
29464483
29508536
29508552
29534592
29560522
29617043
29703677
29727699
29776538
29803161
29847812
29934356
29949532
29950234
29984196
30017358
30082822
30084272
30105753
30111418
30115971
30157024
30190203
30343103
30404086
30409794
30429377
30455943
30470838
30671215
30695513
30735328
30805227
30926777
30977087
31050873
31128484
31174435
31208359
31221790
31256699
31332222
31377025
31464171
31471561
31484889
31554376
31555600
31626697
31681999
31710700
31723757
31816513
31882869
31917838
32000382
32019282
32038118
32070814
32081398
32103564
32366936
32379880
32463176
32591258
32614523
32614958
32694616
32744968
32745264
32817290
32925885
32929772
33190451
33202112
33275803
33283732
33312103
33344552
33373831
33444113
33491136
33599741
33718228
33761144
33768925
33785036
33806036
33830192
33870132
33890979
33921387
33936230
34010413
34040959
34047519
34060068
34104855
34137812
34165774
34214802
34217938
34300032
34320791
34333533
34450103
34542973
34660305
34678208
34743237
34761190
34778698
34910788
35016075
35156745
35167089
35189484
35237453
35264066
35418980
35429330
35498365
35633552
35672563
35720317
35740549
35763665
35845189
35920094
36000955
36039795
36053947
36107460
36136972
36155839
36359414
36473980
36476017
36606310
36636958
36703773
36710362
36744404
36786035
36788855
36800830
36814396
36821187
36972657
37019903
37156613
37223675
37240094
37550636
37560236
37654553
37679647
37686137
37735575
37762557
37788380
37803861
37821534
37841434
37918825
37941547
37971758
38035116
38111518
38124540
38124547
38239637
38252902
38253566
38372107
38381180
38387921
38404143
38433449
38503764
38509561
38596359
38618943
38633120
38672593
38804886
38867546
38962422
39161981
39268974
39351227
39379530
39462136
39479348
39585160
39643841
39706286
39715853
39719677
39738930
39743410
39870303
39893164
39960584
39960832
40019270
