10816591
10973973
10984483
11010971
11274161
11285265
11406197
11435619
11441182
11514547
11940049
12524323
12591156
12593842
12700358
12853422
12869655
12890513
12900400
12944271
12973680
14514878
14534084
14569017
14609949
14645476
14739158
14743450
14744918
14966867
15044319
15090038
15100229
15102955
15132976
15140941
15146309
15193421
15286207
15299022
15339810
15339916
15381693
15452577
15457372
15509562
15537868
15583004
15599709
15615842
15671035
15689539
15689540
15755491
15793008
15845581
15880143
15897456
15939813
15980432
16051206
16059921
16085774
16120667
16157690
16172271
16243844
16247219
16251435
16285952
16299511
16306443
16354915
16360093
16369777
16476079
16505211
16519540
16533566
16537462
16554304
16565168
16601841
16638807
16706838
16763033
16787652
16809371
16820363
16828974
16876682
16973824
16979758
16980345
16980347
16982704
17015855
17047056
17053072
17071743
17189613
17272349
17272350
17279627
17355963
17376851
17409629
17535959
17535960
17626895
17662243
17673505
17698014
17823125
17899167
17906876
17916557
17947313
17950697
18045623
18048029
18067152
18070605
18095323
18174213
18206315
18237401
18250309
18356540
18406871
18411278
18458091
18467505
18482979
18562674
18690020
18718913
19004828
19068212
19074970
19091974
19106618
19134469
19261907
19265197
19332620
19339512
19340532
19351867
19422800
19473981
19502562
19564422
19593990
19657060
19664321
19687230
19710366
19713738
19713767
19717559
19797702
19840220
19841139
19887376
19916019
19917569
19959638
20006578
20007466
20016080
20026913
20054004
20066046
20071512
20167851
20190743
20194790
20197640
20213496
20218309
20308247
20308803
20363327
20392935
20458179
20478999
20543081
20573883
20616312
20616314
20627102
20709760
20835238
20842066
20881564
20929813
20951705
21051529
21054386
21084859
21093409
21111744
21127204
21150316
21156134
21178109
21216955
21224388
21228305
21248079
21262376
21282112
21378366
21378599
21514437
21521762
21551225
21632949
21712653
21737448
21747058
21804529
21812127
21822269
21832054
21873608
21901331
21910984
21937422
21940447
21940459
21965771
21998309
21998310
21998324
22040717
22138472
22162637
22183401
22201996
22307641
22385640
22396494
22473424
22554770
22590648
22669893
22677788
22683869
22705413
22760075
22826131
22832607
22874559
22876122
22892111
22936811
22949527
23045342
23051628
23077046
23088728
23093183
23144896
23159773
23184512
23197719
23220157
23229127
23229155
23266596
23267770
23321639
23337371
23338940
23390568
23403102
23440960
23470431
23482776
23530039
23549079
23554629
23567254
23568894
23591884
23598720
23613530
23626724
23686856
23688558
23713031
23733657
23737983
23746511
23748364
23752588
23761887
23771339
23788620
23791743
23801988
23811053
23924992
23926129
23948586
23948887
23949443
23950737
23998583
24051672
24054868
24120865
24138138
24142145
24163243
24167226
24202214
24222128
24278424
24352630
24365142
24371506
24382889
24388896
24407175
24455243
24462690
24470632
24506535
24507594
24513410
24548334
24553186
24567507
24572674
24700505
24703308
24754640
24760135
24760982
24775099
24796500
24800546
24804609
24828638
24848473
24849370
24862738
24877741
24885050
24908477
24917030
24934288
24942769
24996399
25057870
25107988
25117072
25120818
25173401
25180681
25184293
25196315
25209265
25238857
25258313
25268113
25292336
25347557
25366495
25368181
25381891
25409445
25431931
25468907
25505241
25525164
25538241
25538703
25556199
25614710
25620733
25633834
25665524
25694430
25703215
25712868
25714924
25717360
25758429
25762319
25779869
25824040
25824433
25845695
25846713
25868801
25898808
25918359
25937960
25940406
25945124
25945613
25953654
25966692
25966695
25966696
25966699
26002553
26015768
26034270
26049024
26073630
26100638
26155893
26169579
26176221
26235199
26242732
26245899
26251082
26255135
26271711
26272754
26274509
26299765
26379493
26381090
26400943
26427483
26459417
26486172
26536090
26577286
26611208
26673131
26680202
26702867
26739491
26742847
26775120
26786159
26794448
26796258
26815481
26875794
26892246
26918609
27014060
27031934
27076616
27098837
27103070
27114559
27185857
27187148
27226626
27228562
27231046
27255217
27266274
27270916
27297022
27313275
27335667
27340545
27374078
27456671
27470556
27481713
27498200
27520758
27522668
27535226
27629560
27771236
27775682
27798140
27798183
27864509
27915047
27932504
27986126
28018857
28026020
28097097
28119464
28119465
28130847
28134340
28355609
28365780
28391995
28403518
28445960
28542134
28631947
28697452
28715454
28766141
28778765
28807015
28836190
28899915
28921675
28973370
29073183
29079724
29111846
29137396
29190968
29202453
29387213
29423686
29543863
29662258
29733375
29752441
29885637
30042022
30058071
30150369
30176250
30214503
30249603
30262154
30304446
30346954
30422117
30463805
30487062
30556291
30604627
30741411
30926461
30929547
30937521
30984024
31002755
31012223
31122565
31202801
31235768
31296840
31303379
31324123
31335952
31355778
31386584
31408100
31425146
31448673
31461656
31534543
31560766
31605513
31678346
31692534
31717392
31770099
31822656
31848688
31848689
31893251
31911435
31972470
31994147
32042299
32162426
32243098
32249787
32349139
32386516
32428234
32438970
32601767
32621084
32648124
32755411
32798766
32799605
32859919
32897127
32900491
32990143
33000676
33061584
33095400
33137694
33203140
33212124
33264630
33268374
33380256
33535055
33584831
33589793
33626426
33715372
33864736
33908862
33975883
34128850
34207120
34207748
34212239
34276002
34356541
34384444
34431981
34463712
34546289
34623381
34636893
34643546
34645092
34939692
34955712
35092415
35104251
35111050
35130614
35163100
35190817
35193095
35349630
35350103
35543237
35566232
35762340
35873575
35969184
36057617
36066662
36087132
36099101
36128191
36167061
36233075
36264243
36327050
36375196
36405392
36414560
36417390
36430690
36454852
36497195
36508175
36587745
36592226
36638349
36820519
36830672
36842857
36937187
36943941
36972239
37047005
37047381
37047701
37181655
37257380
37270527
37386746
37609299
37622706
37698939
37702787
37804808
37852390
37870574
37898439
37910338
37959836
37973552
38065913
38069298
38071190
38092988
38175169
38321351
38328032
38395374
38423151
38438090
38621880
38649663
38692078
38776078
38805819
38839945
38891076
38948137
39003871
39008679
39062812
39110924
39138263
39165641
39292198
39350777
39365143
39395272
39409130
39476475
39494337
39551283
39592239
39600676
39637523
39670814
39765005
39769475
39883005
39887553
39988583
40013149
40015991
40024448
40052842
