10791962
11159396
11403683
11606638
11742003
11756409
11790766
11827974
12187771
12235360
12417658
12644584
12704197
12771191
12777842
12818950
12890773
12895422
12895515
12973680
14505496
14529719
14592860
14660672
14742680
14966867
14976402
15024042
15060274
15147300
15166237
15201306
15201479
15448138
15471993
15474358
15483044
15488181
15504896
15504897
15507442
15536086
15548431
15548655
15607937
15610184
15615835
15630435
15630454
15676020
15679268
15743764
15900025
15950195
15951378
16049183
16049184
16120665
16258854
16278278
16381801
16543726
16631598
16760341
16820014
16844100
16855219
16857708
16928863
16930401
16982421
16982704
17050807
17125805
17132857
17156361
17161621
17182788
17188510
17317741
17320843
17376845
17438119
17513018
17562281
17602741
17610575
17660294
17686036
17686037
18001290
18037383
18094105
18162541
18218839
18221369
18298939
18326902
18390553
18400181
18433788
18471074
18478327
18583457
18606230
18687887
18815223
18825664
18923037
18940602
18971294
18971475
19004991
19073246
19151585
19167228
19170253
19249276
19332647
19369579
19446536
19467269
19636345
19718034
19854154
19858358
19878533
19883587
19883739
19903690
19906882
20026913
20092572
20181083
20188147
20194127
20204399
20368691
20471360
20484531
20495360
20511524
20663518
20668236
20670620
20826800
20835238
20845003
20888635
20935476
20953553
21150296
21150298
21178094
21183743
21389219
21402126
21482359
21521766
21550405
21551225
21602796
21611731
21763275
21870131
21873608
21910984
21965686
22074920
22074995
22205645
22240250
22279216
22308469
22590648
22613715
22617008
22659088
22796651
22819793
22846999
22876122
22956801
23022559
23045722
23098566
23255606
23381143
23396054
23426693
23505410
23545255
23567319
23648579
23651160
23746511
23789098
23817128
23831344
23874268
24108129
24177210
24276260
24294842
24369063
24394417
24453334
24513289
24523520
24525187
24566975
24572674
24582401
24628243
24639630
24686191
24688019
24755485
24790266
24849341
24900606
24907493
24992728
25100594
25188201
25195871
25204428
25225550
25425625
25446431
25447945
25481823
25483588
25515110
25516596
25525164
25563298
25603538
25650925
25669191
25681549
25741235
25782368
25846820
25907097
25966687
26015768
26047157
26149801
26208839
26218636
26222492
26247695
26283199
26284524
26321916
26418566
26616403
26716990
26755585
26755594
26887908
26923189
27245500
27260834
27297022
27375432
27468821
27489103
27629721
27799552
27857685
28507132
28510727
28614186
29111846
29176325
29242712
29246857
29867360
30080864
30233329
30288056
30311774
30846929
30933958
30946560
31253182
31350260
31359322
31477143
31607850
31704946
31775826
31981388
32139705
32162426
32259196
32484574
32529299
32559275
33038354
33059597
33413531
33416017
33557884
33753067
33913808
33927593
33975060
33975919
34727962
35050960
35341732
35517414
35792082
35884711
36114176
36630347
36632472
36676903
36682446
36820519
36830672
36937187
36970201
37160370
37162941
37535677
37581322
37742192
37898038
38081835
38431110
38531121
38702487
38951038
38979276
39172783
39656529
39883005
39919080
