1482999
1678077
2073794
2201319
3363630
7709849
9008021
9092574
9129019
9162067
9195915
9529123
9590251
9614102
9731483
9824625
10533983
11567989
11607840
11857085
12441306
12696071
14618415
14654781
14730064
14738146
15172884
15322881
15665497
15753096
16180173
16478466
16955467
17035220
17110457
17128851
17475912
17710988
18215991
18502848
18573665
18643980
18698078
18798873
19054707
19105030
19187042
19223002
19236749
19258424
19276253
19387008
19501014
19571318
19620960
19704598
19823681
19832944
19860013
19892728
19903679
20126411
20195608
20237427
20357823
20428194
20543203
20547695
20555362
20582419
20595524
20619386
20622007
20644105
20652492
20671051
20674974
20678218
20694012
20955399
21099132
21118980
21276471
21346257
21471695
21494262
21596690
21681191
21725207
21737985
21781507
21904853
21988239
22000054
22131879
22138511
22246246
22253446
22310290
22315494
22458849
22489043
22733026
22799433
22834886
22905207
22929312
22985939
23010802
23025505
23105131
23132573
23160449
23162070
23217029
23376399
23481636
23572873
23628959
23649767
23660187
23696637
23783394
23823657
23922838
24097244
24099045
24147083
24397480
24413762
24458550
24493670
24860579
24886428
24970010
25062407
25140833
25153634
25178484
25283271
25348515
25358541
25646412
25691332
25729982
25932436
25936548
25939664
25952305
25953089
25965880
26245459
26386336
26449661
26462466
26474642
26495279
26537110
26628266
26676746
26911351
26933103
27106701
27244256
27244893
27276677
27277384
27287616
27358166
27449297
27472394
27474268
27618104
27734522
27776782
27805921
27842510
27936160
27964784
27968980
28082680
28100467
28111287
28213698
28245373
28286577
28343148
28408421
28414188
28541442
28611190
28611796
28649259
28805497
28828254
28835699
29104623
29227949
29354944
29552024
29600428
29773550
29801463
29899407
30054434
30096712
30171729
30190130
30239807
30261788
30389896
30544639
30715138
30717189
30803559
31107544
31309543
31330847
31387880
31438886
31653202
31663116
31773704
31901557
31932662
31941979
31943762
31967665
31976317
32032248
32110709
32129820
32407699
32480603
32563043
32647446
32743636
32777067
32784662
32822868
32933826
33092583
33116705
33125970
33216958
33231565
33375775
33388664
33421903
33512474
33550024
33567573
33612956
33617900
33620036
33627783
33707874
33769390
33902576
33924917
33954256
34016321
34026204
34058471
34134489
34169548
34225395
34242624
34415375
34425748
34457663
34531437
34583133
34630435
34638131
34775495
34795693
34796479
34830311
34998158
35069869
35137060
35159106
35217034
35472754
35484502
35561107
35574117
35642834
35643609
35709509
35710332
35717738
35822392
35931247
35933946
35967575
36045357
36101806
36123612
36206490
36207429
36243632
36324083
36365452
36405829
36495474
36504051
36516994
36681853
36726727
36786373
36834818
36835025
36918075
36930092
36965564
36967582
36981024
37008481
37050188
37083525
37172401
37199372
37199660
37226702
37355734
37396518
37403193
37465298
37468447
37493242
37537877
37554039
37663941
37709817
37756563
37800946
37810474
37846894
38019655
38028263
38077445
38129836
38238896
38269998
38270941
38277834
38284251
38385547
38395087
38413978
38431477
38570265
38588845
38613168
38633130
38643442
38669907
38714550
38732261
38739113
38744144
38761804
38794375
38798543
38799203
38867596
38940123
38965105
39015275
39030301
39130630
39146281
39154697
39196581
39266021
39298477
39332957
39342146
39349831
39403923
39416615
39442967
39472893
39489751
39526271
39560864
39582379
39604255
39673867
39691533
39703663
39725699
39726027
39748413
39755843
39811943
39815173
39845812
39885487
39970703
40020528
40032687
40037659
40082815
40108598
