7590696
7640224
7819051
7927946
8004570
8204893
8529470
8547115
8562333
8623927
8740788
9192978
9212742
9380415
9436924
9591636
9669664
9813719
9829720
10416984
10443008
10473097
11005213
11012095
11240791
11288983
11477142
11692945
11698342
11793447
11870541
11896626
12202983
12203362
12237776
12448002
12532908
12557224
12582032
12646964
12738730
12739008
12792807
12824903
12896908
12955092
12972956
14514791
14586645
14648664
14666635
14679024
14689059
14697637
14981992
15036887
15133490
15138714
15195525
15278764
15282324
15300811
15306823
15373750
15381376
15505422
15551329
15585484
15845652
15897688
15951302
15993030
16129847
16235239
16258756
16382049
16406195
16434317
16490596
16547599
16614728
16648863
16815198
16829689
16832876
16882699
17011980
17022831
17116943
17139501
17284370
17299095
17486065
17498553
17498561
17561354
17605237
17653856
17909257
17912028
17922974
17960397
18043898
18061526
18194538
18237245
18274833
18343791
18393977
18406353
18430372
18431519
18483394
18713830
18819000
18823530
18842998
18843022
19047108
19055446
19084934
19129688
19142864
19242061
19302219
19353769
19386349
19489683
19554511
19556818
19634112
19636701
19666237
19750108
19760977
19787783
19795398
19904758
19963117
20018375
20019746
20389301
20395447
20429623
20443083
20473525
20633772
20641356
20680537
20683061
20856207
21098327
21254295
21272268
21281227
21327470
21401699
21447152
21457541
21498736
21594903
21606015
21606168
21637674
21677543
21723269
21789902
21890746
21898528
21910158
21965784
21982980
21989330
22002566
22011761
22065993
22113303
22259787
22304571
22321253
22322158
22467868
22671703
22706868
22739938
22784333
22922827
22967707
23001925
23060014
23244103
23307601
23311506
23390492
23433354
23436928
23470832
23494454
23502783
23504185
23567490
23591848
23624920
23648671
23653001
23674142
23803733
23836497
23851505
23861098
23873109
23887292
23893383
23985254
24060591
24143218
24145651
24264314
24391010
24403468
24440705
24458211
24510244
24648939
24652203
24687839
24737585
24870765
24944806
25128069
25146682
25169547
25200445
25202078
25227811
25363551
25384412
25436006
25450356
25452171
25596256
25629991
25649416
25739982
25779086
25809706
25823925
25851350
25872183
25888980
25939703
25997217
26047605
26055143
26073757
26150472
26224092
26247679
26261659
26409837
26416047
26462780
26550218
26617896
26643423
26657198
26676638
26695908
26722315
26819411
26840018
26873538
26884860
26916968
26979757
27025456
27069548
27095936
27166267
27169455
27191497
27270423
27284448
27322082
27364926
27388253
27465135
27494902
27584682
27623072
27644314
27713153
27755946
27762064
27781065
27810077
27831653
27843138
27864121
27874957
27877079
27881356
27899693
28004353
28028120
28123641
28132860
28216616
28377627
28596683
28740507
28791413
28824300
28979806
28991877
29035583
29049220
29199958
29246166
29262567
29360218
29362431
29365412
29403080
29415938
29416780
29419703
29466672
29468546
29468547
29511458
29511472
29556338
29584620
29717174
29752805
29771440
29773591
29785357
29848678
29858490
29895195
29958992
29969496
29970717
30001402
30043639
30064475
30101705
30119151
30119190
30205383
30211726
30224477
30275712
30278884
30289508
30317923
30428594
30431107
30449701
30519042
30530749
30532557
30546411
30646811
30660488
30776175
30903488
30949979
31015206
31021442
31159251
31169265
31171971
31173217
31184805
31191746
31196027
31213904
31218784
31243265
31284780
31286678
31304680
31306481
31309555
31321645
31340767
31405458
31435243
31549850
31656498
31661371
31667787
31674138
31686834
31695002
31700891
31753927
31773673
31841193
31850854
31951319
31966836
31971654
31972361
31982864
32016467
32021264
32035866
32064660
32095323
32113162
32179748
32194807
32257795
32380883
32408254
32418739
32432757
32440325
32504027
32533643
32534703
32566002
32639587
32640404
32660221
32671454
32675392
32683082
32749850
32792481
32796817
32851455
32880048
32901852
32903763
33008330
33044755
33052706
33164645
33184448
33259864
33324951
33345719
33363164
33381329
33480984
33519190
33528622
33530159
33564997
33570637
33605558
33651996
33654431
33660802
33704879
33742100
33804108
33952469
34020639
34063946
34149919
34178650
34179312
34185441
34225728
34227093
34234111
34242401
34251962
34268949
34283652
34293698
34294689
34414457
34441352
34515323
34519258
34528238
34564768
34568030
34593429
34611140
34707101
34719326
34840090
34862156
34866998
34933671
34959221
35038081
35042223
35046400
35085892
35112553
35117697
35145272
35170494
35178295
35247258
35264782
35280383
35300071
35326688
35347427
35365622
35396910
35459982
35463335
35488777
35587057
35626215
35673915
35776289
35784572
35795002
35803208
35814257
35844619
35844799
35851447
35865393
35896251
35899951
35900059
35964234
36074528
36159397
36230970
36288644
36350008
36534235
36591727
36612120
36658474
36681101
36688618
36760720
36853016
36937431
36939129
36947456
37019147
37060562
37097002
37207665
37221610
37257705
37272581
37340423
37372424
37417319
37481637
37556965
37574724
37693160
37749044
37871516
37874265
37889059
37930255
38021073
38072304
38097450
38154203
38301962
38316778
38376577
38497174
38502885
38522075
38562687
38589850
38707417
38771457
38787176
38817999
38824087
38825900
38862441
38914869
38916228
38952374
38957406
38971100
39018748
39062918
39086589
39089654
39110278
39113852
39157338
39188436
39267543
39285033
39313500
39400638
39402215
39414920
39438468
39520607
39535816
39586971
39591901
39691246
39719059
39729169
39739897
39786615
39846191
39903505
39919356
39954354
40058168
