8547659
9530346
10416984
16861358
18391076
18431519
20414251
20418948
20831799
21504716
21559724
21577262
21752897
22330340
22853316
22954617
23255553
23428540
23596478
24705253
24743557
25605810
25673160
26290144
26622903
26637059
26782072
26818545
27457074
27494902
27572135
27583477
27843138
27923660
28000032
28670492
28674394
28941273
29018036
29366479
29642246
29662889
29945347
30021382
30068546
30127935
30205383
30227870
30308939
30429236
30520141
30538135
30664171
30679264
30722989
30778022
30864742
30925453
30973678
30999112
31056854
31253987
31392505
31511084
31527584
31568682
31629738
31729531
31938243
31957131
32347652
32414847
32607313
32728719
32791147
32820798
32828867
32850340
33005182
33010000
33320844
33480613
33560216
33608112
33657702
33727831
33844344
33993193
34087052
34223793
34255617
34394903
34427299
34440873
34609043
34792792
34801563
34863152
35033075
35117490
35306579
35347427
35437818
35616759
35692822
35747580
35786622
35866595
35968334
36052893
36092323
36230312
36280202
36694220
36763283
36778325
36914604
37130193
37300687
37435984
37565345
37647808
37866807
38061119
38372094
38562687
38617521
38743320
38862457
39395260
39519258
39680067
39903505
39909279
39949597
