12833150
19454496
20336784
21103391
23185313
23787073
23900351
24004674
24176298
24218601
24309323
24370822
25159285
25408144
25463638
25527175
25732226
25739982
25892415
25909221
26057453
26629104
26647729
26771237
26935418
26966728
27120728
27351214
27443516
27582547
27767100
27864121
28082741
28460453
28977941
28979806
29109143
29228869
29724815
29899826
30012177
30026836
30621700
30665374
30878468
30965092
31060523
31072916
31178228
31262163
31286496
31355613
31455378
31542774
31571090
31689506
31933941
31962276
32010197
32039568
32044108
32102682
32130660
32380689
32391646
32709464
32818316
33033491
33037865
33194720
33438217
33476715
33500658
33757543
33791304
33965974
34070839
34485660
34622231
34622238
34663408
34664678
34769053
34792009
34820505
34980127
35184425
35428764
35430569
35444283
35522064
35610322
35623098
35706791
35732503
35804444
36004387
36091953
36305147
36381420
36469840
36524815
36572991
36730890
36749874
36805789
36964635
37164546
37519629
37572218
38027234
38410486
38446584
38564163
38566477
38713155
38717153
39021796
39116089
39163619
39551726
39591374
39648148
39945650
39962032
