7601454
9334304
9571240
9744472
9925936
10072428
10500174
10733526
10793135
10828602
10896919
10973239
10995389
11003657
11158177
11171827
11184446
11313896
11340163
11448992
11459825
11496321
11562349
11687641
11694576
11707420
11729114
11782312
11857408
11896626
11968084
11988738
11996968
11998610
12054750
12070128
12082076
12163387
12194827
12203775
12208850
12209998
12210063
12409468
12444556
12456658
12560341
12579297
12588804
12604719
12629411
12655059
12773202
12797865
12800196
12956947
14610318
14630673
14661064
14691304
14701726
14716021
14742878
14750164
14970867
14998854
15014502
15029244
15062106
15093536
15135482
15144564
15173255
15220530
15288293
15313375
15457549
15467459
15780560
15831593
15913197
15916960
15916961
16123585
16138013
16148219
16168498
16204042
16215948
16222116
16253208
16259108
16343268
16364912
16512896
16531765
16555931
16598757
16675394
16738333
16792804
16801346
16803511
16830381
16854973
16907861
16924464
16934975
17030612
17035642
17130831
17178718
17190794
17221870
17223572
17251266
17268477
17283060
17284367
17339342
17376772
17522512
17545690
17545691
17552003
17601983
17618083
17664332
17700535
17726374
17852867
17873891
17905526
17942546
17955726
17960397
17986624
18007144
18036402
18049164
18172166
18174259
18197935
18212744
18239684
18287512
18321983
18342503
18362641
18376059
18384629
18391748
18427545
18482459
18498748
18500339
18535175
18552834
18573889
18591966
18607505
18662541
18662704
18683894
18697202
18758239
18781193
18818692
18974147
18976910
19000797
19077564
19129509
19148529
19160489
19168852
19184424
19191266
19269290
19294736
19309801
19339626
19350629
19390576
19398441
19448625
19477924
19549334
19551141
19563064
19569232
19636637
19671196
19781162
19799609
19802011
19823035
19853567
19908344
19918205
19965908
20054826
20060286
20064487
20080744
20089834
20194967
20237424
20353702
20373070
20383190
20395298
20424596
20473026
20520968
20530197
20534996
20552891
20568901
20581839
20591881
20624523
20632448
20651373
20652949
20674887
20686030
20714223
20719348
20842455
20874004
20880515
20890296
20921021
20921411
20935501
21107322
21127944
21186356
21186364
21214416
21241890
21255192
21356067
21373750
21402913
21424370
21459793
21462191
21472888
21570316
21596315
21612411
21625863
21681377
21696387
21744425
21761101
21777349
21792768
21886810
21982246
21982804
21997289
22002244
22020549
22066580
22118538
22142022
22152470
22152476
22178396
22189709
22194161
22205987
22213313
22225527
22297548
22321970
22339265
22378759
22383885
22426463
22479455
22482729
22514028
22535324
22543498
22575615
22580460
22580462
22634315
22654103
22684815
22706342
22752307
22827846
22836916
22851076
22854063
22927465
22942707
22949615
23029325
23029563
23045728
23073328
23082190
23124477
23197654
23206702
23226367
23231047
23238556
23242419
23263983
23280118
23353171
23416042
23431106
23469016
23575477
23593077
23643811
23670162
23696789
23707760
23708605
23709761
23727062
23740945
23775192
23776205
23812922
23849133
23890107
23933137
23940132
23945386
23954296
23972993
24023308
24023670
24037103
24068440
24100295
24163370
24204729
24211838
24274398
24292671
24301314
24301385
24333020
24353261
24356446
24366306
24373500
24389957
24491043
24493355
24520301
24590638
24615099
24634235
24660577
24684676
24684952
24753426
24811168
24817184
24838934
24870781
24998851
25025567
25124632
25146682
25187893
25333347
25340495
25349192
25388006
25421776
25483061
25485510
25492890
25509356
25540434
25562820
25584742
25599647
25613626
25613741
25648022
25649870
25771876
25810011
25843713
25873087
25874772
25892250
25908636
25913861
25926721
25931811
25959309
25979631
25981591
26025002
26029826
26032781
26072394
26176257
26182300
26182313
26191293
26199140
26204886
26206264
26221070
26252546
26285011
26329581
26334097
26349968
26364211
26387737
26425077
26430458
26443527
26455319
26461363
26487584
26498254
26511186
26511190
26599499
26621834
26650195
26658992
26660680
26666818
26674224
26674321
26694515
26742007
26759166
26790440
26901067
26918727
26963853
27042007
27064202
27067410
27073531
27080259
27126000
27184142
27192129
27226481
27226622
27227907
27251328
27259261
27264089
27268607
27303212
27305704
27308263
27308488
27312068
27349965
27368103
27410035
27418100
27439778
27462441
27475839
27512640
27513557
27514492
27558644
27566565
27600761
27665273
27689323
27703524
27706737
27801803
27811364
27826202
27861150
27880784
27900031
27902968
27903963
27995193
28004426
28041906
28065642
28151848
28204904
28301459
28322826
28341713
28352678
28373167
28396402
28425982
28447056
28460635
28487081
28502659
28521610
28522256
28534968
28554075
28604743
28631567
28669168
28688938
28711656
28843749
28979331
28993866
29050223
29131691
29156750
29168119
29196572
29218001
29225038
29231860
29237293
29273724
29285016
29295527
29348693
29371630
29397440
29443099
29466696
29538221
29577179
29589180
29595757
29700288
29706558
29769627
29798843
29875408
29896273
30007404
30050310
30063010
30145018
30148675
30168144
30218185
30252597
30303738
30306390
30311375
30324802
30332649
30357422
30396569
30405831
30460429
30466290
30543312
30568591
30613163
30642281
30647706
30661051
30677437
30697077
30741526
30745422
30825285
30880589
30880750
30883132
30890477
30895400
30954555
30959202
30969163
30977227
30989488
31000600
31012192
31028995
31036696
31053633
31077828
31100714
31114995
31139661
31175280
31208279
31220641
31246251
31263054
31296550
31317666
31318984
31350074
31367630
31420536
31441503
31489637
31511843
31538378
31600923
31638429
31653136
31686733
31734605
31785347
31806563
31841163
31841165
31853199
31864232
31876541
31892987
31894332
31895690
31930396
31964702
31986421
32015681
32117986
32147272
32152291
32241597
32242863
32260281
32269045
32302040
32319591
32328643
32338015
32341029
32345958
32408363
32416945
32434143
32439144
32521911
32523621
32555552
32560361
32572094
32576655
32582805
32591143
32599083
32641858
32659302
32664545
32683422
32687671
32714095
32742405
32754788
32773164
32811340
32811646
32886433
32926159
32934012
32997132
33050628
33206267
33211830
33218190
33231090
33251111
33260674
33299140
33345691
33390855
33397384
33404644
33416137
33437214
33465060
33469360
33512806
33538422
33542227
33617508
33619332
33655597
33754289
33758511
33806417
33830108
33886068
33888005
33898891
33907319
33929593
33961152
33987378
33990097
34012620
34066044
34066170
34073553
34097324
34097461
34185256
34221061
34265132
34271087
34357122
34416278
34503169
34503274
34537906
34585093
34589990
34592648
34643667
34659887
34679042
34680970
34706761
34735003
34848844
34916374
34922934
34949788
34952833
34968751
34997630
35078942
35100078
35111964
35115926
35116890
35172477
35172483
35223479
35267574
35277969
35327954
35330508
35341992
35393124
35397714
35496276
35499650
35525274
35529508
35601094
35627188
35634770
35663259
35705314
35729193
35738876
35784532
35817563
35832196
35851744
35856494
35882702
35959852
36031733
36063148
36074434
36087100
36131343
36139537
36161592
36172730
36232418
36246616
36254608
36317219
36400381
36420658
36426676
36436516
36456778
36506394
36548081
36552944
36553480
36556227
36588673
36600593
36605468
36652613
36691744
36711754
36719602
36754648
36764210
36776716
36833207
36866798
36910346
36950857
36993615
37038999
37047609
37091359
37094689
37120096
37146968
37189027
37249750
37258580
37295984
37296650
37303221
37324948
37372088
37401481
37422537
37495623
37505767
37540482
37596581
37639007
37644154
37686589
37689217
37707375
37725907
37742473
37758801
37761816
37763132
37774018
37824775
37872305
37885030
37925055
38019338
38104284
38145373
38156839
38163577
38188186
38222005
38243869
38310587
38347189
38355645
38373072
38389278
38394940
38463349
38485933
38500164
38622115
38651154
38652475
38661086
38713384
38847676
38873722
38873820
38883562
39005361
39009979
39056403
39061990
39106449
39121651
39201647
39257226
39261344
39332789
39349771
39392178
39495995
39550749
39567505
39596675
39674581
39728387
39760880
39911375
39932004
39945249
39963439
40059436
