1312258
1339336
1372993
1388288
1396589
1398067
1475706
1517236
1518810
1653904
1714386
7488142
7516474
7523110
7523194
7542356
7553852
7559442
7559780
7566981
7569954
7589260
7601562
7611786
7622038
7624134
7630397
7654228
7657707
7698977
7731685
7779716
7787247
7799940
7799941
7806527
7811275
7828909
7838523
7850896
7862443
7882344
7896832
7945302
7958856
7969176
8006075
8024548
8028598
8065320
8078506
8082730
8242750
8248208
8251505
8253384
8259216
8262134
8275715
8280171
8282104
8292019
8301538
8308077
8360268
8395680
8397206
8397207
8402887
8456304
8458862
8463339
8502482
8548828
8553588
8560263
8591024
8591985
8601310
8605027
8607829
8609171
8610110
8622674
8637717
8646875
8647086
8665866
8668341
8673024
8684460
8694809
8769642
8846921
8861947
8867812
8876165
8890629
8891332
8896755
8940252
8943316
8964491
8978611
8979268
9000124
9003781
9029153
9030780
9030781
9042862
9063568
9087377
9093907
9094315
9099745
9105046
9108451
9121766
9126324
9141623
9163430
9168886
9178893
9186612
9188631
9188852
9192822
9192873
9199341
9233796
9237626
9243501
9244189
9256282
9258408
9259311
9261093
9266999
9268380
9268577
9276628
9278499
9284049
9294175
9315103
9325318
9334743
9345026
9353326
9355972
9360999
9377562
9388487
9399644
9407321
9407975
9425288
9426687
9438871
9442103
9457065
9468218
9472014
9474966
9488039
9548727
9552391
9596994
9610538
9626358
9632134
9632717
9636407
9637776
9652739
9659520
9660939
9664116
9666304
9671459
9689942
9696820
9703866
9705226
9710613
9712033
9716179
9731206
9736045
9756921
9774342
9778038
9794232
9811471
9814965
9814966
9828096
9840927
9840932
9840943
9845341
9857178
9858545
9858585
9858587
9861450
9889196
9891053
9918868
9918914
9920882
9922449
9925749
9933170
9989807
10022885
10022912
10047461
10074425
10075979
10082583
10091728
10095772
10196317
10207089
10207115
10226033
10229195
10234573
10330164
10344736
10363976
10366432
10375610
10390005
10393546
10428798
10455060
10523650
10542199
10559879
10585273
10611320
10626899
10656618
10671231
10679238
10692408
10692433
10698260
10703944
10712384
10713176
10748114
10751146
10752677
10753466
10757037
10757805
10772807
10772965
10773875
10777547
10783242
10790398
10799321
10806104
10820194
10828061
10854062
10878006
10884410
10903422
10906146
10906181
10910135
10918579
10930425
10931829
10938080
10942577
10942602
10952244
10962581
10973491
10991938
10995386
10995387
11005825
11023508
11029468
11051553
11060032
11089522
11103932
11175348
11216479
11230108
11238922
11264176
11267947
11274205
11283255
11313870
11314027
11322924
11335721
11337496
11340163
11349131
11352649
11377199
11384971
11396181
11413120
11418594
11423988
11423993
11432803
11461916
11463824
11479422
11486031
11506705
11507069
11521716
11532001
11562960
11581254
11585414
11585773
11590147
11591175
11604388
11684017
11710944
11726663
11728181
11745413
11781832
11880488
11891112
11909963
11940659
11959850
11980914
12030783
12044161
12049628
12081504
12097586
12100577
12114499
12123578
12149264
12170178
12182847
12214244
12239611
12354066
12359725
12370293
12419181
12429912
12441136
12447695
12475985
12485874
12501191
12519061
12530059
12548864
12586062
12646574
12659774
12676582
12678910
12678911
12706118
12717415
12724424
12726855
12729791
12729926
12732645
12767926
12781329
12789269
12800980
12810668
12816757
12819186
12852944
12857729
12888290
12907249
12912980
12914904
12915577
12937419
12941268
12941317
12954644
14504459
14506259
14520699
14522248
14536078
14550307
14561402
14562046
14572899
14610188
14612403
14645540
14646596
14657662
14657672
14685159
14693416
14694185
14695446
14699150
14726682
14744761
14767478
14979923
14985111
15012993
15026579
15033176
15048820
15059135
15064732
15105561
15122251
15124910
15139755
15159402
15178429
15189033
15199159
15226429
15227538
15302592
15309028
15327838
15342466
15355984
15357840
15368294
15456866
15478602
15492512
15505811
15514162
15543230
15601848
15606011
15607308
15607961
15611077
15617830
15632290
15632311
15647388
15660127
15665273
15670215
15671017
15696186
15707957
15713378
15715961
15722557
15735705
15735718
15739175
15741163
15742375
15750306
15753125
15806176
15816479
15818617
15828833
15880679
15922732
15928920
15944161
15950907
15964852
15988025
15998135
16019103
16024155
16028223
16036217
16056272
16075305
16081423
16082200
16082227
16085226
16107892
16137671
16150942
16155345
16170344
16174846
16178778
16180905
16182537
16191191
16214166
16254356
16258277
16260160
16262700
16280325
16285732
16290148
16292742
16293143
16325401
16338380
16342947
16343435
16374623
16384702
16392795
16407251
16407256
16428455
16458085
16479016
16492568
16496417
16504183
16537903
16540140
16563003
16582612
16616492
16618755
16678773
16687918
16687928
16704435
16707497
16713571
16750360
16759374
16760655
16760657
16765349
16806589
16824683
16847309
16861913
16875671
16890327
16892371
16909847
16912045
16913488
16939421
16969089
17027495
17038621
17043661
17055492
17064068
17083724
17085505
17088910
17115027
17123821
17125195
17129604
17173865
17254967
17266627
17293600
17361108
17371838
17373709
17386261
17388447
17409420
17434927
17450625
17457058
17458867
17459956
17470365
17476329
17485443
17495531
17523616
17570665
17601773
17631145
17635516
17689689
17726381
17826007
17942597
17942901
17956886
17960384
17961226
18026139
18037537
18060053
18073538
18086919
18098043
18172308
18199752
18202766
18206647
18208561
18232649
18234419
18239684
18245951
18256689
18276582
18324799
18324800
18336471
18345036
18354084
18356301
18372919
18414041
18583935
18588506
18599613
18617527
18664186
18698751
18718623
18721488
18786843
18787066
18806832
18838553
18847512
18953433
18980372
19061641
19073433
19091404
19129496
19150984
19166026
19197163
19201832
19204084
19221473
19229340
19233286
19239702
19307310
19321444
19323453
19340603
19347879
19383288
19426695
19437469
19440053
19445729
19494131
19525400
19590016
19609756
19631451
19652536
19665013
19703905
19723061
19726306
19737069
19771247
19773423
19829063
19838212
19854217
19858290
19885547
19933848
19961935
19966300
20010815
20015233
20027199
20030297
20045222
20067177
20079829
20097066
20097074
20104581
20139727
20149834
20153225
20167481
20195506
20215406
20237920
20399658
20422243
20423616
20445224
20448898
20479412
20512928
20566339
20593892
20713526
20811053
20818171
20844047
20851615
20869873
20926513
21062975
21088490
21092281
21099355
21152296
21200138
21233845
21239878
21242972
21258042
21262353
21264535
21278485
21286784
21291269
21305681
21319273
21325496
21350238
21368575
21385896
21455289
21502361
21515670
21532884
21533350
21533513
21565702
21575631
21596315
21646351
21652059
21658603
21684737
21761349
21769424
21821547
21822799
21824779
21871181
21886895
21918011
21941773
21958871
21965652
22000924
22036212
22069029
22102824
22120635
22223646
22231403
22253097
22274628
22285700
22286767
22331465
22355233
22367880
22368708
22411628
22447046
22451302
22467868
22479189
22532528
22558186
22564725
22584582
22641337
22713240
22819841
22828875
22874593
22893598
22898779
22921070
22926267
22927831
22934150
22948662
22996593
23028682
23082202
23095674
23097472
23117465
23140174
23168795
23185313
23230143
23254306
23285007
23300027
23316279
23321641
23390492
23390529
23437375
23446853
23461792
23479742
23607668
23627734
23643165
23653005
23671119
23707764
23727278
23728955
23737759
23781148
23787073
23864105
23933132
23941641
23955388
23994326
24001891
24004674
24060681
24075009
24107632
24119616
24125183
24240190
24269842
24289643
24304238
24332088
24336329
24444383
24520316
24531709
24550143
24586195
24627094
24671051
24700371
24704824
24728993
24759790
24780297
24795023
24797635
24801578
24802056
24802190
24909777
24935000
24947816
24970653
24978614
25015816
25136960
25149358
25151579
25154617
25155598
25218637
25271736
25290691
25303791
25380821
25386824
25394488
25421815
25443276
25463638
25477962
25485510
25501982
25541464
25548279
25550687
25584078
25616574
25728284
25736292
25808870
25812526
25860957
25902329
25908517
25914804
25918937
26026083
26028036
26110849
26147897
26148348
26158339
26219338
26248649
26266831
26279746
26297806
26304236
26314198
26316466
26320860
26373553
26429916
26464264
26555773
26565382
26588769
26595527
26652902
26677902
26685215
26690546
26714749
26730572
26741853
26759940
26771716
26774155
26828990
26861625
26871934
26883408
26910110
26960431
26986210
27009634
27025256
27090615
27100206
27101368
27163259
27166195
27170637
27211815
27226901
27239332
27259234
27285764
27297568
27307074
27355194
27371320
27378523
27384249
27447597
27449088
27465546
27470679
27475256
27529512
27622654
27629878
27706738
27819669
27831832
27860401
27863047
28024230
28031483
28039837
28056778
28183764
28215542
28253714
28368432
28376145
28402259
28430399
28665315
28701787
28723151
28760857
28790888
28833099
28918029
28926061
29032312
29033307
29044141
29063678
29088865
29118189
29137354
29144137
29175378
29198777
29203878
29229598
29253178
29254203
29323532
29328425
29330290
29345391
29363574
29373224
29445034
29470540
29482572
29507054
29511348
29514916
29567075
29570358
29665367
29682280
29708285
29720484
29744291
29753773
29764937
29782647
29853338
29896817
29909278
29966874
30035169
30091915
30106443
30145203
30196178
30197029
30237499
30286765
30300385
30423939
30457710
30472117
30570821
30573684
30653304
30675171
30682722
30685646
30772267
30842588
30843759
30947664
30976006
31038080
31073569
31100592
31145809
31155560
31164422
31223310
31223614
31250757
31252023
31267714
31272794
31350280
31431461
31451657
31503005
31513938
31556459
31582414
31649026
31692040
31704972
31731257
31740384
31760818
31804459
31828762
31832188
31839441
31889491
31897127
31936152
31964753
31996688
32032659
32036696
32045367
32088186
32123579
32152120
32213082
32259055
32317145
32361064
32362218
32368395
32373965
32393270
32415712
32423798
32485047
32490171
32494624
32518621
32522063
32529639
32538752
32543655
32554049
32622365
32632292
32691623
32699532
32744246
32765074
32770827
32781747
32819570
32831516
32866786
32930901
32992673
33015044
33049687
33075054
33098638
33116269
33147476
33152268
33158998
33159003
33176966
33190579
33260316
33277443
33298132
33300064
33327806
33334026
33335646
33356836
33390512
33414171
33450548
33466812
33477856
33484942
33503433
33516252
33526892
33541412
33550184
33574763
33579185
33611192
33628597
33640611
33663368
33664520
33668805
33669811
33671248
33683365
33684714
33711765
33714986
33727089
33782497
33784602
33794722
33858315
33949282
33965780
34002296
34026327
34048990
34099663
34110834
34112754
34130570
34156324
34206976
34230455
34243605
34284793
34365938
34407842
34409029
34465787
34506738
34520734
34560429
34604215
34612580
34619160
34630697
34632667
34658297
34676031
34688130
34692254
34708431
34737140
34769201
34791227
34880385
34901021
34906055
35007168
35035703
35039060
35045293
35053380
35115540
35139719
35148460
35181784
35183683
35205737
35220623
35246013
35254208
35319392
35377976
35423292
35430569
35470754
35583393
35592410
35595767
35598793
35623140
35634959
35636125
35702208
35718977
35732608
35801486
35809563
35815597
35843311
35887396
35892231
35955918
36007335
36009559
36015154
36031658
36041702
36050637
36054949
36065423
36067171
36084389
36093042
36153348
36161883
36175617
36207346
36235266
36300512
36305769
36311033
36327092
36342274
36385925
36575184
36580233
36655391
36701569
36702435
36706608
36724382
36824443
36923916
36927308
36942258
36952545
36961375
36993620
37012388
37049714
37060933
37122549
37168332
37170788
37191966
37203327
37228089
37267950
37270540
37348327
37349644
37391048
37400515
37423554
37428633
37442643
37467621
37519629
37546989
37563111
37579621
37611530
37687256
37734566
37736184
37752122
37790340
37792124
37936247
37955924
37994663
38002019
38004458
38031910
38047585
38147786
38230772
38297099
38338471
38342564
38342795
38352340
38365746
38387396
38419305
38426558
38431228
38453745
38462150
38487783
38512672
38532893
38547721
38565412
38608999
38612869
38696844
38703777
38732271
38780470
38787638
38794229
38818077
38838507
38856753
38873551
38896936
38963721
38964206
38994606
39007277
39015280
39041665
39113611
39122719
39149093
39219431
39231318
39233923
39258309
39272187
39294320
39326340
39376524
39467111
39469865
39479486
39521795
39521813
39551106
39605351
39609491
39716890
39732571
39733900
39736372
39745279
39753189
39755818
39770509
39772543
39781710
39804540
39811118
39811424
39818199
39890198
39916437
39924553
39945638
39945650
39967632
39990340
39999107
40005944
40034037
40057135
40076766
40079180
40107208
