1423597
7478527
7478535
7488122
7499834
7566978
7585516
7586159
7630405
7640224
7652577
7664838
7738717
7739541
7739547
7739548
7759865
7806527
7851794
7862452
7889533
7935441
7954404
7987821
8044775
8058330
8139570
8175758
8217195
8221695
8259215
8275715
8302605
8360268
8402878
8449399
8528263
8543804
8562472
8573142
8611425
8612584
8619859
8621248
8633069
8651753
8666233
8674031
8694794
8703009
8710906
8741839
8746340
8760309
8806696
8811128
8833883
8838866
8847566
8876283
8898364
8912848
8920673
8930898
8940249
8946207
8968104
8988060
8999999
9001421
9003781
9036865
9042862
9099745
9111314
9144426
9150368
9176387
9178893
9190208
9209282
9228064
9244353
9251020
9271411
9290582
9291427
9311594
9315096
9325318
9349504
9355972
9369432
9372967
9377562
9380698
9399649
9404701
9414383
9416844
9425228
9437433
9438420
9574917
9600204
9635861
9683804
9703873
9712735
9713346
9721866
9723034
9724087
9751261
9756886
9772286
9774675
9784425
9806153
9814965
9814966
9815774
9823309
9824096
9837900
9851251
9851971
9865921
9881698
9916925
9918776
9918914
9935200
9989806
9989829
10022835
10022885
10022912
10069453
10101594
10192445
10203608
10235368
10318807
10319860
10323080
10325446
10329038
10373516
10380935
10390005
10390011
10398121
10398427
10403846
10465111
10475236
10488417
10490638
10502725
10526130
10580009
10585273
10587703
10597234
10619197
10623629
10623751
10625738
10632354
10640976
10681785
10688915
10694439
10698514
10702611
10703944
10712520
10713676
10713702
10727978
10732752
10733595
10755400
10775192
10797439
10820194
10847487
10851069
10860833
10861313
10884881
10899671
10911949
10915795
10918579
10970847
10970848
10973796
10973815
10987867
11016654
11046139
11063650
11073976
11120786
11154267
11172613
11243640
11243864
11254678
11278443
11279133
11299766
11311493
11314534
11332612
11335721
11377231
11400112
11426564
11432803
11448948
11466616
11481417
11505267
11556834
11591175
11606789
11668523
11684017
11723444
11726500
11741479
11741480
11741909
11749960
11756559
11779854
11790141
11798599
11801559
11828258
11857076
11867521
11880344
11889462
11900540
11967154
11971182
12047228
12052892
12070150
12082615
12097586
12126957
12130539
12163013
12163365
12175345
12212108
12357246
12401721
12435633
12437373
12470986
12483537
12529334
12539309
12545164
12565795
12566456
12566532
12581422
12586062
12614625
12657252
12657588
12680219
12695650
12730225
12730677
12731669
12736710
12747007
12747775
12781329
12796485
12824014
12832791
12917627
12939297
12955883
13679319
14517297
14522882
14552791
14562378
14583612
14586645
14597415
14627982
14639603
14645251
14646596
14647432
14648178
14653954
14670612
14672406
14694185
14694526
14701845
14710852
14726699
14754892
14960270
14960278
15024701
15044855
15104433
15122585
15123247
15127614
15161057
15169919
15208653
15221443
15221942
15254233
15278142
15298346
15315761
15371458
15456744
15505422
15505811
15514060
15543620
15547691
15620145
15663508
15692573
15699216
15735718
15738651
15753637
15781632
15809340
15867383
15880589
15897859
15928671
15928920
15955655
16024155
16027075
16049960
16075305
16108056
16125882
16160477
16164752
16201750
16213226
16246267
16294008
16314743
16319987
16370310
16373706
16400524
16410729
16413464
16413469
16419059
16428455
16476733
16493461
16508961
16551063
16582602
16601140
16613857
16678773
16681978
16682184
16690963
16704435
16707369
16713571
16730350
16750360
16758952
16759374
16782056
16782892
16816972
16877364
16890327
16892371
16913845
16938516
16949366
17072968
17092340
17139501
17214366
17219965
17223014
17253961
17254021
17261172
17268643
17304504
17317855
17374178
17420273
17470365
17505264
17525529
17530187
17535444
17537993
17556661
17559898
17635516
17664862
17881001
17892862
17894419
17895748
17908796
17909018
17923872
17927510
17942901
18023021
18082050
18172308
18191580
18202766
18214854
18311721
18353414
18363633
18383817
18413728
18414028
18445009
18468903
18478976
18494457
18564835
18591257
18624751
18650093
18678431
18695886
18703151
18710949
18799615
18827403
18839518
19011513
19017637
19035289
19040567
19066132
19080374
19091560
19124461
19129496
19143767
19237555
19237565
19238106
19307310
19327170
19343564
19347879
19352455
19383288
19385066
19415719
19487459
19528450
19543928
19551155
19597485
19619530
19626636
19632122
19634152
19695727
19733543
19737942
19742324
19788533
19889545
19933848
19935879
19946100
19954867
19968499
20084282
20100483
20107323
20130454
20153225
20180048
20181095
20181929
20196171
20370706
20372067
20466002
20473330
20484410
20524038
20534551
20577054
20581865
20601938
20603602
20609353
20618617
20629968
20634902
20647754
20649939
20660182
20668098
20703096
20713460
20842456
20874005
20923449
20951943
21053367
21062975
21077851
21084836
21085193
21099295
21136936
21150327
21187034
21200143
21207411
21234300
21239878
21278246
21288356
21314641
21317707
21325289
21336260
21398050
21412176
21426400
21477379
21478679
21482697
21490060
21490680
21617218
21628965
21710107
21715330
21777578
21792898
21798090
21801156
21844184
21910158
22012075
22094256
22102824
22198089
22275109
22285700
22293404
22301498
22301501
22322893
22326754
22373529
22383795
22443811
22508966
22532528
22539677
22659879
22711607
22718837
22733811
22742762
22751436
22761470
22767154
22802137
22869556
22905154
22932448
23079656
23174577
23242428
23261434
23263360
23292829
23333330
23336272
23345014
23384855
23420090
23429262
23462184
23481641
23529275
23530816
23538902
23546221
23552696
23563596
23569312
23569384
23622515
23634254
23676220
23684928
23685568
23707559
23724991
23737759
23761023
23776583
23792647
23827822
23839043
23852861
23886499
23974099
24045179
24065146
24089445
24098593
24114697
24122012
24168228
24227706
24250202
24256466
24289491
24334079
24338822
24348783
24406431
24417566
24444383
24464915
24495407
24496383
24505359
24526162
24531709
24553120
24604117
24614102
24641103
24649026
24700371
24708911
24735377
24751144
24788530
24795392
24797605
24799665
24835790
24870244
24900493
24919854
24965044
24974983
24986516
25006666
25026206
25028469
25109634
25121597
25122067
25156567
25157181
25189115
25189354
25206307
25221644
25234309
25241353
25301361
25326874
25348738
25368960
25377796
25457990
25486476
25486477
25487917
25524801
25562820
25578653
25616574
25679065
25680902
25695870
25721671
25731732
25740728
25744718
25787093
25790252
25803170
25810375
25848011
25850040
25852058
25876993
25941111
25950473
25989653
25991817
26053278
26110554
26122184
26123925
26149830
26150472
26158861
26174628
26183925
26201960
26219626
26225123
26229583
26236140
26252490
26264704
26306734
26313366
26318986
26328271
26336885
26337082
26369631
26380006
26383521
26390342
26416047
26418250
26497080
26509911
26528855
26542423
26554657
26637365
26649278
26657864
26658964
26658992
26680790
26697514
26708114
26726315
26731561
26735582
26744345
26804906
26816597
26826116
26873845
26879465
26883408
26909611
26918449
26946188
26977873
26977878
26988987
26993269
26993784
27003154
27012828
27017286
27020493
27020857
27030077
27049724
27062827
27092341
27124835
27167191
27192561
27203461
27206849
27217383
27247259
27256046
27260126
27277757
27286459
27313785
27322766
27323123
27339980
27370397
27371575
27373160
27391058
27391794
27429659
27431575
27451945
27470575
27484146
27488531
27493615
27493616
27508976
27532423
27564114
27597521
27662657
27670681
27698190
27701148
27708221
27729458
27748766
27758739
27759034
27775790
27778364
27806323
27815686
27849562
27894668
27926798
27931240
27959592
27986745
28039358
28039467
28042499
28042706
28057692
28059068
28067227
28092667
28095789
28151717
28192398
28197838
28209757
28243976
28249908
28259910
28286417
28293391
28303264
28325261
28356596
28359238
28368408
28377359
28403773
28418845
28432176
28438180
28446612
28446688
28453226
28459468
28459517
28477272
28479958
28486050
28486460
28516152
28521250
28526299
28530267
28533223
28553955
28559771
28566333
28578693
28594259
28606920
28618307
28619757
28620137
28626036
28628091
28629371
28637687
28653662
28670390
28685610
28704762
28760782
28795589
28800319
28801307
28813415
28814434
28829945
28830923
28833099
28848657
28860413
28861165
28864481
28866094
28888575
28903422
28915557
28926061
28947417
28961554
28975985
28978620
28991877
28992327
29024678
29027483
29053957
29059158
29061672
29080858
29101163
29104897
29115564
29121869
29124743
29150788
29153098
29153893
29157111
29160310
29194728
29225033
29228296
29232286
29232548
29232554
29234248
29234249
29236235
29245989
29247857
29267381
29283884
29288563
29298515
29306194
29309421
29330290
29335521
29365412
29392622
29399694
29404388
29408328
29415991
29437706
29441600
29452249
29459274
29477843
29483206
29486476
29496664
29496665
29497278
29518312
29539425
29565477
29570951
29581135
29587820
29644000
29669860
29716919
29729292
29729807
29731395
29739788
29748845
29755284
29768351
29774366
29789718
29804650
29844123
29847850
29851371
29852762
29868122
29904623
29923236
29933034
29934327
29935356
29935900
29935901
29951582
29956794
29963233
30012858
30018827
30035169
30038670
30043639
30054831
30061045
30084835
30089269
30093452
30099886
30115629
30125344
30135075
30143968
30165341
30167331
30180747
30180865
30190853
30191474
30193733
30202447
30206211
30219673
30224338
30225752
30242024
30252584
30254182
30254491
30263936
30271501
30287548
30288929
30288930
30301939
30304385
30334242
30344934
30359883
30360668
30385657
30389903
30397176
30401694
30405888
30414346
30458732
30478914
30479671
30484892
30485818
30510016
30512986
30513513
30536727
30537512
30541316
30542378
30556417
30558440
30563933
30574210
30597675
30607633
30608416
30609388
30619511
30627319
30642631
30647837
30655555
30665142
30677445
30677545
30684532
30685576
30692100
30696953
30700828
30701029
30701428
30711949
30714150
30718506
30718512
30731015
30758029
30770369
30770490
30774754
30787131
30804704
30819666
30826331
30833638
30837298
30840889
30847853
30858922
30874462
30899002
30914635
30919166
30920879
30941621
30949979
30959874
30962965
30973271
30979685
30982746
31056462
31079218
31097409
31101994
31109436
31119047
31145104
31145688
31145809
31160689
31171890
31172614
31178407
31179740
31190865
31199581
31207004
31209549
31211239
31217276
31264276
31270456
31271827
31296956
31307887
31322047
31326397
31331377
31339188
31346846
31362042
31375512
31382120
31395606
31395685
31396487
31399936
31413145
31424939
31426542
31429774
31439820
31444334
31450618
31451564
31452841
31456944
31465770
31481582
31494036
31504118
31506466
31512803
31530780
31543423
31544588
31548560
31555743
31560580
31566017
31566058
31575504
31575731
31588803
31594766
31600301
31603118
31605029
31628435
31647925
31652270
31669217
31671026
31690650
31692881
31695840
31706687
31718293
31727874
31733156
31737208
31745297
31747859
31756773
31761618
31780054
31780379
31798393
31798870
31798979
31815009
31823286
31828901
31832106
31843982
31849147
31852484
31859246
31859247
31862778
31875860
31878959
31879047
31891587
31898689
31900844
31905669
31908479
31908900
31909732
31919718
31934037
31934118
31949777
31954330
31963499
31988233
32026294
32032891
32064165
32068118
32086342
32088132
32094403
32096766
32102134
32102502
32102537
32104498
32109375
32114387
32130619
32135114
32135115
32156473
32162057
32164162
32167397
32178875
32183946
32195970
32197329
32198354
32207169
32221274
32245900
32249776
32255427
32256106
32277580
32283231
32289274
32294430
32296027
32297248
32306906
32312807
32329817
32345450
32346298
32353343
32357912
32373071
32373958
32382111
32391118
32393270
32393766
32397800
32400188
32407488
32415339
32418994
32421454
32430489
32432028
32446293
32446638
32488085
32504067
32508030
32523378
32524755
32541838
32544344
32546660
32560251
32572801
32572878
32576084
32582559
32582803
32593094
32606801
32610575
32614252
32616042
32623316
32626773
32640213
32640856
32641004
32657019
32661093
32662822
32666227
32669921
32677256
32696319
32701505
32704543
32704608
32708306
32708403
32712436
32723562
32742488
32757426
32781837
32783046
32784518
32787886
32792963
32793389
32793730
32795346
32799335
32805138
32817060
32831516
32842890
32843618
32855282
32860670
32863875
32877917
32882980
32883002
32898333
32899866
32905496
32913049
32929370
32933570
32952670
32954928
32956934
32958271
32963945
32967938
32982409
32987196
33004541
33014527
33039146
33048125
33049208
33049397
33052073
33060611
33067952
33068248
33072590
33078086
33082317
33090337
33092944
33116117
33116629
33127671
33144339
33159003
33177241
33177814
33193875
33203686
33230905
33233970
33235325
33255177
33260316
33264486
33271970
33288563
33289260
33292236
33293428
33300617
33303574
33309572
33313083
33323381
33330073
33336721
33353034
33360919
33364954
33369721
33372040
33374971
33399079
33413981
33414137
33419772
33427211
33453094
33460573
33463472
33476305
33477469
33495311
33499776
33506626
33525102
33530456
33532179
33535617
33536276
33536433
33550433
33552665
33572972
33574763
33579347
33629301
33630417
33630669
33647744
33662161
33662498
33663223
33676183
33676835
33677841
33681142
33683521
33689138
33689702
33722206
33722897
33727089
33732653
33735107
33743330
33748010
33757987
33761455
33767584
33776424
33782031
33787984
33789967
33791147
33794206
33797827
33803309
33806417
33806615
33807122
33811164
33815595
33816692
33826903
33831689
33832512
33857728
33865884
33878394
33884103
33885378
33886387
33902203
33902205
33910831
33919867
33923563
33941591
33968776
33976551
33982769
33990344
33995474
33995631
33997789
34001634
34012366
34022133
34025662
34036394
34047239
34063946
34071228
34072070
34087775
34094975
34098827
34099663
34104540
34107710
34108622
34109484
34138895
34145216
34145976
34157303
34158347
34161761
34176251
34181796
34198899
34204543
34204797
34210159
34230123
34234565
34237967
34271137
34271289
34277427
34282211
34297598
34308518
34309585
34312131
34327137
34327891
34335258
34340816
34345161
34350900
34376578
34385584
34389638
34395246
34395284
34422248
34422318
34429772
34430715
34433817
34434271
34439268
34439951
34445095
34459131
34470810
34481366
34485433
34496285
34506738
34508104
34522712
34531405
34535948
34544752
34554584
34556423
34558987
34568836
34588615
34593430
34596822
34607757
34631586
34639444
34639446
34641869
34649150
34655298
34665067
34670329
34686682
34712959
34722778
34725098
34735543
34740541
34750558
34761877
34764640
34771560
34792704
34804982
34828525
34830174
34848192
34849618
34853070
34864350
34885105
34890965
34893606
34902213
34906858
34911915
34913830
34921024
34921235
34930213
34930649
34932500
34937317
34944961
34954522
34959221
34977868
34985783
34997364
35002243
35005994
35014620
35018216
35021603
35025636
35037284
35058607
35068503
35070121
35075231
35080986
35082402
35093641
35095879
35100715
35100720
35108033
35112712
35114114
35115094
35121110
35121894
35121999
35135362
35137602
35140316
35147042
35149086
35149588
35156716
35176163
35180487
35180490
35199096
35201661
35220309
35220546
35223478
35248122
35251463
35254385
35257075
35264774
35270034
35272144
35280368
35282060
35301407
35303521
35304445
35304604
35319159
35319392
35321498
35327487
35330128
35349366
35355705
35368029
35373278
35383224
35395071
35422963
35427077
35431540
35444175
35447031
35463324
35477069
35477252
35479314
35479560
35494047
35499168
35513704
35520551
35535229
35535675
35538026
35546651
35552450
35558606
35562811
35583555
35621970
35633421
35635717
35636793
35637251
35641154
35656884
35664774
35666660
35667300
35671543
35686110
35702078
35711853
35712501
35730565
35733554
35775487
35784555
35786092
35792620
35804842
35814226
35814832
35817775
35820086
35843546
35845723
35859155
35870089
35880418
35891353
35892870
35913398
35917055
35917168
35919992
35933565
35936714
35941537
35942220
35948546
35957944
35982377
35993718
36003783
36030016
36042494
36043521
36050637
36051751
36060026
36060981
36070391
36071033
36084548
36087247
36091147
36096998
36116546
36118250
36119484
36130661
36135204
36153348
36172919
36175617
36176758
36185294
36185355
36186151
36191999
36192009
36207346
36243313
36244542
36257536
36291780
36315915
36346366
36349599
36350721
36373891
36375386
36376284
36399634
36399953
36408174
36446794
36453028
36477027
36497412
36498861
36505864
36528759
36530984
36547170
36548336
36562384
36570409
36575782
36577758
36595763
36603395
36609900
36617978
36620595
36628219
36628851
36631500
36635998
36637424
36642705
36648148
36652666
36657708
36688919
36693175
36700826
36703094
36704980
36710654
36716534
36719686
36728357
36729405
36733112
36744210
36760031
36760039
36765430
36765923
36769158
36778419
36792625
36797347
36806814
36806942
36808524
36813612
36825764
36831647
36852326
36871040
36876172
36881272
36890610
36892582
36900131
36907286
36915230
36919703
36920662
36920905
36938944
36945886
36949066
36978197
36980649
36980794
36982482
36985460
37011445
37011871
37016649
37026029
37035239
37046664
37046675
37056831
37061331
37063263
37069173
37074587
37080859
37082695
37090582
37101393
37105116
37108696
37127652
37129951
37131684
37132584
37132760
37133743
37157005
37160904
37173384
37182667
37185034
37190140
37198053
37230537
37230983
37240281
37257192
37258566
37265106
37266562
37272756
37276679
37278298
37293258
37296790
37298855
37305398
37310540
37314645
37322831
37326340
37329428
37330596
37343321
37344103
37366898
37369022
37369460
37373242
37378079
37381597
37395281
37406085
37407814
37408419
37410426
37416266
37423554
37424386
37434680
37444415
37444496
37445805
37446710
37451269
37452037
37454444
37460715
37470887
37477144
37486454
37500128
37502925
37511548
37527040
37529897
37536378
37567880
37567972
37578747
37584881
37593626
37605570
37611074
37615687
37644396
37653504
37657471
37657472
37675539
37682937
37684290
37684532
37686364
37686402
37690320
37690666
37690667
37694982
37701962
37702298
37704753
37712417
37722992
37723960
37725704
37734262
37736171
37759823
37760527
37775726
37779425
37781081
37783318
37790340
37800838
37801505
37802538
37804924
37809574
37817078
37833461
37835528
37838584
37841752
37854019
37865915
37870748
37875500
37886029
37886470
37893081
37893220
37895811
37907262
37914699
37917641
37919169
37927591
37942358
37946508
37949681
37952893
37955182
37958338
37964967
37977118
37982827
37986787
37989811
37991653
37994878
38000020
38003483
38009308
38017459
38025818
38030174
38030655
38034323
38037159
38040730
38045274
38054226
38066089
38073225
38082107
38090281
38099834
38102891
38110309
38112295
38130467
38135020
38138549
38142701
38143481
38147481
38148114
38173534
38174658
38175669
38192142
38206533
38231074
38240835
38244190
38245458
38247075
38248101
38262581
38277141
38288438
38293701
38302240
38303098
38304907
38314676
38319645
38321933
38326452
38355149
38360887
38364774
38374014
38378843
38388477
38388849
38389643
38396273
38403110
38404986
38409585
38413796
38420288
38423629
38424044
38425459
38438376
38442920
38443662
38447357
38449417
38468431
38479445
38480513
38480701
38482864
38507743
38519708
38520914
38528618
38540112
38579012
38583181
38588409
38600093
38600865
38601755
38604898
38617842
38619193
38622197
38633610
38668064
38670537
38679315
38687407
38690594
38696576
38703285
38703777
38707417
38713311
38714024
38715458
38718141
38726124
38729306
38730702
38730711
38732173
38735381
38746220
38746324
38751470
38751525
38751545
38756697
38761788
38764294
38775179
38778166
38781103
38783095
38783218
38788968
38807144
38815172
38815797
38817598
38818077
38819400
38823385
38824222
38832268
38838401
38854937
38858546
38861362
38861871
38867223
38879437
38883740
38886784
38889643
38890443
38894920
38902716
38908542
38922642
38924839
38927874
38927958
38943828
38944255
38954773
38957406
38959677
38961064
38961854
38967983
38974895
38978241
38979260
38990915
38999983
39002122
39011477
39011505
39011556
39013131
39020297
39021492
39023284
39024113
39026843
39048261
39054369
39060086
39070363
39083396
39084139
39087955
39087959
39090361
39100843
39103896
39104616
39105991
39110652
39114308
39114502
39121881
39122510
39123221
39123441
39128978
39133334
39136283
39145064
39148328
39153252
39153367
39155374
39161904
39161906
39162654
39169295
39177933
39196911
39199640
39199665
39207668
39218249
39218402
39225211
39238305
39244005
39254653
39262004
39266905
39267478
39267829
39271490
39278979
39294027
39298716
39303175
39303197
39305463
39322633
39329126
39338149
39345487
39345505
39347707
39349844
39366949
39368400
39371618
39373732
39376495
39380239
39386840
39393354
39413680
39424631
39425174
39426133
39431459
39433229
39437014
39447792
39449657
39456537
39457497
39461947
39464426
39464575
39472269
39499997
39500869
39516080
39516687
39532066
39534583
39535850
39548257
39572000
39574032
39574120
39582167
39586283
39589751
39591896
39593745
39603379
39604725
39605351
39616836
39637900
39643799
39650055
39656925
39657117
39662449
39665873
39667501
39672916
39677112
39685899
39686815
39689274
39691590
39693591
39695060
39707711
39711960
39718288
39720971
39730704
39731909
39732088
39732089
39736579
39736618
39745840
39749028
39754249
39754579
39754979
39760276
39766078
39769028
39779447
39788939
39791215
39797256
39797932
39806941
39809868
39809926
39812054
39817247
39818958
39820840
39821039
39826385
39826695
39827487
39843429
39851968
39851969
39870170
39874900
39875975
39880556
39880705
39881422
39881962
39885369
39915434
39930131
39930149
39930269
39931212
39935426
39937190
39940918
39941794
39945599
39948552
39955556
39957041
39958899
39960238
39968498
39973332
39982725
39982731
39992682
39994486
39997162
40000765
40001186
40002156
40002286
40005476
40010764
40011574
40014200
40038413
40060625
40068591
40068598
40069371
40075608
40075666
40075731
40081120
40082241
40092791
40093074
40101452
40110580
