7536802
7553915
7592534
7592934
7662893
7738023
7805863
7834371
7957957
8143878
8175758
8253190
8275715
8282104
8576150
8622924
8662984
8673024
8702879
8750877
8799843
8846918
8887677
8891282
8896840
8930898
8931481
8939471
9010203
9030781
9038181
9044056
9059986
9097032
9139676
9191048
9216066
9274831
9313898
9375376
9378721
9407321
9442078
9552397
9581970
9655938
9666145
9727024
9744280
9756618
9822744
9825944
9837783
9878533
10049569
10049762
10066770
10100871
10362524
10407039
10495426
10526177
10526312
10544291
10554988
10579588
10588725
10599848
10604467
10604473
10620662
10683146
10706614
10721722
10753743
10762698
10797574
10799694
10801432
10837225
10857192
10896159
10903889
10915792
10923673
10959488
11013232
11036605
11054815
11086171
11113134
11162238
11162625
11163260
11168528
11181841
11228158
11248668
11248669
11248670
11262183
11268215
11276216
11276227
11278334
11320080
11331872
11343650
11432802
11437375
11449683
11464850
11583627
11584302
11604388
11604394
11684694
11741704
11741927
11743029
11801324
11813240
11816025
11854007
11865137
11882646
11893918
11909854
11923424
11955625
11973352
12064478
12065642
12065673
12071639
12074548
12084709
12112670
12123804
12125077
12147310
12151531
12200628
12226093
12230554
12372285
12387894
12393264
12408843
12428753
12446973
12496365
12540052
12577309
12637947
12684868
12688339
12691662
12719630
12737517
12765608
12769842
12801906
12826674
12832492
12855954
12859671
12860412
12894171
12941275
12963086
14502288
14504464
14505655
14521924
14572469
14581463
14586172
14623869
14627648
14638853
14642273
14651959
14663200
14664814
14673202
14673204
14673205
14673206
14673207
14673209
14673210
14673211
14683465
14695817
14712065
14729173
14741103
14743398
14762105
15006135
15013773
15023356
15023357
15024070
15043421
15051507
15055521
15066157
15067135
15123618
15127598
15135175
15135890
15152189
15194121
15208659
15280426
15301735
15331630
15342635
15350898
15351445
15369765
15447670
15489224
15492003
15536496
15542734
15592431
15659113
15659224
15676027
15689152
15712243
15715081
15728359
15741232
15790566
15816873
15836929
15838870
15845356
15911879
15912127
15944126
15975083
15992363
16012757
16021178
16029324
16039528
16124414
16155576
16327995
16341208
16389288
16407256
16407541
16410749
16469730
16499562
16552189
16600851
16678793
16766706
16818492
16879821
16899035
16925597
16932754
16962740
16987246
16996690
17003520
17009320
17036052
17060323
17078951
17081516
17108320
17113760
17116346
17121546
17121855
17143272
17145757
17150266
17160145
17208451
17209049
17276406
17295212
17339080
17341134
17360491
17368005
17394551
17405809
17419807
17451378
17491008
17492640
17496813
17498664
17507397
17526058
17566644
17571276
17581253
17591690
17597494
17610816
17619233
17632506
17671990
17680003
17680714
17697781
17699587
17709247
17762160
17854513
17868322
17932412
17944229
17977053
17979810
18032670
18042622
18054859
18082850
18183483
18184784
18202185
18220519
18289510
18325333
18326489
18341989
18351461
18385789
18397603
18406108
18408012
18460467
18480410
18487454
18490454
18491313
18498738
18550843
18588979
18616564
18618229
18625302
18628310
18636751
18662245
18682498
18691386
18701695
18722528
18753376
18784888
18818692
18838073
18930955
18948125
18948252
18991853
18998770
19001851
19017796
19017804
19037081
19067160
19075597
19081365
19081376
19118186
19141975
19151707
19156541
19158430
19158499
19183260
19255425
19263480
19295160
19304511
19326393
19343042
19363486
19442718
19455415
19514264
19514265
19514266
19514267
19514268
19514269
19521544
19531642
19534817
19544209
19591849
19615060
19630209
19693690
19700222
19729834
19764350
19782409
19782753
19812325
19822667
19855173
19864130
19895631
19960242
19965374
20013135
20061803
20076698
20081373
20097924
20130526
20133653
20153752
20181942
20189989
20190570
20198710
20200223
20213743
20234188
20345761
20354813
20392944
20404535
20422042
20463173
20473298
20476644
20484029
20491486
20495369
20504213
20516069
20534669
20553326
20573893
20651683
20673369
20685978
20703088
20711428
20720012
20724832
20826311
20830735
20839922
20886068
20962218
20976519
20977891
20980593
21130128
21144757
21145377
21145489
21161138
21209322
21210220
21238494
21243427
21253436
21289309
21338355
21346193
21353545
21368891
21385901
21389115
21415596
21417003
21420204
21435449
21442427
21465480
21473899
21475932
21476938
21482799
21499257
21517148
21544067
21554958
21600237
21626886
21641213
21668448
21677377
21681968
21681969
21682945
21712386
21727086
21736731
21741478
21756775
21772061
21775591
21829588
21844361
21890215
21892191
21924349
21940452
21944720
21984943
22049418
22094329
22114287
22189166
22220831
22223639
22228754
22234985
22262900
22354809
22388889
22398430
22422838
22451679
22467861
22493884
22510567
22537847
22547140
22561406
22573681
22614921
22622087
22654103
22696682
22737920
22778260
22795893
22801079
22829587
22844662
22870316
22874667
22889803
22898304
22899714
22922378
22987154
23022559
23038754
23048041
23064382
23103993
23123677
23142263
23151508
23153991
23156734
23164613
23218601
23283346
23304206
23362255
23377270
23415811
23416045
23420105
23477782
23525963
23602570
23645679
23668392
23688022
23699505
23728742
23759582
23762397
23762958
23776568
23786497
23850563
23927974
23979715
23982957
23991155
24039692
24085300
24091658
24098701
24121667
24135281
24142862
24189275
24234032
24235147
24326517
24353748
24391960
24448753
24465591
24481447
24495352
24497730
24498195
24548080
24550687
24555476
24607229
24641850
24658276
24659417
24675881
24703879
24755075
24768698
24792712
24793883
24802945
24822036
24844647
24851929
24872417
24872548
24877974
24879856
24880860
24904280
24917152
24920629
24976438
24999027
25012575
25055140
25076872
25078650
25096995
25100724
25104559
25128817
25142337
25150199
25183872
25189171
25206495
25234403
25243109
25246152
25279694
25309427
25331900
25359615
25364642
25385071
25404232
25409143
25417143
25438765
25452387
25465240
25500740
25511641
25533468
25560765
25609191
25665755
25673854
25760044
25760945
25785643
25807947
25819553
25827073
25829494
25843720
25846820
25864429
25865311
25900242
25903132
25909891
25928429
25952543
25959509
25995364
26002103
26027726
26045498
26047365
26088971
26093036
26104286
26118667
26143143
26146988
26160434
26166569
26179626
26206088
26206584
26227906
26237679
26248414
26268594
26292069
26310376
26317805
26327394
26339373
26376455
26394609
26399293
26400044
26400944
26444778
26464264
26469698
26503494
26558783
26601962
26602020
26631721
26657932
26658992
26690371
26692451
26698249
26755662
26795482
26819770
26853432
26860827
26902776
26930193
26944284
26961960
27012722
27019296
27027223
27053712
27087442
27122028
27145370
27273428
27295860
27316643
27326247
27346674
27365229
27371933
27383006
27387995
27443506
27461471
27463676
27479491
27480591
27481520
27486045
27506619
27540989
27542341
27549397
27567857
27630261
27651795
27713298
27721478
27735944
27744570
27807169
27909065
27917404
28045138
28066692
28077789
28085018
28112194
28123016
28153522
28157684
28179579
28222068
28242758
28254431
28288624
28289693
28294125
28298385
28316897
28320860
28323497
28373767
28420695
28444183
28477132
28502042
28528366
28553339
28559121
28589675
28627448
28648896
28674940
28714390
28717189
28720653
28751497
28760951
28779110
28785201
28843827
28854363
28868329
28912154
28919853
28941293
28956329
28986398
29031852
29076761
29078422
29141245
29158185
29207020
29225566
29227247
29288339
29308980
29312535
29345339
29348461
29376562
29449830
29467671
29469033
29564811
29571672
29571747
29572554
29705343
29729246
29742423
29782227
29856575
29881943
29890311
29910724
29944965
29948941
30035173
30040488
30079618
30118657
30143782
30158515
30187339
30199253
30206770
30264169
30335244
30338754
30410599
30431123
30452955
30537069
30562750
30605670
30621723
30651536
30661667
30709918
30770557
30773488
30856110
30875016
30911317
31013770
31028828
31068217
31073393
31076103
31080913
31098000
31137734
31156174
31163256
31174206
31186372
31187143
31189016
31189758
31256130
31272499
31279631
31308800
31314915
31319193
31327290
31345147
31352739
31354714
31363080
31371703
31395805
31403945
31439587
31467029
31488827
31496920
31534152
31595208
31614664
31687929
31698798
31699822
31744861
31754658
31786229
31787240
31807777
31820699
31884068
31910742
31934303
31950315
31983427
31995153
32016637
32024968
32082979
32097629
32144981
32144987
32190166
32236619
32273484
32278051
32286796
32307720
32310180
32379380
32407930
32415712
32482054
32550230
32571373
32596392
32660255
32666227
32670025
32705526
32708903
32755041
32788233
32883957
32903692
32974274
33016916
33023330
33042470
33098871
33127972
33131696
33186609
33240752
33396266
33408612
33422538
33423166
33445784
33476635
33488528
33548343
33671094
33783711
33798451
33838288
33841641
33893293
33924599
33960694
33989920
33990543
34001214
34025263
34093802
34107260
34130052
34156588
34164484
34168501
34207842
34217817
34303780
34333365
34502552
34529316
34537209
34572114
34679246
34721291
34773219
34790098
34814918
34856907
34862365
34865281
34972631
35006426
35008611
35062998
35143203
35182267
35190642
35203613
35218707
35250301
35263573
35323171
35358667
35383146
35421092
35430389
35443760
35450368
35484559
35501719
35503584
35527277
35581583
35645825
35668915
35674931
35701839
35723394
35741379
35770064
35771127
35795154
35874807
35914445
35918012
35966199
35983935
36001172
36083519
36142566
36152679
36213244
36221038
36246507
36453392
36453545
36508924
36639893
36658700
36703741
36779015
36853485
36854738
36898255
36995937
37023949
37024096
37039746
37043533
37074084
37223477
37228089
37234044
37353944
37398342
37468304
37511490
37644892
37699715
37818084
37848102
37887415
37901140
37924385
37968421
37976261
37979890
37990321
37993880
38007240
38013469
38024857
38087140
38092158
38103224
38155529
38165434
38200156
38233378
38307563
38363020
38484904
38542432
38574695
38606319
38641599
38677614
38682237
38686637
38699595
38712268
38731841
38742811
38772138
38789892
38842132
38851263
38856024
38901526
38915521
38934222
38937422
38953497
38977865
39020088
39090354
39148280
39232161
39260336
39270994
39292114
39304713
39349423
39366214
39390372
39433564
39479522
39536992
39557830
39569019
39739588
39836243
39891095
39892097
39937180
39968698
