7478527
7499834
7739547
7739548
7759865
7882308
8001816
8114739
8302605
8633069
8710379
8741839
8840966
8898364
9102208
9151805
9251020
9332304
9367157
9482106
9652739
9751050
9751051
9927424
9973200
10207089
10373516
10384057
10475236
10514479
10555995
10733595
10777219
10879740
10884881
11056537
11089522
11278443
11297539
11360184
11374878
11420701
11526321
11593394
11739795
11804782
11828325
11854066
11930009
11940479
12437373
12490153
12592386
12786804
12833137
12900351
13679319
14647273
14694185
14724578
15176996
15254224
15315761
15504546
15738651
15795936
15809340
15841692
15870436
15878699
16096642
16115893
16294322
16314645
16410727
16410730
16508961
16767702
17420273
17431401
17909018
18048012
18183592
18406353
18497076
18504428
19040567
19139263
19145199
19435910
19487459
19501046
19833767
19955566
20086245
20180048
20331971
20333249
20404570
20501390
20618617
20668294
20833636
21300982
21319271
21508411
21665179
21789792
21803798
21810092
21948744
21956418
22088371
22476749
22683624
22718837
22736304
22761470
22893700
22983508
23103768
23127611
23178712
23178718
23220650
23622063
23624920
23644744
23676220
23710609
23803733
23892592
23918663
23948293
23948297
23950948
24009066
24026436
24045179
24069260
24161991
24169358
24196439
24369251
24423610
24510775
24606746
24610393
24647829
24726269
24736461
24764564
24953629
24970481
24993876
25015816
25057088
25138370
25157181
25202363
25342715
25425654
25483078
25486476
25554744
25577249
25664031
25689470
25704240
25721671
25817794
25889927
25929813
26104764
26137139
26149830
26264704
26278580
26314438
26315616
26396669
26494299
26500059
26542173
26542306
26658964
26692922
26699910
26707878
26707936
26822763
26908453
27059142
27099147
27107080
27217383
27230400
27252418
27323399
27484176
27490780
27505678
27532423
27559432
27568568
27573859
27687663
27748766
27794186
27864121
27874949
27878295
27915416
27959592
28051259
28068868
28193906
28255017
28286417
28526299
28533223
28587405
28607489
28621315
28634044
28778953
28990071
28991877
29023945
29108955
29150788
29179477
29202464
29232554
29233926
29283884
29357734
29365412
29408328
29436583
29523786
29570951
29693970
29699481
29728713
29899063
30003753
30093555
30123094
30138038
30166363
30205150
30261211
30262555
30263948
30275712
30317923
30362519
30385657
30466085
30483747
30498434
30515782
30515965
30518851
30519042
30530570
30551480
30563933
30595531
30635286
30733646
30776865
30829464
30844301
30858922
30865310
30873006
30884467
30935795
30935924
30982057
30993801
31047896
31059102
31111564
31128041
31157242
31172614
31173354
31190333
31243821
31271827
31306481
31315360
31330105
31373842
31462285
31544588
31561732
31596614
31599417
31601299
31632070
31754305
31761618
31812760
31832086
31889428
31916689
31930188
31949392
31954330
31966839
32040545
32047552
32128112
32145124
32184044
32218846
32240746
32260549
32266659
32277426
32294430
32310823
32344427
32353124
32355747
32373964
32376568
32385718
32406095
32422563
32486537
32524576
32544403
32584787
32606801
32614239
32621257
32623901
32649368
32698940
32747087
32747423
32754302
32781837
32782509
32800335
32810693
32820905
32827965
32855282
32860670
32877369
32889799
32911343
32934206
32943926
32991321
33014527
33067952
33073681
33073697
33112024
33133483
33134711
33179102
33188661
33205015
33277846
33284890
33314017
33342146
33380810
33415002
33537819
33575077
33586348
33589577
33597968
33599085
33629301
33659023
33794722
33813728
33824592
33880596
33890551
33917420
33976724
34015762
34058013
34088288
34116212
34145036
34167558
34215174
34248938
34308752
34312479
34322152
34415667
34445095
34514170
34568836
34572040
34573335
34652691
34725345
34730201
34733371
34734088
34775495
34796112
34802869
34804881
34805798
34816103
34818414
34857743
34890965
34921235
34958208
34959221
34989116
35018216
35025636
35030455
35046400
35050742
35064305
35066566
35117162
35152839
35167417
35178295
35180547
35182060
35197447
35241106
35304604
35326705
35352283
35379829
35395071
35459184
35463324
35486536
35530358
35535229
35548927
35571043
35616621
35670764
35681048
35704426
35780240
35804842
35919992
35921963
35929331
35934193
35939719
35941537
36017916
36048765
36050637
36111167
36272153
36285071
36342274
36457244
36619863
36743367
36755807
36781055
36819538
36882524
36884374
37000627
37023643
37081792
37102069
37158456
37272544
37294700
37379778
37388511
37416266
37433343
37515341
37551935
37664186
37727617
37744274
37745444
37816718
37833461
37872167
37950078
37975616
37983610
38022728
38037698
38127416
38174658
38212482
38316780
38378843
38422911
38426151
38434534
38455421
38577886
38626179
38641704
38661523
38684032
38707417
38893554
38943828
38945255
38954773
38964985
38978074
38990543
39034459
39039674
39081232
39107200
39242215
39266905
39284436
39310261
39313767
39434447
39437014
39487364
39495991
39575863
39636239
39846191
39874184
39885369
39898030
39934923
39940918
39953309
39966356
40072875
40076203
40083693
40093074
