7588631
8069918
8521393
8521818
8617234
8647086
8647641
9029154
9130709
9230306
9243502
9315098
9315650
9372954
9450924
9450931
9488463
9552366
9832506
10023686
10024882
10036778
10747025
10748061
10801852
10854062
10949034
10958787
11003668
11124424
11319144
11447116
11676600
12049628
12140753
12663041
12748294
12972606
14586172
15328539
15461668
15530371
15683999
15695176
16280550
16306619
16327805
16769902
17012222
17287831
17373709
17386261
17392431
17416350
17942543
18950027
18957166
19015234
19071173
19136461
19487459
19667075
19911397
19941161
20231280
20300654
21778139
22021906
22505032
22926559
22935708
23393140
23561625
23622515
23737759
23784961
24036541
24360962
24473091
24654280
25043025
25117707
25149277
25416950
25490451
25624324
25691663
25820824
26231705
26257281
26295956
26406377
26565382
27042010
27155449
27183194
27197304
27301701
27411104
27481515
27693251
27759017
27899423
28134252
28218232
28400279
28423697
28455421
28572168
28768201
29020632
29083085
29163040
29361561
29408204
29507396
29545334
29743242
29981747
30146162
30210638
30422115
30451989
30473182
30488763
30532595
30692639
30762924
30805632
30838525
30857869
30905681
30924726
30962695
31064851
31076643
31076964
31182587
31226310
31358538
31399555
31462705
31466944
31506280
31526394
31530935
31563021
31676563
31765738
31776040
31784510
31812697
31857346
31883968
31896688
31937612
32086952
32150405
32155786
32174795
32274304
32340192
32348731
32385714
32397800
32398735
32464595
32690037
32694828
33055219
33060135
33061613
33287368
33352782
33397398
33503275
33520367
33662259
33741425
33875483
33889549
33905040
33910002
34104229
34109118
34224696
34296805
34416166
34481843
34490348
34572383
34596127
34656135
34726887
34741018
35000145
35051528
35054996
35116400
35158760
35198433
35253392
35294049
35367753
35406486
35512686
35700828
35822558
35830858
35896549
35945614
36042349
36058938
36076237
36212402
36276757
36401094
36411529
36643464
36657437
36877894
36931035
36975020
37076563
37201585
37289477
37369156
37385987
37429520
37488191
37507802
37536559
37543274
37550302
37551745
37582812
37591314
37821774
37977119
38057328
38139252
38293462
38355840
38355841
38381406
38399219
38405971
38593529
38605321
38761706
38811847
38821049
38845825
38858714
38870939
39004018
39004275
39023263
39049606
39097586
39140066
39202439
39285195
39386027
39448580
39520367
39561280
39565872
39588561
39656925
39706909
39733900
39787913
39829884
39853122
39908477
39913336
40020069
40050276
