9491887
9766517
9827693
9872325
10092203
10465067
10467404
10536359
10574912
10617616
10656684
10797576
10866664
10903437
10958691
11152495
11282025
11431425
11455589
11532614
11572868
11575923
11689688
11713532
11713533
11730934
11884399
12037670
12037672
12052871
12063565
12115727
12173051
12368330
12368904
12386808
12432243
12475973
12706900
12832472
12861003
12894230
12904290
12942536
14580347
14712711
14749500
14963154
15201869
15258998
15276198
15286705
15297879
15328539
15452830
15753651
15780980
15890914
15965233
16048649
16103164
16245309
16306619
16314842
16428435
16552184
16580843
16720337
16741955
16841087
17001490
17251582
17314519
17332744
17352406
17452463
17942543
17942552
17949927
17956865
17998334
18205180
18473913
18546201
18566585
18655042
18753202
18829461
18971272
19136461
19297489
19347956
19575011
19741158
19757441
19780058
19844166
20190802
20201073
20370601
20493174
20943989
20952582
20956357
20980437
21035725
21098020
21127351
21143121
21200140
21216463
21448926
21453127
21484792
21533037
21555514
21639898
21768328
21776020
22292676
22371709
22391209
22508988
22571657
22672903
22722497
22876190
22876198
22910856
22959624
23104571
23110726
23140174
23152527
23247501
23252711
23296566
23301767
23500466
23596302
23603988
23658523
23732910
23775716
23898190
24102143
24150998
24202326
24205359
24362439
24385927
24495868
24524087
24528253
24559102
24688048
24742150
24769691
24886624
24895203
24957606
24985467
25003190
25128497
25155598
25281924
25578475
25596730
25643258
25849141
25908517
25909811
25914804
25931145
26083714
26186095
26221756
26231705
26304705
26349627
26542022
26573875
26627013
26727990
26728557
26745862
26766294
26812885
26859911
27090615
27322055
27378523
27511630
27515132
27582311
27746890
27791144
27833165
27833949
27847320
28178316
28182006
28231737
28278048
28301263
28426094
28434229
28608935
28636052
28651979
28673542
28701053
28722178
28743741
28817720
28860322
28930680
28940993
28961375
28994650
29063678
29156698
29170386
29251720
29269870
29329658
29335245
29416031
29434052
29471852
29491412
29588524
29682280
29712686
29743242
29765528
29899453
29991720
30025343
30076726
30132679
30194564
30196207
30209133
30227759
30253346
30284700
30361682
30362418
30394665
30405916
30454645
30579871
30587525
30647871
30651218
30652970
30707636
30726104
30836650
30872269
31005255
31085683
31151054
31238183
31257635
31262335
31289198
31294695
31307784
31311847
31346846
31376566
31384313
31398271
31399147
31402912
31454988
31603123
31609304
31699827
31758083
31827241
31843752
31857848
31866490
31872348
31892980
31971998
32048975
32124532
32127464
32296028
32368391
32447197
32496538
32559187
32611550
32653610
32747552
32848135
32859893
32866383
32901849
32903585
32934219
33015073
33016930
33043947
33086052
33117517
33122847
33129955
33259592
33305725
33306391
33338869
33438260
33483464
33581551
33582407
33607002
33631230
33640901
33745909
33748130
33781756
33895280
33896272
33932081
34004147
34011401
34041038
34062779
34102609
34146121
34188177
34207158
34264057
34267880
34359807
34477384
34508710
34523672
34538051
34592899
34647738
34761662
34814708
34848451
34890308
34898277
34935961
34955012
35071768
35092513
35102145
35119000
35121112
35126914
35267421
35326643
35337136
35400296
35417682
35422449
35530158
35605362
35628286
35708082
35708495
35745840
35814933
35884401
35890157
35906225
35925880
35980303
36082129
36087428
36157485
36191408
36253486
36332552
36374405
36376377
36378653
36399280
36428594
36662391
36670405
36738952
36789845
36807766
36854448
36924113
36979907
36998071
37060507
37071962
37115490
37128897
37179384
37244149
37245555
37247228
37272701
37295357
37302342
37345728
37349855
37425776
37463244
37465296
37513929
37540094
37551745
37552223
37564002
37572539
37580269
37581526
37584185
37593493
37661406
37672930
37687256
37719386
37801608
37837671
37870244
37882668
37884683
37967851
38001268
38110583
38117531
38159453
38167752
38172923
38201534
38243078
38301887
38315842
38326887
38335657
38371625
38433256
38488882
38522687
38534727
38564299
38589534
38597826
38661032
38769311
38808256
38829886
38848777
38858714
38878756
38885173
38886769
38906024
38952800
38976490
39012568
39040475
39052240
39102635
39117800
39127153
39147127
39211083
39222890
39235466
39250546
39254172
39267257
39382925
39403687
39406109
39446371
39448861
39498375
39526731
39530543
39565117
39632829
39639346
39705540
39772543
39808974
39873147
39888255
39895086
39916437
39947055
39947929
39948068
39970859
40060472
