8595411
8703847
8723678
8760298
8761411
8806696
9000591
9021155
9036870
9041193
9049204
9052747
9053859
9132280
9135995
9139845
9168176
9168184
9204956
9232623
9247305
9290958
9326917
9334586
9354451
9375748
9389568
9393758
9416844
9426066
9432125
9439668
9462707
9466670
9479083
9482902
9516223
9516230
9537438
9546285
9579564
9586669
9598804
9603434
9624535
9664128
9665476
9696646
9696647
9699728
9724636
9730623
9735394
9806478
9823374
9839807
9850064
9856841
9872329
9893670
9916806
10070944
10086736
10092131
10221335
10233780
10323080
10335917
10365910
10373639
10380935
10396076
10398427
10416987
10417291
10469453
10471040
10498896
10507913
10536182
10537008
10541865
10551774
10563476
10595918
10620111
10665912
10688850
10694953
10706122
10719365
10738182
10738302
10763411
10775844
10828598
10861313
10869234
10874641
10917055
10922411
10951521
10987867
10999737
11008905
11045568
11058870
11058911
11062467
11083071
11095446
11136714
11156381
11159196
11163104
11181786
11212268
11243640
11276008
11289098
11319798
11389930
11398194
11433400
11433531
11434568
11477665
11485924
11500805
11506491
11511321
11556834
11579459
11595880
11668523
11720478
11726555
11763427
11764089
11801559
11807902
11815963
11830546
11841561
11910361
11960918
12072543
12107107
12115568
12175345
12175554
12185367
12194996
12362978
12391839
12406345
12438261
12454511
12459644
12459645
12494470
12514789
12532425
12538475
12566532
12589646
12661005
12690301
12700603
12738730
12738984
12745272
12750252
12752119
12783922
12783933
12792748
12796375
12799637
12853981
12883368
12890389
12950144
13679459
14506146
14506702
14507338
14508519
14586645
14604895
14636164
14646619
14654786
14732922
14991744
15009729
15083191
15122588
15128789
15140239
15146471
15164098
15173226
15231134
15305154
15365986
15390183
15459500
15495191
15507675
15517085
15577313
15612580
15663508
15693199
15705881
15709190
15723290
15724013
15761864
15819981
15832197
15860862
15879498
15928671
15937071
15950811
16115911
16157195
16166437
16169933
16172233
16214921
16224217
16234564
16307646
16314743
16351640
16354203
16374456
16395703
16397522
16470311
16540645
16614725
16618910
16818264
16818274
16820927
16845325
16893909
16896043
16905682
16909113
16977458
16988943
17001621
17011832
17060081
17061045
17063143
17072193
17074682
17091472
17117177
17167857
17171691
17218939
17219434
17243166
17255954
17284367
17300232
17326708
17351341
17351674
17370310
17397031
17414113
17492760
17505264
17541467
17592618
17624602
17827400
17890059
17909018
17970080
17981214
17992122
18023021
18024887
18025365
18070208
18071362
18160777
18162508
18178632
18205010
18239974
18247379
18275833
18298387
18299477
18311490
18328560
18337833
18363633
18368387
18394881
18469204
18481196
18503831
18519632
18558284
18559569
18573309
18574466
18612309
18622497
18629284
18633108
18664255
18701473
18714178
18769141
18795926
18804414
18818678
18838613
18958493
18981015
18983535
18991055
19011513
19023882
19028987
19035626
19086579
19110720
19260062
19278751
19293724
19339902
19380031
19396864
19422607
19423161
19484507
19523171
19571771
19586936
19626699
19690981
19697618
19712690
19739123
19759551
19827123
19837270
19862325
19862822
20065947
20068151
20068183
20081810
20093296
20095847
20118908
20161779
20189796
20195775
20340136
20353702
20374521
20402675
20404912
20424228
20435884
20453839
20459442
20473920
20509872
20526219
20565749
20569442
20574843
20591913
20596618
20616110
20629734
20637465
20637757
20653064
20653773
20737480
20805377
20811718
20842456
20871219
20876876
20934317
20973102
21030442
21045708
21059868
21085193
21118390
21150883
21234743
21242958
21244382
21297911
21307304
21325014
21410763
21412176
21447152
21462282
21479383
21503581
21526190
21549623
21559192
21565688
21567202
21569495
21570154
21570156
21614589
21625859
21638516
21671477
21710107
21728901
21801156
21833009
21843312
21849808
21868699
21889209
21893440
21895773
21910158
21912429
21987724
22046342
22083977
22119613
22134481
22154617
22178423
22198089
22285991
22288845
22292911
22323255
22365774
22368299
22395926
22422578
22534780
22586120
22619049
22623142
22623710
22636603
22659510
22751687
22804906
22825469
22841127
22891197
22911296
22925370
22933911
22933969
22994152
22996374
23000904
23016962
23044159
23083854
23101020
23111194
23178376
23178718
23221484
23222549
23225431
23238983
23270897
23311322
23311918
23326336
23371019
23470568
23494221
23546221
23547836
23558569
23624369
23647911
23703248
23711066
23721661
23771122
23772040
23802662
23804521
23861858
23897584
23989669
23990928
24012816
24062075
24065197
24077454
24093775
24124830
24259266
24330828
24344258
24431303
24436120
24440092
24449825
24485399
24491138
24495407
24497168
24573017
24578887
24633888
24659262
24742402
24789920
24930384
24935963
24944814
24983247
24999598
25023876
25046224
25072932
25138050
25149524
25155625
25200134
25236537
25236571
25264199
25280564
25294512
25308604
25356972
25407517
25431349
25432631
25464386
25488749
25511139
25542698
25592620
25619363
25652585
25664857
25667294
25668009
25685612
25744911
25780468
25787093
25818616
25839936
25852058
25853694
25866970
25879218
25882552
25903014
25921285
25943250
25969714
25972325
25990668
26022239
26078788
26095675
26096306
26103950
26104880
26118502
26139146
26181762
26191206
26223839
26225579
26255234
26283007
26333485
26334876
26338139
26380006
26381259
26448191
26463672
26493618
26510741
26527286
26542317
26557774
26577493
26581427
26587692
26634163
26647789
26650189
26650572
26682264
26715889
26718898
26728554
26770338
26794401
26827760
26839018
26858029
26876133
26909863
26912361
26998132
27049325
27098250
27102007
27121152
27125204
27144525
27155872
27167196
27181379
27184773
27276112
27286459
27287845
27329650
27377502
27401842
27428416
27447534
27449771
27473757
27519597
27530957
27567443
27569296
27574435
27617221
27646763
27646764
27756164
27759694
27759908
27761872
27771374
27804060
27837640
27960642
27987577
27989786
27997910
28008994
28038708
28039610
28060055
28065479
28068628
28079868
28099251
28102032
28117111
28179162
28192277
28214896
28263969
28276595
28283584
28360400
28377727
28388616
28395715
28403857
28419547
28440912
28452926
28466822
28481918
28487787
28497708
28577303
28592523
28597080
28600574
28619518
28637022
28681998
28699883
28716248
28765905
28768142
28818438
28830827
28868898
28892048
28928088
28939073
28942143
28975602
28979722
28982163
29063720
29105198
29110637
29112861
29152094
29168898
29194093
29215650
29216274
29229598
29237539
29262551
29263814
29278422
29285163
29348129
29385581
29405243
29432124
29486199
29489509
29498096
29525349
29541281
29543703
29544538
29561434
29564591
29632530
29634384
29654170
29661971
29670856
29708279
29731980
29743142
29769629
29774366
29804288
29853032
29871606
29904067
29915929
29917141
29966470
29990501
29991580
30003124
30038052
30039340
30041662
30059257
30059872
30074065
30087655
30117292
30136875
30143452
30176239
30178167
30218143
30238987
30258198
30274933
30291219
30301262
30355925
30362613
30414346
30475060
30482142
30504774
30558563
30592434
30634138
30672051
30722027
30723112
30731170
30744497
30774116
30924039
30934592
30953292
30967399
30972500
30992552
30999302
30999315
31001908
31028457
31066955
31091306
31096160
31110422
31113565
31138176
31151164
31151962
31189690
31203567
31213293
31214915
31231091
31231127
31259687
31270053
31288852
31299986
31325108
31326397
31355086
31371816
31371819
31382782
31438464
31439890
31528332
31570769
31571090
31606066
31654269
31667596
31673247
31709901
31721021
31721535
31729637
31733156
31775447
31832685
31844270
31916407
31955387
31970771
32026308
32037456
32067956
32080953
32090320
32111808
32156473
32157655
32196516
32218857
32221274
32234459
32266258
32273725
32277542
32280716
32283231
32300400
32304153
32379408
32385699
32386439
32482799
32488710
32514758
32516884
32526924
32547095
32594303
32609344
32642869
32650545
32661200
32678499
32751805
32760473
32816910
32873916
32875942
32879414
32941720
32953120
32971832
32989607
33004350
33037071
33046033
33054126
33077924
33081848
33089535
33102592
33112113
33122978
33155773
33156206
33176261
33192293
33197684
33203919
33235995
33304846
33306218
33322698
33347393
33387364
33416096
33435487
33442279
33482103
33483239
33488114
33670055
33678324
33729861
33732653
33766116
33769609
33776725
33811164
33822043
33823155
33838014
33842347
33877894
33896386
33900379
33910831
33917623
33945383
33959155
33959491
33981746
34011786
34012264
34022680
34059954
34069952
34074656
34098582
34110955
34218589
34219731
34249754
34277422
34287697
34291682
34369425
34405225
34447638
34532467
34545083
34550860
34563639
34601643
34625620
34629798
34671427
34680288
34695526
34711012
34714275
34812473
34826422
34897475
34919637
34944959
34946912
34989398
35001307
35001868
35004325
35004697
35042525
35043235
35047502
35050752
35064215
35067100
35092388
35100714
35116815
35117488
35123577
35129551
35143119
35171326
35172492
35203456
35253368
35311137
35324997
35372037
35422439
35427024
35429970
35446184
35446451
35478773
35488777
35489754
35491653
35518520
35522566
35541591
35574540
35577980
35612571
35658523
35693093
35712467
35738002
35791470
35904890
35932035
35973817
35979371
35996686
36002660
36052076
36069815
36123181
36124964
36129665
36156317
36158487
36158791
36169180
36176277
36240953
36265224
36269225
36275892
36380219
36409970
36449602
36455270
36505034
36505807
36531022
36550382
36551770
36563143
36568974
36571817
36572828
36598859
36601176
36628896
36640377
36656502
36685264
36698435
36699463
36723772
36725354
36729132
36742366
36754566
36785917
36788095
36788155
36835617
36841437
36900302
36915611
36922358
36941772
36967449
36980212
36980574
37008737
37026918
37032198
37063827
37068112
37093270
37100656
37130203
37138345
37147150
37166466
37171636
37174980
37236196
37261522
37261974
37291757
37294124
37306402
37308327
37314514
37322295
37322831
37329568
37406376
37484656
37504251
37527678
37550258
37553486
37555723
37578068
37585199
37597101
37746290
37752791
37768886
37801364
37818049
37818686
37824773
37831210
37845622
37851900
37857018
37875500
37876362
37894345
37909092
37916370
37924530
37936609
37947008
37950153
37986346
38016689
38016690
38017560
38097874
38109891
38134090
38135704
38137564
38138255
38141377
38146355
38156443
38164368
38175671
38189009
38206516
38234851
38243818
38243885
38265748
38288091
38296052
38327739
38342156
38358407
38410565
38421707
38428622
38438773
38443208
38445358
38529370
38597998
38630911
38648029
38660664
38666907
38667459
38678323
38716944
38718141
38748610
38751024
38766032
38781764
38789301
38792946
38821577
38822443
38822931
38822936
38829583
38852666
38867760
38873609
38888512
38899982
38902320
38936911
38941045
38944632
38961426
38966038
39019959
39021548
39042515
39117984
39122510
39146623
39172540
39187707
39223207
39231752
39252310
39327852
39365462
39377853
39390455
39394333
39408811
39409918
39413339
39443123
39443269
39457569
39470355
39475028
39500892
39503880
39508364
39514336
39530475
39578301
39584448
39590385
39593128
39616627
39676312
39694330
39714101
39753721
39762354
39775032
39844467
39875984
39903368
39912976
39917465
39921829
39936490
39970716
39975044
39988732
40014167
40017529
40035982
40046620
40065477
40072281
40080309
40080912
40105554
