7851898
9858811
11092977
18827011
19651849
22912832
24823640
24898057
25564561
26820108
27108958
27300082
27738186
28407396
30526248
30957416
31339449
31478449
31488893
31527303
31566930
31632198
31953238
32485570
32973403
33023625
33390818
33428600
33680123
33854594
33892537
34274651
34386070
34660300
34934449
35123514
35189004
35346060
35488810
35634845
35748916
35865168
36588828
36644760
36720923
36915885
37108172
37256823
37287300
37534352
37814871
37920441
37986322
38002928
38003209
38028183
38701255
38780097
38898633
39611064
39922805
40016337
40019588
40025532
40044674
