17938208
18378692
19151705
19255092
20085832
20308527
20453063
22083958
23071553
23285124
23835524
24265227
24998929
25219269
25257502
25294932
25499215
25735987
25752243
25894978
25989142
26491539
26588464
26626481
26733790
26789910
26834018
26921529
27595554
27602517
27694995
27786184
28321286
28402856
28533432
28671691
28781807
29668850
29768199
29920279
30104731
30108144
30127425
30376831
30574290
30670789
30692911
31001818
31112698
31311581
31526516
31721432
31823155
31980904
32034634
32123560
32142125
32267004
32309624
32815320
32839322
32854944
32951261
33023670
33141432
33198579
33228730
33282601
33436073
33477995
33535054
33626347
33627187
33806835
33826902
33837267
33859315
33933000
33964984
34088660
34259569
34292326
34292327
34415117
34440307
34686651
34746699
34880900
35231638
35241668
35365720
35385734
35830790
36127134
36182950
36222238
36302072
36375841
36385756
36537238
36575212
36731504
36738737
36873104
36878905
36939060
37229974
37268684
37783686
37802044
37808768
38020809
38224953
38288845
38428335
38438524
38441608
38557009
38560770
38622540
38902926
39125997
39149047
39154337
39185167
39358004
39480606
39576488
39685474
39741407
39914389
40092436
40104050
