11967536
12094328
12442270
12454775
12495879
12529183
12533788
12610780
12690581
14507240
14568168
14569133
14612911
14618615
14648717
14648718
14648719
14678969
14970869
14997059
15087378
15095295
15122511
15221794
15239132
15361853
15382084
15385111
15466005
15472904
15488637
15492928
15502100
15520402
15535844
15649950
15700044
15803363
15803365
15810020
15818573
15852425
15951970
15951971
16043347
16078115
16080966
16239104
16257342
16337852
16452051
16492927
16539695
16551709
16574953
16671833
16758118
16790090
16816021
16828850
16830057
16835864
16858628
16880452
16883537
16897426
16914568
16941491
16982735
16998498
16998506
17010071
17016233
17026620
17063273
17063278
17085682
17106448
17132159
17132695
17132696
17145815
17164260
17164383
17169815
17174984
17214356
17250914
17372254
17380889
17428325
17458694
17517688
17602067
17661168
17705858
17721994
17876702
17918154
18058223
18085035
18172189
18172190
18175216
18178638
18253122
18281249
18297428
18381420
18467741
18484200
18557994
18565899
18571837
18676774
18706089
18725978
18759107
18797466
18831734
18834326
18930998
18996005
19021634
19030985
19100519
19124502
19338682
19338683
19372713
19399639
19401704
19548527
19609724
19725991
19763819
19768534
19805189
19839522
19876921
20223007
20233462
20417869
20462940
20472656
20597917
20597918
20643596
20658728
20722467
20875877
21049466
21120647
21244692
21356067
21389785
21542898
21562711
21569354
21614566
21618645
21701879
21744992
21765476
21787115
21807500
21876079
21876083
21956126
22058216
22058428
22114986
22201027
22355270
22419737
22420423
22520019
22521562
22799331
22811390
22862163
22901170
22946335
22994785
23109706
23150219
23296741
23329222
23652375
23713947
23803109
23806170
24065469
24106007
24114282
24390236
24415413
24532427
24557336
24578981
24595525
24599715
24713400
24800916
24879340
24880342
24918820
24986639
24998580
25355026
25414026
25431674
25583358
25619829
25629968
25674498
25798211
25835597
25842825
25850293
25884806
25958056
26084796
26318585
26332814
26424751
26446916
26498296
26506619
26553136
26577449
26629066
26884562
26929905
26991782
27039729
27081505
27223485
27269948
27442652
27464310
27484185
27510020
27595995
27632928
27708748
27711073
27716369
27747004
27751358
27783279
27785394
27900359
28358128
28514723
28553140
28608266
28680382
28709830
28734145
28779002
28874143
29356917
29445900
29479983
29520813
29682443
29761796
29767408
29785007
29879026
29902706
29909568
29928473
30068734
30269267
30344923
30535581
30623166
30633282
30672594
30676620
30695561
30753320
30816934
30816943
30851065
30858171
31050813
31060593
31206626
31220302
31240458
31241222
31263054
31265670
31296309
31349801
31360903
31409080
31506803
31682005
31703344
31808637
31938446
31967672
31993860
32041497
32119081
32217071
32285038
32445176
32451744
32531112
32531196
32541902
32570972
32578892
32595418
32605861
32683879
32766014
32805687
32900738
32906215
32923877
32996020
33030641
33073339
33158149
33322746
33372680
33455826
33468213
33507482
33530461
33634245
33670479
33683595
33692755
33747205
33780728
33803639
33855648
33919281
33925588
33947696
33986034
34113003
34246541
34285278
34322652
34449592
34499690
34555328
34622392
34630562
34716641
34772625
34902667
34903604
34907112
34991090
34992046
35007013
35020107
35075953
35101071
35130501
35135604
35175286
35246915
35256754
35267514
35281821
35313928
35314380
35355698
35371633
35406559
35415223
35474765
35643632
35674998
35772246
35877161
35885426
35933130
36061833
36136322
36360192
36368126
36440216
36471681
36528787
36529819
36623243
36644613
36653039
36653541
36824750
36919124
36937957
36966080
36980535
37161532
37207118
37401034
37449874
37490054
37515473
37536919
37557106
37664155
37692515
37719181
37725924
37728466
37807326
37839337
37843608
37852034
37862420
38002677
38039548
38039887
38061684
38081888
38091153
38097135
38123987
38156989
38161833
38242891
38279823
38332730
38362852
38367672
38378842
38398207
38476463
38554551
38567167
38609177
38651569
38828701
38848470
38855188
38857680
38950525
38959470
38959471
38985133
39021548
39062660
39146382
39174333
39208375
39208550
39209703
39343655
39371170
39373023
39384226
39411129
39436532
39513237
39519042
39594831
39669616
39704897
39745704
39966186
40020204
