16978863
16990002
18346918
18632613
21154811
21803008
21921034
23844225
24142626
24327542
24525428
25208576
25468710
25474241
25840419
25884494
27310928
27329729
27463284
27924519
28847989
29287241
29326282
29360988
29535131
29928473
30315225
30816485
30895955
31078449
31528122
31821389
31902747
31933717
32178478
32335582
32743678
32894664
33037684
33948904
34058013
34090465
34158506
34285555
34882011
35150405
35302600
35348291
35428780
35615004
35903365
35955683
36352081
36919124
37715382
37898670
38003585
38669256
38686193
39309825
39627844
39694330
39808342
