8497322
8548290
8553071
8730105
9034337
9135148
9197245
9278510
9278511
9382850
9407031
9572736
9744884
9774107
9857181
9926940
10068474
10090724
10198041
10330167
10391675
10407262
10430579
10469457
10469601
10550056
10648819
10660074
10673501
10676638
10681541
10692484
10761933
10859163
10859164
10987268
11058076
11069891
11090622
11133168
11150524
11158294
11163155
11251070
11270571
11278490
11279124
11316593
11390642
11479205
11479224
11535615
11536038
11553781
11599922
11687578
11687952
11691784
11709716
11711540
11790307
11790561
11796636
11821419
11831638
11836499
11841447
11854244
11864911
11896572
11912127
11980637
12081644
12110582
12150968
12181445
12186947
12244092
12370755
12384533
12388764
12414624
12415000
12424256
12429929
12429946
12446774
12461295
12502843
12545175
12554670
12554671
12576328
12588868
12620222
12660173
12676583
12676925
12676962
12689636
12695676
12756247
12760060
12781359
12791699
12813133
12859877
12902976
12955071
12959929
12963733
14504477
14559997
14570880
14585975
14593735
14681206
14681223
14709724
14712091
14726685
14765108
14767054
14988723
15020842
15082762
15107605
15107832
15110787
15155581
15169628
15190204
15200121
15213253
15220350
15220526
15225637
15261141
15272308
15279789
15279790
15296709
15311285
15326376
15364958
15367709
15371427
15389587
15389625
15470110
15483403
15486189
15494423
15498111
15526025
15536124
15539958
15576943
15585577
15601819
15604269
15608676
15632059
15647386
15650047
15655357
15659650
15665856
15674326
15676021
15687272
15688426
15705874
15707391
15707569
15710331
15723794
15743907
15775976
15831461
15857116
15870257
15970699
15974586
15975956
16002346
16039914
16079276
16085357
16099423
16107732
16123041
16137618
16138010
16148040
16159883
16186122
16204026
16217032
16280359
16289938
16330544
16360315
16414312
16446090
16452227
16463660
16501606
16511572
16574416
16581803
16618813
16619043
16629900
16652144
16687921
16690369
16721053
16732333
16816416
16842237
16873548
16880517
16885021
16885023
16912045
16923121
16927022
16928871
16951182
16956998
16963448
16968670
16969104
16996169
17003105
17015476
17019715
17035625
17055492
17102615
17106257
17143490
17145831
17204173
17210576
17236549
17237364
17242188
17251008
17255282
17276330
17276342
17296736
17298739
17329004
17332306
17360434
17377502
17380128
17384638
17404511
17408908
17409117
17464182
17468739
17491592
17495539
17502122
17544271
17611684
17624540
17638866
17663993
17726372
17804227
17827013
17869387
17887663
17900896
17912454
17931867
17935989
17986860
18029388
18071310
18088187
18159231
18183307
18191399
18229454
18237113
18239674
18243098
18247328
18281511
18283122
18317453
18331829
18339864
18342518
18344416
18358720
18381462
18414041
18424430
18434539
18448427
18451105
18469532
18495871
18508566
18510930
18550533
18566216
18614762
18616928
18642443
18671143
18677117
18679694
18716058
18723495
18787399
18790091
18820127
18824564
18983824
18984588
19059218
19060337
19091954
19111462
19119425
19155174
19169280
19177015
19230643
19242509
19261750
19269260
19270516
19276361
19282670
19305158
19330022
19371427
19400965
19401701
19403737
19411848
19411857
19421147
19473886
19477924
19487575
19502782
19530246
19546241
19570909
19587778
19615254
19716789
19743875
19778378
19805627
19808933
19828454
19837665
19838212
19861497
19923412
20013152
20013349
20023404
20029092
20052416
20053681
20053762
20090422
20123862
20146081
20160494
20233725
20237419
20401435
20413215
20436300
20473325
20495005
20501833
20514472
20559029
20567916
20581453
20581459
20590661
20616048
20619533
20674356
20682638
20688824
20696794
20716119
20719863
20729914
20805465
20813042
20834228
20887555
20981531
21034966
21074424
21087899
21094607
21094608
21098122
21118956
21148814
21171266
21173116
21212274
21289283
21301228
21321066
21336968
21344307
21347609
21383502
21389083
21401699
21440578
21482692
21502314
21505179
21532626
21540473
21593589
21610326
21615992
21628425
21642769
21680529
21680713
21737879
21752283
21765472
21767457
21804609
21820372
21829571
21851590
21858151
21870291
21892012
21894433
21907702
21911831
21921034
21933891
21936404
21937510
21947081
21958871
21984341
21995812
22001744
22072800
22106282
22111927
22117197
22134241
22159421
22184239
22188649
22189968
22203733
22231448
22244109
22262459
22313687
22357623
22365762
22367634
22370720
22374217
22391562
22401965
22430210
22433954
22446188
22469983
22505024
22529391
22552540
22553144
22556425
22561209
22564734
22571845
22585575
22596349
22621920
22665067
22692200
22713237
22732499
22743332
22753029
22761726
22787433
22792081
22812567
22825336
22825736
22863316
22907745
22929806
22935704
22937147
22941630
22942255
22981708
23027394
23068608
23082860
23085068
23109433
23135916
23148684
23229348
23269272
23274058
23321637
23422000
23432726
23447674
23447702
23454898
23462183
23468519
23479505
23483975
23533280
23535330
23536721
23550703
23557358
23587425
23593991
23597309
23600770
23613359
23620807
23631308
23635654
23667469
23722650
23733185
23748345
23754435
23798705
23799366
23804422
23820871
23839309
23852422
23861943
23873850
23902848
23932155
23954429
24002546
24037525
24038068
24040138
24072747
24113549
24114124
24117075
24140082
24150948
24179152
24184701
24197116
24240236
24244429
24247149
24260231
24336073
24356582
24359526
24434653
24440306
24441772
24500207
24583858
24586893
24594907
24634213
24636978
24639502
24650757
24663817
24747134
24762558
24804869
24810059
24823293
24838526
24853431
24853623
24894074
24900442
24913641
24971465
24996846
25012639
25015292
25024738
25042558
25043304
25047935
25049228
25084614
25086746
25104095
25132270
25249323
25281057
25296725
25301724
25301733
25304378
25312395
25326330
25336189
25372494
25375241
25386925
25428911
25444911
25450480
25460505
25465126
25482935
25483066
25535897
25551702
25557548
25594740
25602520
25633853
25653093
25683911
25688741
25690891
25691674
25748360
25769181
25795119
25800873
25809478
25817892
25843717
25843721
25880015
25884494
25904336
25928228
25965828
25966274
25994202
26025928
26039276
26046346
26054341
26061604
26082189
26124918
26140595
26141863
26141948
26165835
26271993
26288133
26295308
26296656
26312135
26317153
26324327
26365377
26367864
26437226
26439697
26459098
26471831
26501072
26527132
26553637
26595527
26612134
26657501
26658951
26714930
26748709
26804904
26850987
26867682
26887372
26890478
26914363
26921248
26921499
26960975
26988986
27129240
27166183
27167172
27167194
27221653
27246979
27286446
27308506
27350064
27375025
27383768
27422809
27438145
27507734
27512067
27523643
27556692
27558808
27598338
27613427
27625304
27683273
27685627
27690219
27690730
27693461
27740938
27743378
27764728
27775084
27829224
27939202
27979966
27993965
28000895
28004747
28009306
28025833
28025997
28030798
28030834
28031537
28042876
28093285
28106079
28131548
28138028
28138032
28180282
28228262
28273463
28291626
28349497
28389531
28401005
28448462
28484242
28490518
28499956
28550769
28560279
28572758
28619751
28620979
28625637
28697335
28751935
28754670
28808232
28888100
28915668
28919777
28928282
28933982
28957699
28978069
28986587
28991639
29023112
29025359
29048622
29048945
29054375
29057300
29074359
29082250
29092815
29115606
29118324
29138515
29149649
29152060
29157102
29162833
29203250
29210298
29229598
29262732
29271513
29286153
29301085
29321954
29342268
29363506
29378830
29378956
29391889
29409053
29435105
29441438
29531322
29545477
29565730
29658237
29658881
29684894
29704517
29707125
29725502
29735549
29735693
29753759
29804637
29895190
29940486
29954829
29963769
29976560
30024813
30084282
30100999
30103170
30108746
30204808
30257222
30260263
30282812
30297842
30352905
30361254
30362123
30416649
30428154
30439567
30445466
30510197
30602579
30607635
30633885
30635443
30665195
30787154
30816435
30834235
30837643
30863090
30894677
30975914
30986571
31003059
31042615
31044505
31094292
31140586
31209037
31209198
31294866
31305627
31362335
31366665
31405847
31409614
31419512
31424118
31431503
31443367
31470128
31535410
31591366
31601781
31610912
31639020
31649026
31669383
31707688
31713291
31717700
31738907
31783714
31832331
31881805
31889509
31904144
31904486
31904911
31944151
31963582
32071277
32071282
32076484
32079743
32098452
32144855
32154612
32161100
32173365
32194790
32210727
32259055
32260355
32273296
32294924
32314919
32316968
32345958
32349972
32353258
32357935
32371584
32391557
32424505
32459662
32510664
32522823
32529408
32546609
32567031
32571801
32579780
32588143
32592909
32610557
32634742
32647134
32652867
32715947
32760717
32814778
32857208
32859084
32876044
32914523
32932732
32973933
32991949
32998994
33014050
33020410
33027721
33041328
33087136
33097607
33101488
33108758
33144657
33197893
33206174
33269665
33301843
33320980
33352723
33408782
33416170
33495309
33501840
33503415
33536335
33556369
33591599
33635358
33657372
33663378
33672884
33686514
33728327
33740539
33744317
33745032
33767598
33772151
33782497
33782542
33786781
33789090
33820915
33848457
33860197
33881209
33897258
33921638
33953335
33987368
34042197
34124754
34131002
34156695
34169240
34184879
34197606
34218139
34329853
34333533
34359633
34366327
34372559
34423276
34474677
34490876
34508175
34509474
34519926
34549798
34587992
34619333
34622778
34663432
34665631
34755667
34773074
34782371
34796173
34807483
34829893
34852220
34857765
34974185
35000525
35006469
35048968
35059477
35143532
35182941
35190641
35195302
35216385
35231158
35231445
35240418
35245445
35259479
35267417
35286657
35287310
35343565
35353580
35357497
35406579
35418303
35443722
35480096
35494003
35531278
35582228
35582533
35639868
35673965
35693081
35741017
35762179
35790845
35806055
35857500
35902562
35915338
35951367
35959961
35972603
36012478
36134604
36152057
36161901
36195704
36196914
36200829
36240065
36240066
36240067
36271573
36314430
36347274
36378548
36381271
36398929
36416754
36445955
36526736
36547059
36555509
36671510
36684069
36717782
36732891
36748530
36765693
36765808
36775199
36781846
36813244
36894671
37004403
37024481
37041670
37048111
37120671
37205570
37237279
37270643
37343085
37353627
37378325
37393021
37406967
37408221
37460393
37482342
37509197
37531716
37532649
37560219
37584545
37596441
37607906
37626049
37694680
37702917
37711550
37748205
37755764
37762228
37773176
37797900
37798514
37819936
37834346
37862938
37877252
37882063
37987002
38036565
38047473
38100421
38114660
38125947
38169561
38195460
38197544
38260247
38266782
38273024
38316371
38318945
38359979
38389894
38452398
38472229
38539474
38547734
38555285
38578830
38588804
38673980
38714421
38786089
38801925
38819231
38821952
38856693
38862485
38925844
38965423
39021796
39045048
39075200
39081276
39148723
39201276
39215871
39239809
39281567
39326133
39353535
39358552
39440047
39454820
39478560
39513859
39516567
39557132
39565136
39659585
39689385
39747551
39903385
39994186
40009899
40037423
40056138
40083692
