9836640
10435585
10531348
10673500
10673501
10710310
10809772
10973490
10987268
11011113
11053450
11085506
11086161
11096068
11158318
11240139
11248330
11279124
11298456
11390408
11431331
11438675
11454675
11461078
11479205
11557032
11571648
11593395
11668173
11699418
11719428
11728459
11733767
11741320
11746983
11793476
11821419
11857075
11875739
11901158
11948492
11949635
12024051
12049740
12052256
12097646
12111733
12172011
12192050
12356735
12361566
12363465
12384533
12386164
12393693
12402044
12415282
12493754
12548013
12548016
12548019
12551934
12576328
12605640
12607004
12654917
12663536
12702777
12711320
12717439
12781359
12804777
12805407
12857758
12897801
12909615
12957797
14593735
14623252
14681223
14701743
14729967
15024084
15044452
15048068
15048074
15057041
15125777
15131084
15140942
15153943
15162061
15187252
15192702
15213307
15269203
15272308
15279791
15326376
15361830
15361833
15361851
15367709
15380617
15467458
15467464
15485917
15545224
15601819
15618221
15620706
15647386
15659650
15668230
15676021
15707569
15710546
15845385
15862297
15876876
15930307
15937936
15940255
15942682
15950944
15964795
16024600
16039914
16085357
16101442
16150728
16158050
16163388
16311512
16317088
16322218
16414312
16442290
16478982
16481012
16488990
16511560
16535772
16547156
16579595
16596250
16630610
16675556
16675955
16732333
16741520
16741947
16785441
16794575
16798742
16835227
16891316
16905549
16936775
16940182
16943424
17007555
17030982
17035018
17074762
17101782
17118344
17143490
17157788
17172433
17199040
17236549
17298739
17317627
17360434
17363488
17409117
17409144
17464182
17616632
17634426
17653574
17663721
17684483
17694537
17698850
17721994
17875697
17937984
17940507
18004398
18162465
18167129
18317453
18321553
18418078
18459160
18469532
18482988
18508566
18538787
18566216
18612247
18614044
18644861
18674953
18679694
18790091
18796370
18802408
18804494
18812180
18833288
18948271
18955500
18971944
19029802
19068238
19151762
19164942
19176998
19207465
19221470
19230643
19289404
19375317
19451272
19473886
19502805
19556897
19615254
19741151
19772467
19782031
19812253
19840931
19881958
19922265
19969004
19996108
20016261
20023427
20080130
20126263
20128802
20160490
20200249
20204303
20226795
20348841
20364141
20434834
20442702
20564478
20577265
20581449
20599567
20713355
20834228
20838898
21034966
21070773
21088254
21118151
21147465
21156285
21184685
21195877
21239475
21396995
21555587
21566461
21572256
21625617
21655087
21664921
21745814
21772273
21834075
21890154
21924579
21945852
21963792
22030621
22158418
22159226
22160829
22167198
22189968
22211259
22285028
22312557
22586065
22694166
22770119
22808196
22853956
22907745
22932461
23000346
23058106
23073808
23089312
23107771
23178491
23211021
23233807
23269272
23271172
23432582
23449389
23537372
23550703
23680298
23794041
23855452
23969480
24002546
24021642
24480460
24482479
24492479
24498068
24553354
24586185
24598997
24650757
24657486
24662822
24764296
24798733
24835465
24853623
25111195
25307309
25319519
25361978
25404613
25425972
25478729
25535901
25659039
25808488
25872745
26025911
26061604
26158765
26333361
26447757
26471728
26521794
26658076
26751770
26831064
27121056
27308506
27403577
27438145
27716909
27729408
27740938
27792460
27838786
27991505
28087741
28347251
28360097
28433679
28454438
28498365
28539821
28801307
28808232
28881600
28991639
29292572
29316526
29352124
29394294
29407991
29483652
29486482
29504068
29658237
29666471
29774099
29804637
29859927
29890668
30108746
30254210
30304835
30404732
30537743
30771428
30902968
30907073
31209362
31269698
31391858
31398194
31416392
31668372
31821699
31845505
31911943
32001251
32170104
32187724
32220941
32273296
32317175
32402080
32484784
32546626
32578892
32579110
32814778
32857208
32993749
33016929
33042061
33070553
33303565
33355621
33607997
33628174
33690219
33762357
33860082
33863812
34042225
34209435
34244606
34328173
34405009
34775036
35017658
35160302
35239666
35455970
35456022
35732801
35740063
35806959
35851582
35999268
36083253
36089330
36103534
36185307
36445955
36446128
36468172
36647321
36647327
36770705
37056849
37258811
37755764
37943659
38047473
38100421
38316066
38398207
38559033
38617548
38645032
38879877
38940031
38972750
39005070
39011677
39057961
39062967
39142065
39201276
39273420
39366645
39478560
39524544
39642869
39737931
39887032
39985567
40057605
