19641190
19838194
19965641
20018760
20139093
20378752
20807819
20847213
21106984
21457190
22150304
22368272
22441210
22484421
22685175
22816614
22851563
22915648
23091296
23145900
23804397
23974192
23976822
24018820
24935070
25044358
25213184
25862705
26611474
26754556
27157479
27391346
27449287
27561722
27637012
27820126
27899802
28033648
28233860
28331226
28340183
28371317
28446270
28860345
28866095
29140408
29228539
29487712
29796158
29879498
30369203
30487598
30535452
30578688
30859636
31318944
31418357
31830053
32801162
33054468
33275800
33491417
33531655
33615710
33767403
33812392
33876219
33890726
33895784
34110416
34118580
34481852
34587248
34826720
34857887
34987014
35113149
35253299
35306048
35537330
35995725
36005560
36070232
36469948
36613920
36642937
36748719
36814093
36877196
36967289
37483494
37574565
37634013
37790327
38023153
38036631
38370004
38553845
39034479
39068148
39071567
39127642
39167182
39388165
39461880
39681640
39754542
40089289
