1505950
1606715
1656368
1829836
2564669
8577711
14738146
15906476
16007222
17360941
17597598
17971498
17981568
18453593
18849880
18971950
19058182
19377443
19608274
20418886
20430779
20436485
20536329
21517818
21549805
21873591
21885153
22197934
22503135
22729249
22814343
22843259
22934315
23038421
23296467
23383005
23408870
23411710
23418320
23649896
23698128
23787135
23816250
23889897
24034409
24145216
24186003
24331512
24498562
24532199
24652541
25012610
25020194
25082815
25085632
25088194
25137049
25144241
25308957
25497733
25534203
25563800
25810298
25863088
25934184
25956721
25975230
26015955
26066800
26141825
26179200
26222558
26401554
26471360
26476772
26747862
26820289
27069163
27092868
27174644
27190017
27314966
27423618
27521343
27601030
27619214
27680516
27749956
28377059
28626216
28716061
28724665
28824062
28843019
28921817
29136500
29215000
29319809
29345363
29440354
29448957
29479570
29490706
29496785
29499108
29544907
29593242
29668829
29719257
29769439
29803827
29872489
29875321
29968849
30056204
30065206
30067976
30136118
30149762
30177815
30192846
30205037
30249809
30281780
30305141
30386212
30425048
30429277
30442669
30445265
30538245
30551596
30617447
30626692
30628737
30635412
30687013
30696910
30702078
30704498
30729751
30853829
30940906
30968732
30982608
30982609
31001085
31028122
31029597
31042769
31091440
31103918
31149782
31191609
31213485
31215373
31324781
31330095
31397014
31401565
31420495
31434879
31487076
31504240
31520500
31522743
31524293
31554150
31616414
31632577
31636099
31659802
31670078
31693894
31695701
31727934
31768065
31809612
31827782
31872055
31903947
31914683
31932352
31998322
32007953
32055598
32055602
32094203
32118593
32141565
32234210
32238382
32251854
32304779
32367800
32379601
32405624
32423978
32430064
32464672
32488843
32492016
32522286
32535390
32575160
32580749
32705467
32717306
32724427
32787110
32792173
32826234
32850346
32900927
32908485
33009834
33043858
33054973
33097690
33101590
33108917
33139489
33153411
33159168
33177990
33197935
33287883
33323375
33376386
33446486
33446487
33450391
33511454
33528831
33558268
33590562
33620118
33738668
33764399
33800170
33816491
33819288
33838643
33841088
33841415
33880056
33914067
33948764
33999983
34063518
34067348
34069563
34081701
34088832
34093858
34096015
34103079
34135456
34145637
34145638
34160349
34274854
34298983
34329526
34362959
34365577
34422984
34433559
34433663
34541732
34562087
34566948
34606263
34628075
34633276
34652888
34716187
34771453
34791569
34830445
34837774
34846298
34867307
34875121
34877494
34899694
34908483
34955818
34978715
34979548
34981897
34981907
34983323
34983562
35020914
35022934
35044689
35119108
35121879
35315360
35325302
35333324
35389179
35503975
35587622
35587623
35624036
35631395
35663534
35693676
35713665
35713703
35718267
35721475
35726564
35767650
35807438
35812083
35915730
35917184
35933030
35940158
35961460
35961461
35970974
35971044
35980505
35989499
36029734
36147476
36166318
36168766
36180242
36197652
36209194
36227799
36230744
36268827
36324684
36333098
36335744
36368339
36448247
36456782
36559271
36561018
36580216
36584406
36600555
36624100
36680780
36825047
36851954
36884148
36889072
36943150
36947995
36970721
37038887
37059596
37074571
37108258
37132506
37141705
37167456
37191268
37209513
37253125
37259140
37309919
37323402
37333006
37346794
37349768
37355734
37361567
37398476
37407261
37410787
37431483
37465557
37484164
37516973
37539655
37542262
37560003
37562753
37626591
37693684
37720036
37792013
37796515
37839910
37865779
37889001
37904379
37909242
37922341
37964379
38048572
38099815
38100351
38107066
38141285
38227801
38281257
38289212
38311020
38312602
38343263
38432446
38445296
38450286
38465843
38526212
38530425
38556751
38572785
38576039
38627516
38636374
38641704
38643194
38660397
38664840
38677783
38746878
38759141
38822100
38870011
38897209
38922778
38934054
38992688
38995311
39031193
39031435
39031439
39040919
39049445
39093585
39120333
39158794
39164196
39168451
39182279
39186197
39211115
39217398
39233527
39272914
39280886
39292932
39292933
39313038
39316650
39374256
39391314
39416792
39425203
39448548
39483843
39569751
39581554
39662608
39669550
39705539
39780232
39782686
39789784
39853526
39869647
39887091
39891235
39896839
39957072
39995231
40009327
40010483
40020639
40065051
40073814
