1795697
8246978
8649389
9016583
9032255
9407128
9591631
9756895
10037138
10458613
10480923
10582586
10734189
10837224
10839546
10839547
10899010
10906122
10940558
10954607
11120891
11238955
11431321
11479593
11507042
11525835
11706010
11726548
11743158
11782357
11900981
11971967
11997516
12011441
12099698
12191639
12203779
12461525
12466537
12524457
12588801
12595547
12629040
12650701
12660164
12878173
12897849
12954767
12960026
14503807
14624463
14645507
14716017
14759373
14980504
14981153
15060168
15062124
15082712
15084242
15096508
15143173
15169959
15182675
15229244
15256511
15304340
15354217
15361875
15655363
15669143
15670593
15678159
15684400
15731119
15733852
15743916
15941718
15958555
16015666
16107875
16140943
16140944
16285929
16314537
16326864
16331412
16391843
16434968
16478981
16507990
16595548
16614224
16647825
16675454
16701069
16723452
16731911
16815976
16928784
16949368
16951251
16989720
17012269
17019650
17043308
17071074
17178748
17210645
17210670
17218270
17242189
17260018
17267411
17267480
17329968
17363576
17368809
17382889
17442748
17467075
17583694
17616980
17617601
17696881
17805343
17825318
17827499
17950379
17952071
17962299
17981843
18039862
18195709
18207574
18213475
18219272
18224715
18237772
18347100
18347103
18456864
18458536
18550811
18604514
18614575
18623068
18654629
18662993
18769711
18851839
18854131
18923423
19008940
19029252
19056695
19074263
19109133
19129223
19158269
19208640
19210964
19247430
19292032
19308701
19369356
19386894
19450526
19513555
19536159
19563753
19568426
19584098
19644448
19712444
19737964
19860858
19914212
19922652
19956589
20020479
20024537
20038529
20047949
20051228
20101205
20119526
20133600
20174815
20196073
20219941
20231363
20404925
20478995
20481323
20584980
20589758
20673338
20730088
20733034
20877461
20966046
21045820
21059229
21106760
21111075
21124827
21145498
21176138
21272906
21283722
21288905
21296871
21325284
21327102
21444719
21465478
21489251
21602820
21606361
21628529
21663659
21685913
21689595
21695148
21813016
21840866
21846316
21852534
21870268
21876668
21880767
21895576
21896759
21909113
21912613
21916612
21920307
21948239
21964334
21970734
21985173
22035845
22064860
22072770
22105486
22130528
22142239
22210889
22229157
22244452
22247490
22277129
22286186
22310241
22344698
22347474
22354838
22354964
22367884
22396734
22414750
22415163
22422629
22424610
22426149
22440186
22480385
22487828
22532833
22538856
22544282
22550178
22615386
22615834
22627611
22705794
22706977
22709888
22718969
22722341
22724006
22754359
22791747
22829947
22854024
22879976
22889989
22906166
22952237
22955980
22973047
23010778
23045651
23056006
23087708
23102236
23116180
23118352
23139640
23162572
23169622
23183708
23192870
23193294
23204437
23295672
23498937
23553099
23650640
23707059
23746550
23760082
23791181
23804403
23843455
23851926
23874213
23880533
23884423
23908591
23933634
23945083
24013844
24023969
24121688
24130125
24174344
24228875
24257606
24321385
24335803
24362533
24380390
24398527
24415941
24436206
24465627
24498324
24534946
24553927
24561205
24561805
24564680
24575097
24613343
24614316
24649078
24657531
24659782
24676094
24696455
24711622
24725430
24741094
24749339
24753417
24794443
24806748
24812327
24839018
24842653
24901509
24990380
24996904
25002401
25081205
25135475
25147918
25183525
25294833
25297545
25299688
25348714
25368383
25411781
25469243
25565413
25578877
25592173
25624508
25646466
25658338
25703332
25722416
25732821
25810575
25860022
25875106
25881024
25887447
25919664
25934638
25979705
26013116
26034287
26045254
26053496
26125535
26125810
26154016
26240285
26248466
26268681
26276625
26276636
26307237
26321255
26321640
26329471
26330387
26376810
26399478
26411685
26439501
26443201
26478432
26484076
26484167
26527277
26549029
26549033
26567152
26578602
26607501
26682243
26686651
26711177
26715761
26771514
26784546
26855026
26929370
26938874
27004515
27019336
27067545
27080371
27083996
27089971
27099788
27103456
27104639
27174533
27219007
27219824
27226577
27345404
27345455
27410475
27414788
27417714
27526722
27569350
27582050
27583466
27613698
27638884
27733338
27848966
27880914
27974201
28045091
28056052
28060558
28087711
28103242
28137913
28145452
28150704
28161276
28262757
28286735
28315159
28319062
28334928
28368372
28388437
28424523
28467304
28487148
28490592
28525758
28529057
28533409
28536180
28560323
28594324
28619046
28636938
28648147
28677680
28694486
28714474
28714988
28737770
28752854
28776597
28796949
28819414
28846746
28848059
28862757
28938092
28947498
28973861
28977939
29029387
29076501
29077515
29110030
29133437
29157910
29175454
29176792
29199022
29217591
29235471
29307136
29312684
29371978
29385718
29398485
29409905
29437965
29467330
29514910
29561703
29567640
29590048
29654311
29670109
29682202
29688244
29706538
29712779
29712785
29723654
29757144
29760161
29793448
29804837
29845264
29858072
29860503
29898989
29949986
29965776
29976663
29981477
30008200
30021792
30031212
30031214
30076197
30086769
30102341
30107916
30275357
30296942
30310060
30359362
30377227
30414923
30456521
30459231
30487296
30505659
30513694
30565618
30607369
30655336
30674949
30676316
30717603
30738580
30873749
30893510
30929920
30940740
30948436
30948729
30957077
30985763
31056445
31078526
31127282
31164150
31204999
31205001
31239556
31257199
31264253
31266948
31285261
31292201
31340001
31372638
31391552
31395350
31404833
31491387
31522987
31522988
31534142
31547883
31559572
31562641
31599722
31632578
31632638
31653198
31665434
31665634
31666380
31736271
31757932
31792445
31801998
31831055
31831844
31837328
31864373
31878887
31890818
31905366
31910870
31911579
31917284
31937660
31971633
32022856
32060375
32065581
32086528
32125046
32128389
32169804
32199948
32213287
32216806
32232161
32232485
32293525
32294452
32319058
32333838
32334335
32334414
32392318
32393311
32398790
32435142
32451376
32487268
32503656
32514124
32518417
32541019
32619009
32622804
32631111
32645447
32680543
32688344
32717742
32727353
32774342
32775616
32782014
32807777
32816606
32853367
32884037
32885250
32909350
32924169
32933554
32959125
32988407
32999490
33006186
33057942
33071257
33091336
33113374
33133081
33154377
33187878
33204322
33208463
33239721
33255744
33259986
33266080
33319643
33396256
33397967
33398174
33402211
33411704
33436746
33452729
33488675
33495099
33512425
33545664
33558242
33570402
33575587
33575598
33579945
33581110
33594051
33612151
33626344
33633299
33634313
33665169
33673494
33677108
33685449
33692212
33692996
33801310
33801596
33842482
33863790
33863876
33895926
33930311
33939725
33950334
33959385
33977784
34002095
34006570
34019588
34033138
34036385
34042564
34060915
34107024
34132339
34158481
34181707
34197738
34209337
34245617
34289010
34311130
34326481
34351869
34358714
34381034
34413016
34413017
34426493
34429148
34432028
34453048
34487363
34518235
34518536
34566670
34580493
34582771
34584081
34585631
34585664
34622967
34634929
34657170
34702695
34711654
34725128
34735550
34746948
34764232
34769020
34775467
34856126
34875846
34910225
34931241
34938908
34969862
34978167
34981210
35008373
35017527
35027738
35066433
35127534
35145304
35149558
35175239
35180428
35184402
35234910
35234932
35239049
35240232
35274099
35275301
35290214
35317203
35358540
35361678
35378133
35379308
35385732
35409255
35410161
35419468
35420890
35440598
35454655
35456389
35459888
35499320
35614060
35652891
35685367
35693981
35710842
35768498
35769482
35791737
35817979
35872368
35882936
35916443
35927544
35947648
35955961
35977522
35981542
35989484
35993175
35997565
36011294
36012336
36038685
36050765
36056390
36056448
36081575
36117192
36117989
36139015
36202971
36260992
36325618
36330771
36331420
36347102
36369346
36447271
36454652
36469784
36471071
36471076
36570674
36650052
36698211
36699364
36711639
36712070
36717694
36732474
36735780
36735786
36744959
36752796
36787010
36828588
36828916
36847142
36852270
36882470
36945628
36995933
36997534
37000624
37040762
37047368
37060567
37065848
37076620
37077544
37086646
37094063
37102286
37161005
37172590
37205597
37235058
37266407
37302762
37322110
37324587
37339228
37408191
37416476
37421304
37439339
37488417
37489832
37536339
37541187
37552993
37567476
37580734
37602215
37606370
37608075
37664546
37674478
37699887
37728741
37813869
37851578
37878653
37882064
37910254
37914145
37951486
37961446
37961560
37979036
37993084
38054406
38062010
38065940
38072046
38076840
38099298
38129077
38141838
38144356
38167730
38173717
38175123
38187043
38201289
38206813
38236307
38297316
38370764
38375042
38377879
38383676
38397134
38408244
38436544
38452691
38452764
38463168
38479840
38499830
38561336
38561749
38565950
38586056
38662876
38697116
38742641
38757482
38798402
38810696
38816647
38852666
38853836
38853900
38900639
38950902
38951485
39045627
39048814
39070636
39106157
39146885
39169755
39179577
39180406
39185186
39212383
39232451
39300219
39312688
39342260
39350520
39430552
39433641
39455867
39487354
39499640
39506204
39511411
39548585
39605346
39605491
39616247
39623397
39682078
39708805
39709822
39720519
39738353
39883527
39903776
39913285
39979259
39984455
39984730
39993185
39995041
40000913
40015278
40022213
40025499
40032827
40033153
40049170
40103178
