1322357
1862004
7504059
7515723
7517975
7535334
7537122
7543517
7544393
7809938
7846057
7998099
8016872
8041150
8228824
8244464
8395547
8526100
8609386
8609411
8623206
8623418
8625979
8642061
8762006
8766566
8780695
8878391
8910687
8943377
8989248
9032309
9036945
9112357
9123186
9123319
9142255
9175907
9186685
9193460
9193596
9200926
9225967
9238056
9259273
9278311
9285225
9308926
9326417
9331502
9390031
9422428
9459504
9459626
9510170
9528007
9532165
9574523
9600957
9616216
9647206
9648843
9653096
9701263
9721079
9736337
9862327
9862358
9916696
9930310
9933113
9973463
10075111
10082437
10083185
10083267
10083343
10083555
10092068
10092086
10202046
10203024
10330966
10336035
10372542
10436391
10455927
10493833
10520601
10569763
10586079
10593567
10605049
10619478
10671938
10671941
10676886
10696061
10724097
10736090
10792422
10792426
10798768
10868973
10936275
10936336
10975832
11006126
11011692
11016460
11029611
11060799
11067913
11098935
11158025
11168632
11207262
11239948
11266733
11266743
11266771
11266782
11266784
11266800
11266801
11266954
11267033
11285307
11286636
11301194
11306013
11327371
11350825
11447385
11477480
11509583
11522687
11548844
11583755
11603451
11606170
11726402
11735222
11750630
11773899
11810061
11843030
11886967
11916172
11923251
11929778
11930318
11955404
11976786
12013505
12047357
12067297
12107727
12173468
12174216
12176414
12218160
12352894
12364657
12417883
12429713
12431547
12439343
12458054
12458055
12465728
12468880
12507781
12518896
12529710
12553563
12591526
12618861
12696006
12724780
12777848
12780750
12781060
12850309
12876557
12883299
12919291
12956753
14504180
14505215
14512535
14522090
14528321
14551027
14566570
14607897
14609212
14675397
14678452
14703432
14716822
14870914
14986169
15010229
15138458
15191710
15199380
15210771
15248219
15278761
15301861
15308325
15322168
15351783
15381202
15386476
15496203
15561287
15596061
15621571
15629882
15649153
15657618
15707398
15784471
15788440
15790353
15812539
15816877
15833145
15858600
15888281
15904974
15940668
15953005
15954440
15964420
15988909
15994283
15999808
16005527
16013266
16015687
16025255
16025348
16034471
16037385
16107864
16112024
16198253
16200862
16201404
16224273
16237465
16243538
16248997
16352685
16373368
16380915
16445777
16463658
16464564
16518541
16547256
16584889
16612600
16620985
16624934
16629714
16638702
16675075
16685136
16698321
16706373
16767670
16768154
16771856
16778987
16868438
16869018
16891094
16893393
16916658
16917481
16928399
16961296
16972006
16996590
17000707
17046021
17056511
17060611
17135653
17144101
17150279
17197413
17209142
17327854
17391759
17404488
17409339
17465502
17475786
17524498
17541621
17559691
17642237
17666451
17785861
17875758
17932815
17942509
17964663
17970696
18000051
18020496
18027152
18047932
18049163
18049334
18056379
18074399
18078835
18200060
18219311
18250031
18292987
18321236
18443194
18509975
18510245
18523152
18528295
18537753
18576317
18589161
18641318
18654610
18667318
18691768
18718877
18752454
18778710
18780601
18783892
18832811
18929517
18936937
18974373
19020530
19037242
19068196
19107404
19118070
19129082
19147575
19173720
19175525
19300490
19333938
19376178
19386687
19403062
19404967
19457253
19490216
19507029
19538054
19543441
19563524
19587352
19592649
19609446
19622768
19665867
19667932
19672595
19737153
19781252
19789309
19811307
19895365
19895409
19915057
19930661
19951419
19956097
20012554
20020059
20042047
20082854
20113255
20123855
20145677
20150263
20196832
20300120
20300303
20345871
20352109
20358027
20385880
20435925
20443189
20445568
20482250
20488788
20491567
20521303
20537165
20551840
20608155
20692873
20703487
20716038
20721523
20732370
20813679
20856802
20940051
21056008
21061768
21094853
21165767
21316924
21342286
21346773
21349284
21414236
21419045
21447398
21453156
21503616
21513760
21519805
21558401
21594562
21599853
21644231
21661409
21677403
21753782
21776443
21779410
21784728
21931200
21937704
21978954
22077981
22116087
22179404
22239953
22300534
22307437
22321003
22325471
22336520
22342451
22354915
22378189
22450550
22511809
22538857
22626501
22649676
22706687
22759373
22811616
22902304
22977635
23018253
23018459
23090079
23118130
23171508
23252863
23300559
23326509
23359812
23434857
23524650
23549103
23554566
23567921
23628620
23637380
23657138
23666060
23739065
23764470
23860089
23860622
23870385
23894703
23915385
23922766
23936412
23944755
24015180
24120418
24122201
24270737
24295474
24323392
24338929
24373506
24390231
24451817
24498648
24564845
24567947
24583799
24656396
24660106
24701377
24758310
24842641
24892807
24903767
24904825
25003519
25029526
25034886
25042601
25099367
25121088
25213377
25219326
25227919
25233793
25239302
25246499
25269023
25283142
25299395
25329329
25456194
25484062
25487188
25638260
25653051
25667935
25695113
25707864
25786871
25790979
25802883
25819642
25838268
25860138
25885696
25889154
25896473
25989700
25998553
26017342
26030229
26132739
26180060
26206937
26212105
26297802
26365494
26373706
26385826
26401336
26405547
26408701
26409459
26582004
26608857
26656450
26680373
26782401
26782543
26819049
26899867
26940199
26950218
26963610
26965203
26968452
26978177
26990829
26994388
27082453
27102614
27111218
27140408
27184870
27233255
27242164
27252516
27252517
27351142
27351445
27362308
27381613
27400406
27440778
27471622
27478768
27481207
27532025
27598231
27604307
27650855
27662596
27668655
27802341
27811020
27861289
27881707
27888068
27918555
27989857
28112181
28128364
28148840
28186328
28220572
28250252
28264025
28265534
28265964
28274366
28320831
28469082
28503213
28529997
28560327
28601686
28634284
28637095
28638849
28646041
28687929
28716895
28750137
28751785
28807506
28827388
28905118
28970838
29174716
29212947
29259723
29318609
29330115
29350809
29359792
29374027
29456655
29463898
29520267
29603038
29642147
29642948
29675891
29708143
29741770
29769148
29796761
29848573
29859273
29872559
29903547
29955905
29968132
29973204
29979892
29992636
29997292
30024513
30048690
30053831
30122952
30167736
30190919
30213644
30219287
30250467
30261751
30326243
30328084
30334961
30355938
30366049
30378264
30386910
30412106
30422018
30451307
30515696
30530990
30530991
30577709
30688989
30713594
30715737
30746209
30822308
30894362
30918073
30987824
31067348
31156616
31275310
31300731
31340988
31396201
31472231
31607188
31628526
31684013
31708111
31721169
31766247
31840816
31871267
31906699
31909418
31933538
31971458
31993940
31996395
31998304
32007222
32031422
32044407
32147760
32163016
32163858
32248302
32278632
32281488
32292999
32303617
32328064
32371365
32419081
32420329
32499327
32562209
32571995
32684057
32717114
32810393
32835228
32872393
32937841
32946523
32955488
33039410
33072070
33090639
33117084
33122082
33127658
33173210
33196890
33224807
33318319
33331121
33335689
33348036
33349690
33372138
33416945
33419761
33450703
33476510
33483342
33495237
33501754
33581327
33625086
33627407
33627780
33637482
33753855
33767992
33796406
33796885
33802937
33846999
33868277
33889631
33900894
33909493
33927321
33947716
33956248
33980752
33997271
34002285
34079092
34101874
34116213
34178691
34261702
34268267
34281386
34291137
34420484
34446578
34475433
34515189
34518299
34588224
34675296
34707038
34724197
34735371
34735462
34736521
34856888
34859391
34952630
34992419
35003894
35017664
35046674
35087518
35154081
35219175
35227891
35271496
35294071
35439371
35467059
35476594
35494032
35541089
35656856
35659704
35666292
35706043
35741331
35759343
35759759
35862127
35879726
35940545
36068918
36119093
36142815
36163113
36172704
36183858
36190377
36198308
36230753
36291763
36308182
36309492
36323856
36386077
36397666
36405757
36443461
36456662
36569922
36597619
36613701
36622793
36635631
36697230
36764830
36918273
37012887
37042938
37066116
37071124
37072549
37122540
37122695
37156988
37157174
37158938
37161048
37174027
37181233
37183486
37197667
37231171
37259163
37272745
37415208
37421985
37453913
37487754
37595759
37601778
37602831
37608154
37679967
37703496
37727740
37731560
37740092
37765170
37798374
37812314
37838657
37870923
37930122
38009480
38260548
38313371
38347187
38398223
38442708
38448521
38536023
38590413
38591901
38609844
38612803
38634058
38677243
38725802
38792965
38795159
38809650
38845213
38852289
38864078
38879411
38915796
38956271
38965350
38982146
39072333
39104632
39142493
39145002
39199612
39220156
39383033
39385035
39393776
39404738
39423817
39499185
39499374
39513613
39532911
39536715
39578275
39606244
39607201
39653621
39674115
39690173
39737964
39816054
39832463
39911399
40005446
40014402
40016449
40048814
40048867
40092547
40093186
40100323
40108113
