7736793
7829088
8521721
8838805
9515794
9537226
10398436
10543253
10671680
11048799
11170292
11238046
11351304
11429783
11464291
11836379
11867232
11921277
11957146
12060769
12124804
12408524
12669311
12883680
14691304
14706452
15579438
15606674
15609344
15857685
15981102
16021566
16356174
16772034
16834931
16843107
17172473
17219201
17284619
17454753
17533218
17551084
17905526
17949785
18237399
18311776
18313840
18480464
18541010
18618575
18687666
18832571
18992635
19237511
19237610
19322062
19384065
19498322
19534622
19582367
19608668
19898734
19931509
20550535
20610534
20963515
21060032
21076461
21084400
21216847
21457159
21521850
21528216
21565795
21609933
21615622
21617231
21760996
21761366
21781452
21860425
21881488
21884214
22049531
22086512
22095489
22124265
22180573
22199277
22211293
22253774
22372443
22383975
22517624
22576020
22766794
22848100
22902180
23020601
23043943
23117548
23269799
23396188
23399619
23442321
23479080
23525311
23583162
23583669
23629955
23704310
23765252
23785285
23904126
23913621
24025394
24212608
24317174
24353261
24459012
24651522
24664543
24668549
24700283
24715106
24788118
24798046
24947187
25012536
25016225
25025452
25025858
25034767
25112518
25131582
25187620
25214561
25326669
25341748
25457204
25667444
25757764
25899770
25913412
25964079
26103686
26107566
26121339
26156055
26159615
26171757
26200099
26285011
26290144
26341700
26397949
26450712
26572152
26645457
26666421
26686699
26715116
26721303
26815163
26823761
26861905
26878281
26915315
26960970
26967979
26968164
26992487
27074080
27074081
27074082
27131348
27177928
27252594
27259009
27259010
27276713
27503684
27543871
27574551
27600761
27661004
27915094
27928465
28069902
28102204
28175328
28271635
28281553
28421416
28451756
28456466
28463908
28501007
28514307
28551389
28551672
28651848
28695961
28744406
28751540
28915721
28923827
28956362
28963373
29023799
29075139
29086002
29156750
29224720
29229583
29249062
29313411
29428849
29435196
29436745
29496308
29532999
29562493
29575443
29577164
29736797
29740487
29769415
29795437
29872083
29901254
30074466
30112810
30127942
30176317
30177831
30206803
30212390
30280518
30350331
30392973
30396954
30468709
30478830
30563889
30566242
30617138
30640974
30700850
30702464
30715091
30782821
30789355
30806153
30854143
30909750
30929091
31013762
31154392
31309540
31327063
31336010
31495087
31504825
31511060
31562818
31587824
31606421
31616196
31669140
31692499
31699039
31870368
31876779
31889902
31901437
31934629
31970420
32009853
32019547
32034480
32039639
32083079
32083783
32093642
32117418
32125720
32150115
32158757
32170450
32194736
32239639
32307573
32341656
32442860
32449067
32472194
32505607
32514293
32518523
32518524
32522271
32579471
32590455
32596147
32623745
32643876
32681092
32685004
32753903
32758579
32769429
32784485
32800877
32873570
32881242
32908727
32909971
32920660
32924814
32936289
32945289
32951177
32972302
33029148
33039961
33096424
33104413
33116939
33120166
33151506
33160718
33194643
33231090
33237662
33264726
33287648
33300278
33350591
33363164
33397129
33425807
33442732
33531646
33560657
33563475
33577921
33587761
33595945
33604532
33650044
33668727
33753463
33789307
33807916
33823298
33827453
33846546
33863999
33865827
33903885
33914771
33987379
33994539
34013383
34015032
34038589
34081037
34190040
34345299
34385710
34399990
34401669
34420090
34441409
34461284
34465343
34486095
34489873
34558805
34568731
34582765
34593610
34649595
34667073
34718655
34725446
34733780
34756103
34758082
34777372
34834551
34853532
34922552
34929706
34931867
34950583
34986841
35027145
35034160
35053583
35099645
35100669
35110680
35164622
35175167
35180772
35205190
35237419
35246174
35278272
35283443
35294527
35320876
35327987
35359182
35361685
35404538
35413540
35426999
35435123
35483739
35499320
35518051
35531470
35568970
35571052
35593792
35639408
35699785
35711837
35724741
35732187
35834400
35858235
35875337
35880249
35915089
35921500
35935366
35962322
36077603
36083290
36150916
36153650
36176913
36181462
36206446
36227098
36293418
36387184
36396744
36419413
36461116
36480093
36569862
36695555
36750551
36754869
36790797
36856760
36858343
36985977
37009120
37066339
37076452
37076992
37104792
37128605
37159234
37217071
37262956
37287277
37303493
37328769
37347751
37369877
37416820
37455656
37504420
37517215
37560515
37584555
37589277
37593116
37684150
37700842
37723085
37733676
37740194
37746264
37839045
37879826
37882780
37895192
37920971
37925939
37938513
37953090
37968991
38096938
38123979
38125518
38173341
38183458
38203779
38217079
38225558
38247296
38364504
38505749
38571839
38633674
38635072
38653146
38757718
38761988
38797679
38811188
38821625
38851365
38871641
38907236
38918127
38952406
38972232
38995355
39067319
39103699
39139390
39145965
39155692
39173553
39202333
39285416
39318004
39318178
39320349
39341990
39429164
39495984
39510148
39526926
39579263
39583094
39624802
39653501
39724428
39744434
39749995
39833474
39881334
39935833
39949392
39951836
39976812
39990660
39991945
40011896
40032424
40082414
