11311237
12231629
14519104
14593416
15071497
15107402
15282312
15367669
15572695
15843622
15983046
16127432
16394099
16524876
16785233
17062563
17296727
17339333
17543862
17559828
18075312
18218622
18251510
18303015
18374159
18417180
18493598
18757741
18835386
19261606
19279002
19489739
19560482
19617556
19638449
19768582
19818708
19955409
19995937
20452971
21795997
21828050
21990941
22085717
22448038
23055946
23213400
23308193
23349464
23365135
23387299
23689903
23847398
24067371
24138990
24266877
24334875
24450635
24596130
24636256
24768539
25011449
25114896
25684205
25695269
25995385
26263855
26687681
26773126
27042198
27076645
27096860
27335910
27499952
27697860
27716508
28011395
28115426
28159762
28202604
28216678
28499918
28620047
28743001
28923951
28981750
29271408
29306329
29361671
30058590
30301860
30383469
30405832
30819806
30840920
30872636
30974760
31278365
31319993
31455858
31515271
31636116
31658856
31696965
31763849
31780330
31802109
31898230
32027827
32032490
32123086
32341456
32346533
32434476
32555680
32716006
32854194
32890664
33097317
33130828
33279641
33452490
33825963
33872809
33977871
34031387
34036379
34113392
34227919
34237577
34395437
34401494
34480842
34491895
34617407
34699319
34795264
34878901
35120648
35194034
35419964
35474067
35580799
35815279
35862218
36063543
36198437
36328355
36652337
36693858
36710200
36997086
37026922
37029861
37156295
37293018
37398376
37465586
37526061
37575562
37665043
37723559
37845702
37906282
38101867
38196837
38369005
38453365
38625940
38710693
38718076
38803442
38876457
38942922
39194017
39216223
39265641
39273066
39301775
39501558
39629137
39656603
39677683
39699825
39727229
39785820
39798916
39841692
40089640
