11846476
17681953
18003658
18313863
18347061
18356167
18829740
18952606
19015243
19332113
19361498
19635798
19656388
19738070
20224295
20442202
20485671
20510857
20639245
20689760
20729212
20848487
20945532
20980687
21037323
21330321
21465620
21471005
21674579
22306263
22319212
22584459
22965931
23212519
23393017
23590133
24316979
24336331
24618719
25050198
25059644
25096634
25190083
25217618
25248790
25682875
26804994
27250217
27583344
27986613
28147323
28369554
28698143
28701314
28893557
28955913
29036362
29232859
29246726
29331585
29363918
29592892
29663529
30010043
30010249
30014507
30964885
31204875
31320321
31377983
31396588
31709724
31887298
32079724
32127516
32180898
32194660
32547943
32707646
33000435
33344221
33931647
34070180
34422906
34473231
34473232
34531000
34579723
34661647
34946965
34997000
35084368
35397425
35957915
36030465
36427609
36633253
36725889
36833350
37117762
37117763
37577389
37644171
37895221
38306561
38315716
38338072
38659042
38735044
38849771
38944813
39103808
39589256
