11756152
11870628
11920421
11953881
11964272
11970972
12036856
12036857
12077273
12088413
12133960
12149145
12239139
12384559
12384916
12444109
12471135
12473612
12531874
12574387
12576222
12588667
12590707
12626353
12628753
12714578
12730110
12761880
12817019
12851652
12900445
12912963
12953097
12960311
13130466
14511338
14600836
14672915
14681698
14684377
14707114
14748564
14764445
14871974
14973260
14995074
15003316
15026312
15040007
15048728
15096537
15121787
15145320
15164986
15282153
15286810
15292258
15296517
15328206
15345598
15358596
15368293
15382150
15454484
15467730
15479278
15516962
15536153
15548717
15588513
15611059
15618475
15626744
15647826
15695388
15707999
15714584
15769913
15797995
15805285
15819887
15844659
15882617
15905192
15910246
15917309
15921680
15946257
15965952
15972632
15985340
15990859
16006053
16033774
16037394
16045736
16046252
16107333
16114056
16125170
16129397
16132525
16148115
16149470
16155757
16177829
16192624
16210409
16212649
16259636
16267013
16277673
16278822
16280350
16284526
16286054
16300481
16337237
16385346
16397027
16397238
16423060
16424223
16489019
16493048
16503355
16503409
16507142
16513763
16568088
16574378
16631235
16637021
16702540
16725153
16760646
16779827
16782208
16787495
16818471
16823836
16831364
16835250
16837851
16840440
16846371
16875673
16877347
16905744
16943240
16960937
16964252
16964435
16971524
17046839
17056593
17077324
17083723
17108103
17114479
17119115
17120750
17143542
17165132
17174120
17179206
17179222
17182777
17237407
17261188
17264079
17276894
17298758
17316828
17320408
17339401
17355795
17360804
17362937
17374136
17374609
17393416
17461449
17468394
17488655
17507482
17509088
17510563
17532557
17537794
17559806
17565045
17568820
17572689
17611402
17631494
17634952
17653799
17681365
17687643
17697577
17697603
17724466
17764962
17784832
17785557
17804806
17805324
17823289
17827391
17875698
17878289
17885999
17909096
17914737
17966390
17981666
17982648
18001467
18040858
18057003
18071913
18172310
18176915
18177992
18187037
18189328
18227348
18234887
18276777
18281050
18292502
18292939
18322253
18334249
18337451
18354239
18378071
18384776
18410746
18436740
18454646
18454663
18487224
18501472
18512766
18513794
18513805
18533280
18538866
18553401
18556651
18558091
18563594
18575756
18583990
18615560
18632989
18644448
18653785
18670789
18671738
18687671
18692524
18695264
18716065
18753332
18760839
18780969
18781098
18788600
18793419
18799424
18814042
18839394
18849299
18852294
18924211
18925577
18930992
18949410
18954561
18974138
18983683
19013212
19035451
19038344
19059114
19061426
19082444
19103804
19106094
19109200
19139298
19141863
19187430
19187644
19196101
19199057
19212671
19216854
19252530
19258077
19276087
19281787
19293185
19296133
19299746
19302476
19303923
19308288
19309551
19325924
19335218
19336886
19340530
19373607
19380869
19394082
19414537
19419311
19443644
19446737
19535637
19550128
19551455
19551879
19584281
19594447
19605814
19615218
19615285
19625779
19646861
19647005
19660434
19665469
19665922
19667120
19670960
19687226
19692460
19695308
19707743
19717493
19748759
19755127
19765831
19773382
19774645
19788587
19808652
19837984
19859557
19878716
19917679
19921580
19923906
19927352
19937807
19962993
19996457
20003942
20015878
20032115
20036848
20043041
20067420
20077567
20087418
20088916
20109227
20110411
20124406
20134207
20145264
20161793
20177796
20179085
20180883
20181695
20182908
20196627
20206813
20220774
20305788
20331475
20334899
20348095
20360252
20378003
20388788
20392929
20406099
20459090
20462600
20473162
20484021
20501749
20534452
20540706
20549624
20554030
20566945
20585037
20609598
20617464
20624948
20629629
20646340
20651364
20661426
20695076
20699749
20722038
20725999
20833981
20839032
20849618
20851290
20865359
20869048
20871938
20872671
20877573
20923761
20930067
20944068
20946648
20970672
21031556
21036775
21045835
21059341
21079155
21080209
21082982
21084856
21108988
21112161
21131428
21143114
21145936
21147466
21158728
21159639
21168468
21178277
21179442
21182836
21209827
21210239
21215244
21292343
21294125
21296678
21296802
21298365
21300915
21332278
21349176
21349998
21357602
21361865
21364640
21410972
21415067
21441933
21450389
21458858
21459858
21463876
21470690
21475798
21480220
21487523
21490062
21524391
21527066
21584490
21592819
21593136
21601937
21618540
21630055
21643956
21667240
21683606
21690321
21693511
21695171
21703397
21742774
21753787
21835496
21853036
21853930
21868571
21878545
21878648
21882187
21910828
21912642
21931802
21949786
21949886
21960286
21964802
21968974
21990345
21994039
22008312
22025313
22025564
22053725
22066471
22070978
22071114
22074556
22075627
22077991
22088972
22110250
22114110
22115649
22125123
22127289
22137643
22142194
22166550
22172378
22173290
22194593
22204316
22219610
22220212
22220905
22241961
22245379
22253872
22266093
22266857
22270883
22287708
22297026
22301555
22311941
22314082
22323084
22337890
22355073
22370717
22386691
22392052
22413073
22414535
22415233
22427929
22430135
22462026
22472349
22473778
22484430
22490648
22495096
22496601
22511975
22526457
22529914
22531939
22549778
22549810
22568557
22623322
22626514
22645180
22670173
22680301
22683307
22688512
22689506
22694179
22699677
22704519
22710983
22736769
22738089
22751460
22762525
22784557
22806902
22842611
22846168
22848341
22869557
22875786
22885527
22916293
22932666
22933014
22939585
22939870
22951280
22956548
22958742
22975476
22978573
22987307
22989616
22995914
23035208
23042661
23109183
23116176
23133664
23136947
23148226
23153575
23178697
23181100
23239029
23244149
23244336
23249693
23255935
23262036
23279723
23289420
23322021
23333329
23335032
23344887
23368099
23369699
23372646
23382780
23382781
23382783
23382785
23393393
23395387
23395391
23434321
23434756
23436382
23447686
23449983
23452257
23462453
23468253
23473997
23484292
23495012
23502337
23509246
23526079
23538388
23549077
23555743
23578489
23588307
23606281
23618162
23619587
23632969
23645563
23651977
23653000
23659290
23669361
23680895
23702796
23704087
23711392
23727298
23731726
23732617
23739851
23764537
23773308
23802178
23811016
23812037
23812669
23825385
23825386
23843532
23851289
23891749
23895705
23901140
23902739
23918302
23935395
23961808
23984821
23997015
24022841
24024928
24032722
24033967
24064862
24091662
24101523
24116850
24124379
24125682
24127013
24141568
24154522
24157575
24161674
24174685
24175834
24218400
24226205
24239846
24244561
24263070
24276423
24277075
24277076
24277834
24290754
24292718
24306482
24331998
24422056
24442483
24449842
24450273
24472448
24480462
24482642
24486002
24486245
24493023
24497931
24498095
24534089
24561124
24584347
24594697
24600982
24639628
24660779
24663215
24674692
24675873
24687413
24697337
24708339
24718993
24722947
24725174
24735601
24744121
24747690
24749796
24761914
24765180
24770893
24771246
24799056
24806942
24808825
24810923
24836649
24839815
24842333
24853339
24858548
24858801
24862537
24870556
24879309
24894780
24900366
24904289
24906407
24909174
24934367
24940843
24944647
24955809
24966838
24970800
24973214
24982366
25007804
25025568
25034237
25036092
25042571
25069965
25075029
25075251
25084358
25085362
25085744
25098606
25118993
25121739
25130395
25139998
25163538
25199050
25200953
25201453
25205877
25211042
25237195
25237365
25260613
25268356
25305322
25310198
25316534
25320277
25347424
25356720
25359780
25360079
25372750
25393253
25393328
25400097
25400746
25421526
25422203
25453873
25460567
25461737
25466898
25471741
25474514
25484899
25526031
25557636
25572297
25580125
25605248
25620615
25662914
25669992
25689618
25693473
25728249
25741424
25748833
25810367
25833101
25833331
25860928
25866764
25872129
25878069
25884570
25890097
25894928
25895128
25896762
25897806
25898553
25903727
25909640
25917087
25920609
25934614
25955316
25957946
25960214
25961926
25962108
25966814
25967044
25976655
25979602
25982843
26014513
26017770
26017771
26058071
26058075
26072067
26081105
26093947
26097474
26100110
26100385
26103953
26124757
26164455
26166636
26179613
26188201
26191295
26199389
26205534
26211579
26212341
26214286
26232325
26234943
26246398
26253714
26257740
26277915
26282886
26297821
26300887
26309898
26314263
26314478
26337509
26338423
26349988
26353174
26369824
26370805
26374452
26375818
26387470
26396061
26397046
26400936
26413812
26414794
26433596
26453693
26453751
26499461
26504400
26505253
26508473
26522646
26538086
26552750
26560447
26583329
26590297
26616871
26628381
26629936
26632726
26635033
26678887
26693502
26710799
26711573
26715277
26718114
26721509
26721717
26722422
26722521
26724366
26744523
26747276
26755907
26781879
26782381
26782415
26801174
26806619
26813575
26817997
26818151
26818832
26847706
26870218
26878134
26888271
26892496
26934559
26936919
26952745
26952837
26967481
26970955
26998906
27006446
27018596
27030717
27041792
27047354
27052602
27067482
27079871
27082011
27088072
27106789
27121088
27167239
27173875
27175473
27177037
27186295
27196738
27226569
27236029
27237374
27251706
27267835
27269177
27300512
27324103
27328961
27370398
27392463
27434301
27439769
27461876
27462860
27496764
27497284
27528023
27533597
27542220
27542769
27566567
27571038
27573194
27580404
27586986
27590504
27590996
27597234
27598329
27650112
27657475
27664068
27669436
27690009
27697999
27729562
27760212
27775742
27798120
27809841
27830498
27840391
27868262
27875312
27886253
27894110
27913861
27918748
27924617
27941337
27957479
27959395
27979472
27986950
27996149
28001450
28031222
28051881
28055968
28056298
28072604
28074010
28074071
28111575
28115158
28123896
28132854
28174416
28176874
28179498
28186979
28189264
28193885
28193907
28202459
28212183
28219003
28235241
28238843
28250113
28255115
28261206
28272462
28277316
28277622
28322746
28345002
28360196
28365260
28417467
28418886
28423491
28447514
28454459
28469774
28487111
28533662
28535157
28544785
28549596
28550531
28562124
28567007
28607396
28619846
28623786
28633557
28637665
28649646
28670693
28687617
28714578
28716707
28720830
28721072
28753202
28755135
28774348
28779009
28781651
28811579
28811711
28842468
28855206
28860570
28861150
28875842
28889992
28903325
28903360
28928741
28929029
28945547
28963140
29016745
29017963
29022185
29032612
29050986
29061521
29067438
29082918
29105376
29111236
29112684
29117251
29120093
29131020
29132039
29140182
29161347
29166835
29172213
29217140
29222527
29232654
29237840
29254162
29257000
29263923
29283028
29301141
29301142
29301984
29304539
29305742
29316404
29321662
29381400
29390073
29398278
29402989
29408206
29417588
29427452
29432190
29433559
29434715
29434873
29455242
29472636
29481075
29499695
29499763
29508174
29510123
29518606
29526013
29537098
29557746
29579430
29581772
29595729
29614310
29641231
29680839
29693336
29715476
29720724
29721166
29728125
29735547
29739049
29741398
29742393
29751775
29755595
29760554
29761855
29771176
29800557
29849822
29880273
29887884
29903571
29909021
29926386
29951568
29989007
30012106
30012324
30021207
30037369
30082913
30084961
30100910
30105642
30106292
30120960
30144249
30149101
30150305
30180964
30182340
30191987
30197351
30202007
30221695
30227860
30233568
30259564
30266500
30283452
30320394
30347114
30365110
30367010
30370258
30372748
30376990
30385042
30391592
30395366
30396776
30408103
30410593
30428473
30429587
30441765
30447648
30466560
30483878
30489503
30502762
30537044
30562126
30582214
30584072
30678736
30693694
30697918
30748094
30784930
30792936
30802149
30811623
30813533
30816332
30826602
30832753
30853598
30857971
30865486
30898705
30905620
30921390
30937967
30955244
30978448
30992469
30996679
31020662
31024831
31032310
31043385
31072437
31100368
31145896
31156639
31165082
31173066
31186083
31239542
31267721
31273931
31275385
31287410
31294628
31304690
31332163
31333815
31334345
31336263
31357956
31361379
31362469
31368195
31382985
31397035
31399696
31400639
31412792
31417560
31418171
31423170
31423579
31445707
31477269
31487653
31500630
31504251
31506383
31507535
31513647
31520606
31533830
31534540
31543513
31554271
31577158
31608242
31613419
31640442
31646016
31650323
31650642
31662319
31662443
31698158
31718684
31724498
31726164
31747563
31751616
31771535
31785332
31788067
31809740
31831012
31852328
31862910
31874281
31874343
31882334
31890662
31894855
31901250
31912645
31914631
31917965
31931030
31933163
31938440
31944591
31951966
31971513
31991051
31991851
31998323
32006698
32020550
32020622
32025213
32035133
32041571
32046406
32049021
32104240
32135579
32145532
32154948
32156548
32207098
32214134
32231725
32273755
32295255
32308394
32319178
32334273
32346064
32356397
32368159
32373542
32374043
32381016
32395570
32401536
32404985
32418467
32432042
32442338
32460032
32485053
32487616
32495392
32540504
32547032
32585067
32608990
32665413
32675224
32698668
32733887
32758634
32766239
32766282
32777295
32782501
32790167
32795528
32801831
32804554
32835835
32848392
32883765
32897206
32949560
32956018
32974338
33013914
33057926
33072091
33092204
33096815
33116473
33119719
33131745
33145265
33150801
33157164
33166788
33203292
33227080
33228346
33233846
33252843
33258800
33261225
33283727
33292246
33324614
33333129
33344233
33363463
33378042
33389428
33391521
33406277
33438203
33440865
33448179
33455219
33456563
33488114
33530455
33571149
33617894
33649808
33651379
33653497
33657074
33664415
33687622
33692092
33693593
33709176
33710803
33715207
33747959
33753872
33766517
33772153
33777193
33795831
33804745
33804965
33809663
33811307
33815355
33826679
33829009
33837967
33842460
33847822
33854601
33872329
33876413
33886117
33927188
33932991
33958847
33962657
33973098
33988305
33991211
34011605
34024229
34060652
34069563
34072818
34100443
34109508
34115113
34117709
34117967
34118928
34124768
34165373
34165514
34170080
34174813
34178415
34179113
34183035
34187383
34190517
34253698
34286441
34298991
34302955
34310856
34318908
34327063
34386081
34404752
34410006
34433040
34453039
34460214
34483675
34485423
34494495
34507320
34510899
34516755
34520285
34527817
34536822
34581809
34588298
34607895
34609952
34619434
34638216
34648701
34683890
34693865
34711015
34744730
34755321
34764871
34769095
34785089
34795867
34801033
34815373
34830862
34834449
34847407
34847760
34852642
34857759
34864921
34911533
34918776
34930323
34955891
34976180
34978116
34999734
35008248
35041278
35046049
35055054
35064098
35068863
35075728
35079936
35080688
35083551
35119076
35127250
35133060
35145397
35165253
35183527
35183534
35213962
35240495
35247887
35264069
35267171
35301927
35304461
35306016
35309866
35313337
35318804
35342358
35356507
35363937
35385310
35406582
35406620
35443745
35451884
35462338
35479835
35483564
35485167
35506367
35510354
35543755
35559743
35565443
35582358
35616289
35618518
35647303
35653909
35681470
35717322
35734171
35738192
35772647
35786050
35831901
35860597
35867293
35893797
35903108
35912820
35958564
35966557
35985448
35991530
36046033
36071400
36073218
36075452
36111765
36118583
36196625
36202171
36210463
36229490
36231020
36239312
36288081
36300800
36324232
36326956
36347256
36359736
36413598
36419891
36420080
36442720
36449693
36539774
36550214
36560669
36569343
36601756
36626597
36628560
36631780
36659961
36670936
36697977
36703316
36704981
36713377
36725964
36737590
36748819
36749089
36781697
36804756
36854661
36860911
36899173
36900374
36979628
37014179
37014552
37035150
37039233
37074930
37101548
37164050
37219666
37223524
37227446
37246174
37259219
37290620
37298667
37306827
37351997
37359565
37426394
37443763
37456783
37488790
37497001
37497691
37505242
37564657
37576533
37579968
37589008
37596594
37623313
37639844
37681896
37685973
37712342
37724932
37727066
37732054
37738928
37749552
37757768
37772431
37858116
37880234
37949381
37949685
37957678
37961706
37966614
37978049
37997026
38001512
38004606
38010435
38037991
38049397
38057830
38062244
38069447
38073379
38091634
38095299
38099418
38124093
38149300
38162032
38178560
38204439
38212005
38255866
38269525
38274000
38304623
38306953
38315381
38331917
38338982
38360292
38385272
38393304
38404066
38417530
38430337
38430523
38439953
38447871
38455420
38546059
38548120
38555838
38557896
38566371
38569426
38587644
38617987
38622884
38678562
38698419
38704961
38718305
38728427
38756575
38762508
38766687
38769146
38780469
38802573
38806504
38817851
38840411
38857560
38898023
38920657
38943584
38963065
39068616
39074614
39093700
39129354
39153095
39156898
39170328
39188590
39248648
39251867
39253415
39261847
39271963
39273501
39279006
39314465
39393439
39441360
39454710
39464015
39466217
39470100
39483478
39496725
39499250
39503766
39544711
39613853
39616856
39624875
39627724
39664952
39666014
39689179
39696656
39698751
39703847
39708256
39715221
39722591
39760177
39766093
39773555
39774647
39779470
39795953
39819718
39834554
39835371
39836478
39846165
39848402
39863150
39865939
39904071
39932368
39934460
39990324
39991176
39993040
40001479
40034286
40037210
40038579
40038634
40049164
40060014
40076586
40077814
40087587
40095909
