8929542
8995702
9024623
9050881
9108384
9151712
9177234
9207008
9247593
9261358
9261420
9295051
9298896
9300725
9302439
9312101
9334378
9334379
9334380
9346884
9348282
9353342
9362541
9371631
9379028
9384579
9396607
9422534
9427609
9430250
9439607
9461627
9468539
9483982
9499113
9499115
9551924
9557746
9570576
9573226
9573273
9574513
9591715
9591719
9599023
9600249
9601645
9614108
9616137
9621067
9621092
9634237
9634238
9637777
9653044
9653130
9657940
9658078
9658081
9658090
9658135
9680144
9680341
9682842
9689100
9696823
9696841
9705259
9718374
9721247
9725197
9730240
9733889
9733901
9743377
9743388
9744279
9747729
9759835
9759895
9770524
9808188
9808197
9811751
9823770
9826718
9833755
9845516
9847323
9869099
9872003
9879064
9882387
9882391
9882699
9886389
9892690
9917914
9918823
9933168
9973394
10029246
10029579
10050701
10074102
10074122
10086386
10086394
10194422
10195234
10195751
10196243
10196258
10200342
10200343
10213311
10217580
10220446
10221916
10224286
10226056
10228019
10229189
10229837
10229873
10233851
10233917
10318941
10329539
10332739
10364306
10364484
10370370
10371171
10381170
10381499
10382744
10400726
10400757
10408726
10411001
10413093
10430052
10438703
10438797
10438838
10438870
10452968
10464166
10466793
10469231
10474251
10479460
10482544
10486146
10496316
10500476
10506573
10508445
10512741
10515156
10516002
10521508
10525044
10540164
10541044
10544150
10556181
10572077
10582593
10589997
10590105
10600606
10602415
10602722
10611407
10614783
10620340
10628813
10644702
10651866
10657592
10686595
10704341
10736178
10753708
10756055
10758170
10763120
10770963
10772939
10774806
10779364
10780723
10783578
10816381
10816382
10820198
10820276
10820380
10823791
10823878
10825158
10827088
10833417
10860877
10861089
10864648
10864687
10878344
10899322
10903911
10903920
10906389
10932076
10939797
10941932
10950772
10954894
10961886
10967018
10967026
10975862
10976535
10982382
10985246
10997882
10997965
10999740
11020354
11021758
11023494
11024545
11027346
11035074
11064099
11064498
11069233
11103038
11104827
11110672
11112897
11115360
11118068
11119612
11121064
11128640
11138774
11145843
11146046
11150506
11154697
11157475
11162626
11163797
11169404
11181132
11181340
11181642
11200267
11202173
11212110
11218674
11238234
11238678
11264367
11272281
11278278
11278567
11312323
11312625
11313818
11327719
11329179
11342415
11342460
11350661
11352675
11356952
11369512
11369641
11374787
11375057
11384227
11400294
11404531
11406754
11408611
11414751
11414813
11426226
11435493
11435556
11455021
11457880
11457985
11458529
11459656
11462036
11464140
11470148
11478800
11489906
11489961
11493625
11504655
11507184
11517388
11527993
11533159
11551942
11553854
11567789
11571298
11582522
11590382
11591141
11591370
11591799
11591806
11594685
11595336
11600821
11641392
11668182
11689632
11689635
11689888
11694846
11717804
11722431
11736934
11740185
11750103
11752220
11754360
11756152
11777554
11781237
11782552
11795258
11799176
11811784
11832680
11839153
11861874
11861876
11867624
11872090
11874984
11877445
11880384
11884536
11886804
11912162
11923301
11927659
11931835
11937572
11943153
11943720
11953881
11958995
11983855
11985470
11994538
12004084
12020795
12034737
12036921
12055257
12057854
12068293
12122049
12127049
12133949
12138354
12149145
12150154
12153994
12171912
12186908
12193696
12196582
12201911
12208881
12210401
12213709
12218052
12220670
12225798
12232832
12239139
12239174
12351385
12357350
12368305
12368322
12370187
12388552
12393663
12402167
12414661
12417595
12421915
12429712
12431218
12433920
12444153
12444253
12457982
12472574
12477874
12478067
12485835
12488503
12489987
12499259
12500303
12502723
12502809
12504579
12508118
12509077
12519755
12524273
12529552
12531874
12534283
12555203
12556213
12578791
12583436
12605695
12609846
12626097
12628753
12634405
12645345
12651900
12677165
12690099
12692554
12697121
12700447
12705474
12707343
12713058
12714394
12714578
12719571
12719578
12730102
12743331
12746476
12761880
12766157
12775414
12783211
12791666
12791875
12794165
12803997
12805470
12824778
12824796
12832058
12832536
12835717
12839981
12846411
12851652
12853157
12855591
12864967
12870001
12876735
12879309
12882655
12882661
12893271
12894851
12899713
12900445
12903827
12907388
12912963
12925765
12935890
12941798
12942542
12951028
12958314
12960231
13678472
13679920
14505910
14550764
14555820
14563322
14563373
14567988
14568925
14573694
14576059
14579271
14579282
14583470
14585217
14585837
14586476
14592831
14595012
14597738
14600343
14602072
14603250
14622278
14624370
14630801
14638394
14638861
14645233
14645561
14649896
14649897
14672331
14678601
14684377
14685051
14685276
14688392
14689450
14693238
14699798
14702198
14704365
14709250
14712221
14715575
14722898
14732474
14745709
14747577
14749473
14764445
14769202
14960230
14972535
14973260
14986066
14988150
14989785
14990692
14990703
14990729
14990858
14995074
15000561
15000703
15000821
15008605
15013630
15014135
15019705
15020611
15025540
15026622
15028427
15029227
15033669
15033938
15048728
15048928
15054039
15070661
15070669
15075355
15078139
15081541
15087398
15107547
15113900
15113923
15114666
15117454
15126579
15128813
15136483
15145320
15153341
15153539
15166430
15169555
15178707
15180458
15180966
15183061
15184868
15184910
15186526
15201990
15205345
15207725
15210854
15218216
15225616
15235108
15240672
15246052
15251986
15279544
15300245
15304476
15306840
15308709
15324566
15328152
15328206
15339043
15351504
15355692
15358596
15363126
15363127
15363550
15375005
15377464
15382150
15385732
15389434
15452229
15454484
15467356
15467730
15471215
15472715
15479278
15479841
15486895
15492752
15505104
15507616
15516962
15520246
15522172
15522174
15528354
15528395
15533859
15536153
15536192
15540205
15542430
15542441
15542651
15548713
15548717
15549771
15574767
15579440
15579633
15582259
15585097
15585836
15588815
15592929
15598422
15615703
15618475
15632118
15647826
15650059
15650174
15650218
15654627
15656779
15658852
15659794
15660419
15661033
15662133
15687242
15705741
15705897
15710459
15730853
15737629
15739262
15746965
15748209
15752146
15754133
15755995
15756007
15756692
15761195
15781337
15784966
15794931
15795282
15804293
15805265
15805285
15806155
15809737
15813990
15814634
15816868
15831676
15837745
15837815
15837989
15840024
15843590
15844659
15854290
15854291
15857134
15857668
15880586
15888687
15890935
15892960
15893340
15905192
15911712
15911713
15924226
15949405
15967444
15967572
15967804
15969628
15978137
15980685
15981210
15990565
15994292
15994964
15995960
15998835
16000558
16005185
16006053
16009428
16011832
16024619
16029594
16036804
16044003
16045736
16046252
16047188
16047221
16051857
16080846
16084492
16091205
16109172
16112111
16114056
16115904
16125170
16126902
16129397
16132577
16138573
16141404
16149470
16150803
16154852
16166380
16170318
16172123
16178723
16179731
16182382
16188969
16198599
16204308
16204315
16204649
16210428
16210615
16216737
16227248
16230077
16236608
16239110
16247418
16249699
16250877
16254213
16262623
16267013
16267071
16269611
16269859
16284526
16288036
16291599
16300475
16306611
16314403
16322285
16327900
16327980
16335916
16344916
16357147
16365278
16368946
16371160
16378982
16385346
16386774
16390867
16397027
16400660
16407848
16410389
16424223
16438645
16438659
16441310
16461304
16467205
16469439
16476057
16489019
16492145
16494043
16498386
16501119
16503355
16513519
16528367
16537807
16543065
16545793
16552740
16553776
16565491
16584580
16597663
16600413
16603531
16618732
16621164
16631235
16634895
16638206
16638848
16641282
16648859
16674071
16679918
16702540
16716807
16720240
16722661
16725153
16751302
16756721
16756955
16763530
16763678
16769043
16777169
16780218
16784459
16787495
16794396
16805999
16808956
16815309
16818731
16819541
16823836
16823956
16828253
16831364
16836911
16840440
16840734
16841089
16846371
16847746
16863903
16863905
16863911
16863915
16875673
16877302
16877345
16878687
16878688
16886053
16886061
16888090
16888620
16899028
16900209
16906157
16912231
16917492
16919488
16920175
16923357
16928758
16929169
16942785
16946301
16948134
16948905
16952464
16958136
16960780
16962791
16964252
16969502
16974072
16987060
16987062
17010372
17010618
17011204
17016644
17017998
17023512
17032700
17034122
17038674
17041091
17041104
17046575
17046839
17049119
17053169
17056591
17056593
17062035
17064769
17066899
17068613
17070589
17075377
17075581
17079299
17082816
17083723
17087743
17089032
17096920
17108064
17108140
17113184
17119115
17120750
17121219
17121897
17130833
17131341
17136117
17148948
17158356
17162664
17165132
17167792
17169327
17171785
17172414
17172811
17174120
17176471
17179206
17182777
17197449
17198877
17201668
17202224
17220989
17228861
17229969
17234775
17245339
17251291
17253948
17262717
17266570
17270027
17280498
17292584
17306924
17315232
17316828
17325742
17327270
17328838
17331556
17332302
17335986
17346946
17350297
17355795
17360804
17362322
17362937
17363691
17366607
17374136
17379424
17381409
17384278
17390024
17394634
17404265
17404502
17409422
17410186
17415525
17439986
17441905
17442973
17452489
17456052
17456315
17459055
17461449
17463394
17468394
17474134
17476338
17504381
17507467
17510563
17511990
17517144
17521613
17522382
17525235
17533053
17535685
17537794
17537990
17541466
17545018
17545702
17549698
17551641
17553309
17559806
17560169
17560257
17562613
17565045
17567884
17572657
17574038
17594938
17596540
17596666
17599916
17601710
17606439
17634424
17634952
17640962
17641542
17646584
17650669
17675502
17679142
17686306
17697603
17697959
17699109
17706641
17707368
17715128
17715292
17715399
17728225
17763975
17764962
17765649
17768666
17804534
17823289
17827391
17846797
17853408
17875700
17878755
17881971
17889832
17893878
17894415
17895991
17896975
17904532
17916907
17925864
17932420
17936060
17947233
17947541
17958344
17966215
17966454
17970806
17971873
17972109
17976542
17991743
17992286
18001467
18007062
18021711
18027722
18031698
18037996
18040270
18040858
18042197
18049311
18054087
18069626
18071913
18081034
18083706
18089752
18089812
18090388
18097220
18097955
18155192
18175225
18176915
18182005
18187037
18188864
18189328
18190699
18195484
18195720
18200497
18201276
18201717
18202009
18203136
18205827
18206136
18206727
18219852
18227060
18234887
18239145
18240961
18247130
18253156
18267010
18268039
18270814
18274673
18279715
18281050
18281165
18285477
18286257
18288973
18289065
18292939
18295345
18295905
18298095
18301059
18304439
18310089
18322253
18333961
18334485
18337451
18339860
18339870
18357387
18361822
18362694
18363039
18365549
18369102
18373506
18375114
18378071
18378795
18384792
18385246
18410746
18412193
18416455
18422759
18426683
18426684
18426988
18431597
18435916
18436740
18443125
18443596
18448868
18464929
18466248
18476589
18481208
18483105
18487224
18495324
18502034
18507530
18508132
18511598
18515328
18523757
18523970
18524826
18533278
18533280
18533683
18535531
18539453
18556411
18562079
18568019
18570923
18579679
18596086
18598677
18599607
18599991
18606818
18615106
18624812
18628138
18632580
18634924
18644448
18647221
18653785
18657145
18660423
18664506
18667075
18671217
18678898
18690419
18692524
18693449
18694321
18696160
18698020
18701133
18707146
18707241
18711749
18715917
18716065
18720530
18753332
18760838
18760839
18765807
18769446
18775311
18779872
18781098
18783316
18788547
18788913
18791205
18799424
18799588
18803056
18807177
18812968
18814042
18820725
18823318
18826577
18829537
18834145
18836306
18839394
18840710
18847313
18847317
18850076
18851783
18855724
18922110
18923649
18941258
18942745
18948617
18949410
18953828
18954561
18954648
18955566
18957686
18974109
18974138
18976811
18981717
18981780
18981857
18983683
18987663
18997494
19002187
19005596
19006565
19008040
19018754
19019622
19020745
19024651
19025611
19042019
19047650
19050309
19053768
19057260
19059110
19064997
19066282
19066630
19082444
19082482
19084067
19088012
19091405
19094464
19106094
19107931
19109194
19109200
19113880
19113920
19116316
19116653
19125297
19131897
19136936
19139079
19139127
19139298
19144663
19147814
19148483
19157222
19157683
19178925
19182224
19188071
19193109
19196827
19199057
19200444
19208649
19212630
19212637
19216844
19216854
19220581
19223274
19223978
19228460
19228923
19231846
19239368
19244528
19245436
19248097
19250276
19258077
19260802
19264920
19266088
19285061
19286309
19297481
19299746
19302975
19305148
19308676
19309551
19318683
19322207
19325708
19325924
19327121
19335218
19335276
19336886
19339947
19340288
19340530
19340934
19344405
19350684
19351212
19352387
19357083
19358515
19360294
19372834
19373784
19379572
19379577
19379578
19380254
19380820
19380869
19384956
19391039
19400132
19407239
19415696
19419311
19423843
19424056
19429788
19433312
19434726
19438749
19441896
19443644
19446720
19446736
19446737
19451305
19455144
19459330
19459339
19460719
19460858
19461103
19463855
19473177
19482312
19492159
19493998
19494283
19496172
19497995
19500800
19502290
19508713
19513547
19513623
19521120
19523923
19524567
19525448
19531922
19539992
19540208
19550128
19551455
19553629
19557626
19558543
19562713
19563077
19563666
19567784
19567818
19568410
19570110
19573447
19573626
19580679
19584257
19584281
19584297
19586611
19588204
19588526
19593633
19594447
19603006
19605489
19608697
19609856
19615218
19615279
19615285
19623659
19625779
19626989
19631193
19634680
19635473
19640718
19641136
19652552
19654311
19657116
19657955
19665027
19665922
19670960
19671192
19678765
19683521
19687226
19688049
19696399
19696965
19703720
19707686
19716197
19718064
19734912
19750236
19755795
19757319
19758998
19760789
19762327
19765831
19770040
19774680
19779716
19784070
19787093
19796655
19812192
19812382
19815840
19816596
19820417
19821487
19825996
19826039
19830694
19837984
19853928
19859544
19859817
19885584
19896878
19903263
19906300
19912363
19921580
19923906
19929465
19932585
19937482
19939894
19949058
19955710
19956569
20007689
20007826
20009035
20010172
20010845
20015992
20023696
20025867
20026091
20028517
20032115
20032431
20035824
20036791
20036848
20038597
20038787
20039317
20039648
20042641
20043076
20048153
20051874
20053635
20061818
20067420
20067991
20068066
20071457
20072672
20076856
20084476
20088780
20090978
20102637
20110411
20118565
20127490
20132055
20133817
20134207
20145270
20147779
20148920
20151462
20153802
20154215
20154716
20157762
20159979
20162608
20166978
20173795
20177796
20179085
20179608
20181250
20181837
20194023
20196768
20200107
20206813
20207537
20215400
20229045
20231400
20300007
20307309
20308561
20309720
20349215
20374199
20376365
20386750
20397073
20412823
20421491
20424260
20427524
20443225
20458749
20459090
20460522
20460542
20460756
20462600
20463101
20465832
20473162
20484021
20484220
20484957
20492653
20493167
20501831
20502526
20503359
20505072
20512044
20514291
20516641
20517160
20524780
20533501
20534452
20534467
20534485
20540706
20556832
20557955
20558135
20561415
20563261
20563655
20566945
20568229
20569497
20573729
20573813
20578990
20580441
20580677
20582977
20585037
20586815
20594270
20596257
20596650
20598333
20599269
20599766
20603605
20607251
20616219
20621330
20622011
20627326
20629312
20629629
20632803
20634485
20637871
20639728
20646340
20646838
20651371
20655922
20660740
20661426
20682445
20683317
20686090
20686361
20695838
20698779
20699000
20699088
20705717
20708218
20710056
20720261
20722038
20723431
20728351
20728717
20729750
20732363
20738306
20798912
20801883
20802527
20807568
20808203
20810927
20813109
20826182
20828730
20829112
20829512
20830712
20835359
20839032
20842469
20847314
20859707
20861157
20861743
20863239
20865359
20869949
20880358
20881125
20889567
20929726
20937786
20938660
20944068
20953377
20956475
20956518
20957366
20960031
20963689
20965717
20967243
20972812
20973204
20973474
20981786
21031556
21045835
21046384
21046385
21046557
21052687
21055881
21056990
21059341
21059953
21070597
21071054
21076047
21080209
21082982
21087342
21087446
21087507
21093051
21106854
21109432
21109930
21110890
21122805
21123450
21124917
21127401
21131428
21138683
21138752
21139054
21143114
21143386
21147876
21148034
21156016
21158459
21158728
21160417
21168468
21171825
21178277
21186999
21187908
21193025
21205837
21209774
21210239
21211718
21211783
21215244
21220099
21234386
21238532
21245057
21248482
21253325
21270405
21270460
21274742
21280917
21284898
21292343
21294125
21294158
21294880
21295470
21295814
21306303
21312239
21312334
21321123
21324162
21332278
21341111
21346588
21347799
21349998
21350711
21357602
21362245
21381021
21402361
21426925
21435112
21438014
21440527
21443090
21447649
21448932
21454012
21455623
21456010
21459800
21459858
21460863
21463876
21468602
21474836
21475899
21480220
21480671
21482691
21483439
21484257
21490062
21494253
21504328
21513481
21514778
21518481
21520098
21521526
21524404
21524584
21527066
21530075
21533216
21537329
21544263
21553023
21553525
21556934
21565895
21567300
21584832
21587260
21605546
21607621
21618098
21618540
21622896
21623238
21623830
21627959
21628333
21630055
21631268
21633638
21636145
21636574
21638077
21651727
21656184
21671800
21673557
21680174
21683606
21684336
21685249
21685373
21695171
21697335
21705626
21719761
21720384
21723943
21726578
21728385
21729582
21730065
21731496
21734413
21735100
21738044
21739561
21740294
21742774
21752744
21752897
21760945
21764390
21780290
21784762
21802140
21804919
21814863
21818756
21821779
21830237
21830996
21831961
21835796
21835955
21841963
21855069
21858803
21878231
21878648
21880153
21886173
21887463
21890643
21902586
21905700
21905730
21906588
21906874
21909080
21909361
21911833
21915267
21925125
21931504
21934106
21947506
21948620
21951413
21964282
21969820
21985848
21986127
21990345
21998043
22002092
22005789
22014447
22018014
22018245
22023092
22025564
22025955
22032149
22039399
22045705
22045709
22047530
22048734
22049516
22052462
22053725
22058039
22069486
22073304
22074556
22075627
22085282
22085380
22092795
22101518
22107755
22108861
22114110
22115649
22115650
22121892
22133596
22146583
22146760
22147802
22152016
22159319
22166584
22169254
22169298
22172099
22182920
22186993
22190478
22202059
22202080
22211109
22219610
22220212
22220905
22226668
22232208
22234341
22234680
22238325
22241961
22242160
22245379
22253872
22254210
22259623
22259630
22264762
22266857
22266861
22271494
22273578
22275188
22280945
22283809
22291931
22293321
22295222
22299827
22304770
22308295
22308693
22313951
22319541
22319600
22333149
22337890
22342838
22342854
22345572
22349591
22350183
22355073
22359577
22365757
22366005
22366438
22369482
22369497
22370645
22370717
22376154
22377565
22399057
22413073
22417013
22430135
22431600
22432781
22438253
22448282
22450749
22451511
22463589
22471472
22472349
22473623
22479424
22485156
22489115
22495096
22496149
22496601
22511954
22513895
22515893
22517031
22526457
22532671
22541097
22546945
22547906
22549810
22554649
22563951
22568557
22579418
22582975
22592891
22595114
22596258
22610174
22621988
22634622
22644306
22651846
22653095
22653973
22664794
22668785
22673499
22674400
22682478
22683307
22685115
22688512
22689289
22692798
22694179
22699677
22706111
22710373
22727731
22734712
22740996
22743644
22745793
22753736
22760863
22761699
22766125
22767589
22772800
22773459
22773586
22776129
22779681
22783935
22796120
22799631
22806433
22806902
22808501
22812188
22814318
22815687
22821930
22824230
22829170
22838398
22845664
22847686
22848341
22849584
22855422
22869557
22871210
22872094
22880115
22884683
22884805
22885527
22888250
22889515
22892890
22897429
22902648
22914607
22916293
22917234
22917235
22922481
22923991
22925564
22932666
22936065
22939235
22941282
22952424
22954962
22958742
22970002
22972438
22977531
22977534
22978573
22984452
22987307
22989616
22992418
22995914
22998838
23012484
23013725
23018206
23023114
23023398
23023480
23029422
23034331
23039915
23040890
23043442
23046610
23053994
23060089
23071744
23075330
23079599
23079643
23082154
23086644
23086703
23091025
23115608
23133664
23133805
23134610
23138185
23143873
23148226
23151033
23157587
23160836
23161741
23168453
23170857
23177198
23181100
23185548
23188729
23192271
23197643
23209338
23211868
23212153
23213054
23216236
23219524
23223293
23223950
23224220
23231927
23232503
23238349
23239029
23249693
23255935
23257686
23259294
23263827
23267826
23267887
23271726
23273785
23279723
23288365
23289420
23289797
23290300
23293746
23294096
23300006
23308188
23321466
23322021
23326587
23331013
23331495
23331764
23333329
23341955
23343425
23344887
23349848
23354012
23359227
23368099
23372646
23381805
23382779
23382780
23382781
23382782
23382783
23382784
23382785
23382786
23382787
23395387
23421710
23434321
23434419
23443279
23452257
23462453
23468253
23469143
23472074
23474530
23482064
23484027
23484292
23489074
23490053
23494875
23495012
23497290
23497377
23509246
23510780
23522974
23523616
23526079
23528817
23538388
23544165
23544621
23549077
23555768
23563306
23565284
23576796
23577723
23601898
23609324
23614921
23623275
23625491
23628037
23634877
23636490
23637121
23647548
23659571
23667426
23669361
23669394
23672855
23676502
23676772
23677920
23682021
23685221
23686836
23688427
23688758
23690484
23698069
23702796
23704087
23710557
23712865
23713431
23723373
23728080
23734232
23740244
23740770
23744460
23744532
23754844
23758411
23761820
23763828
23764537
23769877
23773022
23773308
23777983
23788635
23794067
23794207
23798675
23800042
23802178
23809370
23811810
23813475
23817178
23822165
23824043
23827153
23828719
23838132
23839224
23843532
23849988
23856244
23863999
23868972
23869053
23873382
23881789
23884141
23885267
23886194
23895705
23900735
23901361
23902739
23906028
23908651
23911867
23916851
23917520
23918302
23918819
23924922
23925152
23929505
23934537
23935395
23948404
23961808
23963832
23966000
23969990
23973527
23978679
23982810
23988662
23989454
24002083
24014104
24023356
24023874
24025971
24026287
24027570
24032722
24033610
24033967
24039179
24040160
24041034
24045366
24048002
24051033
24052640
24058588
24072044
24081949
24085800
24086760
24091662
24094005
24098454
24101191
24101523
24102412
24114538
24119449
24120239
24122226
24124379
24125682
24127013
24129780
24137439
24141062
24141785
24144813
24148007
24150741
24150861
24154522
24155514
24155926
24156446
24157575
24158781
24162716
24168792
24170200
24175834
24179538
24180707
24184476
24189753
24196072
24200972
24205302
24205895
24206137
24209634
24215935
24223583
24226205
24236200
24239175
24244561
24246358
24249397
24255072
24256053
24267909
24273889
24282276
24288553
24290754
24292718
24312168
24312338
24312539
24318902
24326770
24330809
24333436
24342323
24356721
24365390
24366360
24370967
24373354
24374507
24375039
24375277
24376734
24378831
24379839
24381939
24386129
24387839
24390633
24395293
24395653
24398989
24399074
24401734
24403602
24416254
24422056
24422066
24422942
24448360
24448516
24451118
24452472
24458841
24464926
24466368
24470959
24472448
24472670
24474664
24475985
24480462
24486002
24486245
24490172
24491461
24497931
24500843
24502926
24505417
24510783
24511119
24516346
24516532
24523241
24525130
24534089
24548137
24553177
24557113
24580543
24581269
24583601
24586795
24586840
24587052
24589587
24590865
24592366
24592369
24595810
24618817
24621606
24626964
24629239
24632660
24634840
24637920
24638915
24644030
24646609
24646644
24647809
24650104
24650882
24651452
24658065
24658853
24659821
24659999
24660779
24668750
24672662
24673458
24677291
24687413
24692066
24693205
24695674
24697337
24711662
24715652
24718993
24722947
24723559
24725174
24726746
24727324
24728301
24735601
24738314
24748552
24749796
24752354
24759824
24760155
24760986
24762228
24765180
24765189
24770893
24771246
24778234
24782546
24784705
24785258
24790097
24793563
24799056
24810923
24816217
24821372
24823505
24840182
24842333
24845753
24855209
24858548
24858801
24859274
24870556
24879309
24885150
24896823
24898400
24900333
24904289
24906407
24912431
24912495
24913264
24918462
24919714
24923360
24934367
24936240
24942536
24944647
24947029
24953490
24961298
24966838
24970694
24972797
24973450
24977448
24981311
24982366
24990163
24990206
24991762
24992171
24997224
24998559
24999477
25007671
25007804
25010020
25016030
25030358
25031461
25032817
25034231
25038987
25039237
25041362
25041836
25045009
25047463
25058910
25066162
25072364
25074471
25075029
25075251
25082513
25085362
25086956
25094028
25098450
25103869
25108653
25114911
25118295
25119723
25120753
25130304
25130395
25131778
25138701
25145299
25149650
25150783
25154297
25159167
25163538
25175863
25193961
25196030
25202367
25204042
25205627
25205877
25211166
25213874
25213993
25230750
25231113
25232565
25237195
25237365
25238146
25249257
25251539
25265194
25265345
25268050
25283599
25285238
25287686
25294819
25299045
25305322
25310198
25312253
25320277
25321183
25326811
25326893
25333254
25338595
25338959
25339334
25341373
25344664
25351811
25355818
25356048
25359780
25363530
25367885
25368239
25371371
25372750
25376609
25378977
25382058
25391891
25393328
25400097
25400739
25403444
25407882
25420576
25421212
25421526
25421818
25428386
25444927
25450404
25450700
25450979
25451233
25460567
25465723
25466898
25471741
25474349
25474514
25482641
25484899
25491178
25492872
25504108
25504440
25504752
25514788
25517250
25526031
25526817
25527973
25529917
25537742
25538908
25544759
25547652
25549045
25550696
25557636
25562157
25563364
25572297
25572953
25582069
25583709
25584630
25586789
25590535
25605248
25605718
25606566
25612609
25613038
25621190
25640878
25643939
25647836
25650120
25655934
25660395
25669980
25671300
25672610
25676435
25676691
25679210
25681335
25685734
25686267
25688986
25698782
25704881
25704914
25705792
25712054
25712213
25714247
25732515
25735334
25736399
25753200
25773070
25774696
25775124
25784988
25791655
25795219
25801155
25801950
25809793
25810724
25815363
25819228
25820869
25821841
25824297
25825119
25825165
25825601
25833331
25834393
25843954
25860928
25866254
25866764
25872129
25878069
25897429
25898553
25899003
25909286
25909640
25912576
25916504
25921529
25929952
25935642
25955111
25955316
25956853
25957946
25958305
25960214
25961926
25962108
25966814
25976655
25978539
25985398
25987090
25995033
25997540
25998490
26014513
26017770
26020117
26023083
26025396
26026718
26029924
26030674
26031530
26031918
26037167
26042340
26045293
26045751
26055363
26058076
26062751
26070050
26073897
26074976
26074977
26074989
26080355
26082201
26083776
26091099
26092504
26095299
26097480
26106388
26106389
26110809
26124757
26126597
26131090
26141860
26144264
26146552
26150700
26154069
26155911
26161302
26164455
26166547
26166636
26178362
26179613
26186480
26190113
26191361
26195666
26199389
26205821
26209038
26209354
26212126
26213494
26214690
26216880
26218745
26221287
26224208
26232325
26235278
26246398
26247892
26259237
26260632
26261502
26261552
26265085
26269605
26275042
26277915
26278330
26279442
26279750
26280082
26286848
26288180
26299663
26300887
26300925
26301631
26309120
26309898
26314478
26318034
26320102
26320881
26321665
26330211
26337509
26338423
26338723
26345294
26346005
26347749
26350264
26353174
26356032
26360610
26365432
26366086
26369824
26374452
26379424
26384735
26385890
26396176
26397724
26398122
26398409
26404566
26406413
26413813
26414794
26414846
26428435
26433665
26436997
26439684
26441982
26444377
26452480
26452556
26453409
26458529
26459389
26466742
26472699
26481100
26482377
26490317
26490988
26494555
26498029
26500026
26501673
26514996
26517945
26519029
26524024
26526157
26538086
26546437
26551719
26552750
26560447
26564323
26576337
26577115
26577262
26578388
26582643
26583329
26589908
26590297
26597700
26599430
26602164
26609049
26611644
26620723
26622806
26629936
26631033
26631642
26635033
26640147
26646452
26659815
26667813
26678086
26678887
26678890
26681969
26682242
26691389
26715265
26715277
26721717
26722521
26742943
26744352
26744523
26745593
26748365
26748383
26752281
26755698
26755907
26756098
26760231
26769866
26780310
26782415
26782435
26788981
26801174
26807787
26809356
26813575
26817997
26818151
26818832
26819076
26821357
26824743
26826409
26827717
26829983
26841863
26848769
26851944
26855082
26858855
26862570
26866290
26870218
26879206
26880995
26883290
26886512
26886751
26892496
26896000
26903201
26920352
26923331
26925063
26931577
26934559
26935473
26936919
26952745
26952837
26954567
26965284
26965637
26967480
26974376
26983669
26983756
26998906
27005825
27007162
27010148
27011380
27014981
27015814
27018596
27020572
27030717
27036939
27041792
27052602
27057951
27059040
27061747
27066828
27068353
27070582
27071778
27079871
27082011
27085904
27088072
27092040
27107829
27112767
27117936
27121088
27124560
27127886
27135782
27147258
27147644
27154357
27157541
27159079
27163878
27167239
27168326
27168818
27175029
27175473
27175968
27177037
27177128
27179215
27185877
27186295
27212031
27214240
27215741
27220474
27224003
27226569
27245949
27248053
27251585
27259320
27263845
27265573
27267632
27268124
27269634
27270413
27279910
27287071
27288704
27289344
27297868
27300512
27300696
27307990
27314628
27316829
27322244
27323859
27328961
27339271
27340788
27340942
27347068
27352994
27356492
27363619
27366778
27368421
27382437
27385284
27432087
27434274
27434301
27449062
27454381
27456816
27458983
27461876
27470356
27471912
27480113
27481956
27485481
27489862
27500073
27501830
27503580
27504737
27516427
27528023
27528222
27529439
27535663
27542769
27543332
27544389
27556182
27556298
27571038
27573814
27575003
27576294
27581786
27586516
27590996
27592818
27594591
27598329
27602138
27613700
27615032
27634189
27638770
27650112
27655427
27658790
27665947
27669438
27681431
27688303
27690009
27697100
27697999
27709493
27725861
27736296
27751885
27752700
27755957
27760212
27775742
27777204
27789364
27789711
27789718
27795873
27798120
27803285
27809841
27811056
27822141
27822706
27835894
27835905
27838645
27855210
27863376
27867005
27868262
27875725
27885250
27886253
27890075
27896627
27907184
27909810
27914361
27916459
27916896
27918748
27922681
27938478
27939345
27974694
27996149
28000861
28001450
28002632
28007399
28011488
28012397
28031228
28032520
28035333
28035725
28042328
28049490
28056298
28057017
28059437
28061765
28067275
28072855
28073681
28078743
28092866
28099928
28104461
28108674
28110347
28115158
28118546
28121621
28123896
28126341
28143986
28148720
28176874
28181493
28186979
28193907
28195912
28196146
28196519
28203485
28207860
28212183
28215173
28219003
28223275
28231592
28233339
28235241
28236026
28244004
28255115
28255525
28261115
28263839
28264927
28276530
28277316
28277622
28280274
28280994
28282510
28285461
28299514
28303319
28318328
28322369
28326928
28331048
28332152
28332618
28337208
28337946
28341456
28349828
28350074
28351707
28352314
28353164
28356064
28356948
28360196
28367066
28367523
28373366
28374486
28379899
28380526
28400375
28402926
28403883
28408934
28409853
28410420
28412671
28412763
28413458
28417467
28419476
28421531
28423060
28426786
28445180
28445650
28446538
28447713
28447939
28450349
28450555
28454388
28454459
28461496
28467773
28468584
28469774
28469794
28472121
28478265
28481874
28484859
28489887
28498420
28506990
28521261
28526063
28529638
28531361
28533307
28535405
28542132
28544785
28547726
28547946
28548645
28549419
28549596
28550161
28550361
28550531
28552733
28554753
28559386
28559980
28562124
28566721
28575798
28576885
28577295
28584306
28588623
28588695
28595291
28596654
28599597
28614918
28619846
28621237
28626925
28633557
28638088
28639900
28641630
28643496
28655092
28681591
28685624
28687617
28694161
28694325
28696805
28698642
28702143
28703799
28703822
28705238
28711757
28716707
28717168
28720830
28729430
28732051
28733085
28733702
28734730
28739729
28740515
28741466
28744319
28752270
28753202
28755135
28768055
28768817
28771849
28774332
28774348
28775206
28779009
28779088
28781651
28783870
28785202
28793338
28804668
28804991
28817386
28826086
28831064
28835380
28837147
28842468
28846922
28855206
28863947
28864209
28864616
28867677
28870858
28875842
28877839
28900008
28900484
28902921
28903152
28903325
28904745
28919816
28925100
28929029
28935647
28936810
28938623
28945547
28945553
28945785
28952213
28952842
28954272
28961998
28978091
28979687
28994112
29016745
29022185
29022693
29026158
29032612
29035436
29050986
29057951
29061496
29073721
29078859
29088715
29091208
29093284
29096246
29100374
29105376
29110625
29112684
29113309
29119710
29123467
29125295
29125867
29131020
29132039
29134414
29141633
29146630
29157995
29158842
29161347
29163802
29171984
29183039
29203538
29203889
29208671
29212254
29218082
29221153
29228566
29228730
29232654
29232699
29235568
29237840
29259008
29263923
29264804
29272550
29279316
29282035
29283028
29288743
29290814
29294053
29296749
29296751
29296840
29301984
29304539
29307582
29312481
29314840
29316404
29317253
29321662
29326436
29330286
29340033
29344197
29345324
29348805
29348861
29350534
29350899
29353288
29363736
29366593
29370457
29379494
29381400
29385398
29386025
29389241
29391899
29396162
29396484
29398278
29399411
29402091
29417588
29424203
29427452
29429249
29433375
29433681
29434873
29436696
29451220
29453386
29453972
29454781
29455242
29456793
29461034
29463989
29465400
29466916
29472546
29472636
29475239
29481800
29481882
29485043
29494843
29494948
29497453
29499763
29500940
29507348
29507625
29510123
29515781
29518606
29522685
29523218
29524405
29526013
29527563
29533926
29544122
29550625
29554149
29566745
29568908
29570832
29573661
29574276
29577638
29581527
29581772
29581828
29594214
29599202
29599809
29603337
29625032
29627450
29636460
29641231
29642081
29658309
29658570
29658658
29661652
29665227
29669322
29678548
29679717
29682200
29687407
29693336
29696364
29705266
29710553
29715199
29719205
29721166
29729309
29734183
29734477
29741398
29742393
29742593
29744773
29745083
29749473
29755595
29762163
29767255
29771176
29774993
29775758
29776406
29776413
29777009
29777875
29777878
29777988
29783989
29786753
29795361
29795757
29797610
29797935
29798293
29801148
29805477
29805693
29844860
29845707
29845742
29849822
29849929
29858385
29862169
29862173
29872154
29873242
29882473
29887884
29894816
29899118
29903571
29911936
29916918
29920526
29925508
29926386
29926732
29934471
29936266
29945222
29951060
29954928
29955944
29957221
29959873
29967943
29972256
29991278
29996650
30002148
30005876
30010038
30012106
30015868
30015971
30018141
30020413
30026568
30034941
30037369
30038265
30042959
30045021
30052039
30076481
30080220
30088666
30092218
30095739
30102220
30102658
30105558
30105642
30106199
30108045
30111818
30120011
30120960
30125595
30127875
30129184
30135081
30142543
30144249
30149659
30155533
30165332
30177838
30178381
30181898
30183082
30184109
30191351
30191987
30193101
30195032
30204524
30209686
30214524
30221695
30224776
30228947
30238101
30250516
30251699
30257500
30259564
30259651
30262794
30269472
30271505
30274780
30276325
30295281
30323888
30324106
30327409
30337690
30340825
30341486
30342023
30342024
30342381
30343551
30349656
30355915
30355939
30358021
30359750
30365110
30366921
30367010
30370258
30371153
30371725
30372748
30373873
30382579
30405570
30407257
30408103
30408147
30416684
30428473
30431073
30441765
30451884
30453100
30476826
30479013
30489627
30502762
30506423
30508148
30514601
30518679
30519048
30520941
30534824
30537000
30537044
30538113
30538428
30541517
30554431
30563937
30564115
30564525
30574973
30582214
30584072
30590756
30608206
30612520
30619343
30622535
30632021
30650267
30655949
30656691
30678240
30678736
30693694
30700545
30706786
30707456
30716366
30717348
30729243
30733896
30760134
30760238
30772128
30774774
30786682
30787324
30791675
30792442
30796186
30802149
30808710
30811623
30815351
30816332
30816502
30827936
30827938
30828149
30829272
30837297
30837882
30851425
30857971
30858017
30867449
30867667
30867843
30870116
30883140
30896799
30900513
30902754
30904045
30904607
30910975
30912855
30925138
30936203
30940657
30940776
30942441
30950188
30953364
30955244
30958662
30973227
30976426
30978562
30981691
30992469
30995642
31000424
31001066
31004477
31010839
31011147
31022852
31024831
31025274
31028289
31030094
31043385
31070930
31071921
31098995
31099252
31106142
31107904
31108241
31109345
31118614
31127849
31139626
31151472
31156041
31160759
31173219
31177127
31182792
31185279
31189656
31190884
31193811
31201207
31201250
31206187
31219799
31221512
31223107
31228713
31231387
31239542
31244335
31245296
31248974
31257476
31259760
31263828
31267520
31273630
31275425
31281504
31286993
31287095
31287410
31289212
31289820
31292126
31293645
31299195
31304005
31309143
31310013
31322174
31324252
31325448
31332163
31332391
31343930
31346528
31350844
31357956
31368195
31371800
31372333
31377592
31382985
31384667
31388305
31388999
31390312
31396324
31396330
31397035
31399696
31412600
31415486
31417560
31423579
31428099
31428156
31431613
31434952
31437429
31437601
31437795
31451931
31456261
31456979
31460362
31471373
31475113
31477919
31481310
31481460
31494293
31494331
31507535
31513647
31517442
31518054
31524789
31534521
31534540
31535659
31537527
31540474
31548340
31549940
31554271
31562188
31566725
31570491
31571016
31571524
31573375
31575088
31585647
31591573
31602917
31608242
31624136
31641784
31641797
31650323
31650891
31652450
31653710
31661001
31661133
31662443
31672767
31679624
31687976
31698158
31702806
31704480
31705019
31712051
31715374
31718684
31719921
31724498
31725979
31746344
31747563
31749257
31752959
31787895
31788067
31802362
31806538
31809874
31810195
31815761
31818187
31825725
31843463
31845480
31852686
31852784
31854208
31855733
31856576
31859114
31860633
31874281
31875277
31877673
31885605
31897867
31900845
31904910
31917965
31921208
31924747
31931030
31931052
31935734
31938088
31938138
31938440
31943341
31948995
31949484
31955063
31957290
31966622
31966793
31966870
31967865
31983166
31985098
31991051
31991851
31997826
31998323
32006698
32016478
32016848
32016931
32019336
32020622
32035133
32037613
32038475
32041571
32042176
32047668
32047724
32062757
32063704
32075106
32078474
32079173
32090966
32101839
32104240
32110952
32113784
32129155
32134938
32135579
32155465
32156548
32159901
32162869
32165091
32169299
32181567
32193486
32194542
32206838
32210974
32211093
32213707
32214134
32219196
32224910
32231725
32232002
32239134
32239371
32242972
32255293
32260318
32265150
32268958
32273755
32281218
32295630
32303038
32308422
32314796
32321944
32329446
32330088
32332145
32334192
32334273
32341656
32347269
32349612
32353736
32356397
32358063
32362830
32366418
32366567
32372405
32373205
32373542
32373955
32374043
32374077
32377699
32384208
32386617
32390763
32391652
32409567
32410920
32418119
32418467
32426042
32428553
32432042
32440550
32451495
32452221
32455728
32460032
32460182
32466427
32467829
32471458
32472755
32474443
32483419
32487616
32492596
32495871
32495879
32504784
32509378
32512633
32518311
32521912
32522221
32534343
32534719
32536689
32538902
32544428
32556197
32572911
32577844
32581241
32592164
32597394
32601321
32603023
32606001
32608185
32610042
32629802
32630806
32632898
32633015
32635929
32655791
32657867
32659786
32661868
32665413
32676914
32683420
32691010
32695291
32698668
32708431
32719743
32724311
32724425
32724470
32735880
32753894
32758634
32765509
32766282
32768738
32777295
32782501
32784523
32788219
32795379
32795528
32797076
32804554
32816905
32822674
32825729
32835835
32836215
32838946
32843095
32848392
32867211
32867358
32868775
32870250
32872485
32876898
32881844
32890663
32893969
32896760
32896997
32897206
32898186
32901270
32901877
32918455
32922601
32924817
32945380
32949560
32953729
32956018
32974338
32978834
32983147
32983169
32985522
32992950
32994431
33010818
33013914
33014834
33033556
33037504
33051109
33052232
33057926
33068939
33072091
33073183
33079278
33089889
33096815
33096938
33104270
33108417
33110054
33112058
33113408
33114273
33116473
33116799
33123122
33123586
33127761
33131745
33141178
33145265
33148803
33150801
33151473
33152945
33170753
33189916
33194088
33195200
33208624
33214847
33228346
33232924
33233846
33239628
33252829
33253591
33262830
33268380
33270904
33273682
33278386
33281749
33283727
33288780
33300867
33306632
33312205
33319557
33327748
33340596
33344118
33363463
33376963
33381162
33382018
33389659
33391493
33392074
33406809
33413613
33413641
33414275
33414415
33415110
33425898
33429333
33435128
33440865
33446393
33453212
33456563
33479612
33485325
33502425
33506894
33507454
33507926
33512437
33512478
33522355
33525262
33537175
33550492
33569050
33574707
33579367
33579803
33581134
33604348
33614652
33617803
33624027
33637678
33643466
33647040
33649808
33655604
33660512
33668794
33669329
33671498
33674341
33692092
33693593
33704767
33705493
33710803
33713429
33715207
33715421
33716502
33721354
33753481
33771702
33771976
33777204
33779350
33781190
33785097
33804745
33805264
33814256
33815355
33819355
33826679
33841670
33842460
33843403
33850015
33854601
33866326
33891703
33897875
33915224
33918655
33927188
33927349
33937018
33941197
33942933
33945869
33953165
33955151
33955781
33956406
33962657
33964217
33966046
33980979
33986833
34004204
34011605
34015362
34015764
34015968
34023505
34024229
34034308
34049979
34050566
34052833
34058384
34069563
34070538
34080667
34082093
34091027
34100443
34107168
34109508
34110956
34117967
34122427
34136574
34142881
34149898
34165373
34170080
34173205
34178415
34180759
34185460
34187383
34190517
34208189
34209026
34214844
34224378
34233723
34234436
34255748
34260048
34266404
34267242
34269725
34271955
34284543
34289017
34298657
34298991
34301912
34302955
34307181
34307366
34322132
34326457
34334384
34335589
34335979
34346843
34350830
34355650
34362530
34363012
34368645
34373723
34386499
34394840
34396983
34417915
34424927
34432782
34453039
34464923
34471234
34475074
34483675
34485423
34494495
34500454
34503103
34504486
34510332
34522096
34525196
34527345
34536822
34552197
34555268
34563828
34568309
34580847
34584545
34588386
34589390
34601384
34609417
34609952
34619434
34630738
34635806
34638216
34638956
34642827
34651291
34656473
34659412
34676043
34676245
34683912
34684878
34685420
34687286
34693865
34709764
34732848
34733839
34737067
34741007
34741382
34757363
34763920
34781809
34785089
34793563
34795842
34807749
34830862
34834337
34847407
34847760
34852303
34855138
34871976
34884960
34885030
34893663
34906163
34916377
34916425
34920230
34927238
34930323
34935260
34948374
34953982
34973340
34976212
34990040
34999395
35006394
35015734
35016116
35023903
35029796
35032611
35033095
35034285
35055054
35064098
35064116
35066378
35067815
35070954
35075797
35083551
35093692
35111484
35116714
35117486
35119076
35120520
35120582
35121728
35124530
35133380
35149705
35149767
35150031
35154113
35156573
35163700
35173552
35174166
35177982
35178087
35179893
35181615
35183534
35197118
35199885
35203545
35216311
35226449
35248418
35255299
35259193
35267171
35273724
35279964
35280817
35283583
35293739
35301927
35306016
35308137
35309836
35312939
35336029
35346802
35358193
35359589
35364008
35364624
35368523
35377243
35385310
35385630
35386453
35388021
35391718
35392783
35395456
35395979
35397601
35402179
35406582
35406620
35415298
35420075
35421785
35429248
35456719
35462338
35467082
35479581
35479835
35481418
35483564
35485167
35493524
35506454
35522562
35531956
35532120
35532498
35538804
35545781
35558209
35560735
35565443
35579162
35582358
35583012
35587010
35588454
35597127
35607269
35610039
35616289
35618518
35623288
35630915
35630929
35632444
35642939
35643380
35646535
35652755
35670812
35674738
35679480
35680812
35681259
35681470
35715791
35717322
35729596
35731168
35731811
35752684
35772647
35774848
35784400
35786050
35797269
35799158
35799894
35800283
35802888
35803509
35806093
35815270
35818267
35820465
35840423
35845518
35860597
35866483
35867293
35875591
35877436
35882780
35884987
35885004
35888127
35890397
35892930
35893797
35903108
35904250
35908411
35912820
35914619
35926459
35934221
35940305
35941537
35944359
35946444
35953728
35959282
35961772
35968663
35982734
35985446
35998969
36006193
36034499
36044337
36047714
36051022
36051532
36051984
36054080
36058380
36070092
36075452
36088505
36089616
36096455
36103228
36112544
36131788
36145541
36148060
36159583
36163180
36178806
36189584
36193608
36209974
36210485
36211390
36211464
36224562
36226111
36233031
36233057
36233192
36241000
36250346
36258736
36270088
36273359
36284271
36293358
36304731
36307391
36308553
36315303
36334859
36347256
36357178
36359736
36368017
36368465
36368650
36377208
36403512
36416257
36419107
36428240
36442720
36449693
36473282
36482077
36499667
36512648
36514107
36519232
36529918
36535585
36539634
36539682
36551144
36552718
36554439
36564369
36565839
36579657
36592826
36597126
36601756
36608447
36609711
36612081
36613922
36647675
36656397
36659961
36672341
36675225
36684661
36685431
36692314
36694702
36697060
36703316
36704981
36713377
36718632
36719470
36733230
36735564
36745434
36747581
36748819
36749089
36749409
36757203
36770826
36781697
36789975
36800350
36813133
36816176
36817457
36821386
36822100
36823976
36824840
36831366
36843847
36863142
36865146
36870448
36871629
36901829
36905421
36912731
36923305
36928087
36933242
36935465
36944083
36972328
36979628
36979893
36982302
36986504
36986589
36990325
36991451
36992255
36993221
37010151
37014552
37028546
37031825
37034524
37039233
37040097
37045841
37047331
37066245
37067645
37068392
37072734
37085610
37088135
37088308
37095967
37101548
37141381
37162645
37162652
37164050
37167408
37186947
37196929
37219666
37223524
37227798
37236320
37243169
37244751
37250913
37259219
37272977
37280713
37286923
37290620
37327120
37328158
37348915
37351997
37375261
37379710
37383001
37392490
37406129
37417915
37426394
37443753
37443763
37444550
37456783
37457445
37458065
37468947
37477145
37477496
37497001
37497691
37503556
37516711
37521859
37523265
37530325
37532885
37538469
37540799
37543012
37550619
37558722
37579968
37586084
37589008
37592737
37601820
37614837
37623313
37626511
37628919
37629071
37634595
37634642
37634992
37635325
37639844
37647678
37652272
37679408
37690681
37696390
37697316
37719382
37724932
37727693
37730257
37730560
37732054
37732222
37735875
37736271
37736772
37738928
37745406
37749552
37757768
37786419
37815869
37822935
37833254
37841838
37849810
37878624
37890573
37910599
37923671
37936677
37940118
37956893
37957335
37957678
37961571
37963170
37972448
37979093
37979447
37988455
37989124
37996444
37996954
37997026
38003419
38004606
38004925
38010435
38030744
38036098
38058084
38061122
38063111
38068544
38069447
38070699
38075689
38082196
38099418
38102446
38116327
38126879
38129870
38131305
38145406
38165171
38178560
38190037
38190608
38190998
38203690
38212005
38234792
38235367
38244066
38253566
38256260
38259071
38269525
38274000
38289161
38291527
38304623
38306953
38332341
38350065
38360292
38363205
38366101
38370015
38373763
38390333
38402155
38408712
38430337
38439632
38439953
38442908
38447871
38455420
38472446
38474372
38487536
38502733
38518400
38519141
38522312
38524630
38533073
38533538
38545887
38547061
38548120
38553476
38566371
38576241
38579048
38579682
38579957
38581990
38587644
38598804
38606663
38608825
38614386
38634290
38634516
38643510
38647430
38647446
38655233
38655838
38675853
38695659
38697315
38698419
38704478
38704961
38719020
38727318
38728427
38740965
38742709
38761377
38766687
38768411
38768429
38778589
38786853
38789949
38791878
38792485
38798305
38803493
38811530
38812131
38813902
38814161
38821198
38822196
38835488
38863440
38864115
38869359
38878656
38879970
38885550
38893721
38900482
38905184
38907003
38920657
38934402
38949514
38964729
38979422
38994774
39000362
39001265
39001388
39008219
39010178
39035006
39040098
39053189
39053226
39054360
39055891
39062849
39063246
39070795
39073190
39081954
39086048
39088923
39090381
39093700
39094710
39096094
39098732
39103342
39125877
39134496
39145631
39146384
39149821
39173233
39195225
39199390
39204345
39206986
39207051
39213763
39225100
39236316
39246618
39248648
39259697
39261603
39263631
39264476
39271963
39273392
39295108
39299785
39301642
39311312
39312622
39313635
39314243
39317187
39323959
39327570
39348763
39350214
39362817
39363105
39364559
39373210
39373694
39382301
39396564
39407172
39415647
39416177
39427414
39431004
39438407
39440461
39441360
39454710
39464891
39466217
39468982
39470100
39471249
39476960
39480614
39496725
39497002
39503422
39503766
39512693
39514263
39536539
39551220
39559553
39572317
39575248
39578310
39579880
39583183
39584415
39587482
39588369
39613853
39616856
39620339
39627724
39639824
39658102
39658737
39659571
39662834
39664952
39671083
39688484
39690071
39691453
39696656
39700131
39708256
39709562
39709563
39715225
39721337
39724608
39737176
39744224
39757159
39760698
39763468
39766093
39776043
39779470
39782735
39794158
39796050
39816054
39834554
39863023
39870588
39875975
39877344
39881403
39887860
39891048
39891908
39892388
39897488
39904071
39925185
39932368
39934460
39939722
39956404
39966233
39969206
39985292
39990324
39991734
39992057
40000331
40000897
40001186
40012038
40012347
40016194
40022442
40034286
40037210
40042244
40063796
40067691
40076586
40076664
40077814
40084145
40089129
40095909
40099855
40101879
