9215629
9407001
9545376
9743501
10444590
10525530
10545115
10669754
10684855
10698492
10903735
11003656
11112409
11193028
11225842
11410864
11420043
11483955
11495919
11703323
11773067
11799127
11842083
11881150
11907324
11948183
11992005
12097584
12140263
12150977
12391177
12407442
12482920
12508112
12529400
12595526
12681512
12948851
12953102
12954772
12968034
14505347
14517282
14557665
14637155
14662340
14978102
14978255
15016915
15033475
15128734
15240113
15252119
15258908
15350595
15364927
15459896
15570294
15572661
15637079
15683733
15683751
15781341
15795247
15861194
15983381
16088932
16287980
16311507
16331268
16406523
16475184
16524876
16569639
16571803
16581901
16810318
16818774
16845383
16861237
16880812
16982744
17035242
17081986
17082815
17098929
17192316
17210684
17289031
17306074
17362989
17369508
17370120
17404597
17471023
17590404
17596307
17661348
17933869
17938171
17952115
18003619
18025529
18031230
18069800
18200667
18413714
18480450
18480747
18508722
18558084
18562626
18566590
18583933
18932217
19017466
19106612
19308989
19369322
19372739
19411830
19465479
19563778
19690170
19789334
19789335
19821084
19944121
19958631
20014998
20097304
20153724
20185822
20484509
20504901
20620219
20651253
20697732
20927612
20935220
21047901
21108476
21134643
21252315
21383010
21474063
21474068
21482821
21526495
21572393
21573799
21643015
21697482
21719641
21816224
21832009
21843499
22102817
22119000
22185778
22199361
22500635
22572957
22575867
22664104
22771329
22976298
22976303
23023413
23038753
23075851
23142979
23221555
23222847
23239745
23260419
23295648
23302889
23348568
23396441
23405218
23426519
23536002
23539629
23542781
23593018
23660862
23760585
23819605
23830076
23864634
24148618
24152857
24200965
24398161
24493739
24530302
24550390
24565208
24884573
24939593
25019989
25120166
25210493
25275136
25299700
25416556
25416818
25487495
25651005
25659035
25748050
25842852
25862973
25900181
25903140
25917972
26097870
26148509
26205068
26325466
26340527
26500702
26540225
26566030
26773061
26812044
26814089
27162024
27407094
27465500
27488634
27499896
27578458
27671201
27779244
27872097
28004751
28062559
28169279
28216678
28223336
28301594
28320502
28320872
28334823
28341773
28358373
28371511
28497778
28501693
28510731
28591701
28706608
28719461
28796347
28812328
28875283
28875424
28955830
29084956
29271408
29273057
29491153
29599123
29658246
29688432
29799523
29854663
29903771
29906705
30021865
30237857
30315258
30335163
30336783
30342802
30365520
30419007
30423196
30625996
30728268
30747827
30796101
30872698
30882175
31029033
31029404
31350900
31361513
31387918
31434890
31607206
31614769
31615977
31628488
31801713
31803910
31819132
31850367
31879127
31895940
32150692
32203094
32203224
32260023
32489456
32533344
32545337
32596036
32641734
32694250
32782452
32821827
32856116
32864429
33471863
33525665
33692341
33692348
33843453
33849943
33975869
34220718
34359912
34365141
34408321
34624666
34624827
34650047
34876685
34983954
35317025
35508460
35691289
35718818
35872157
35976056
36028493
36077718
36162510
36182795
36702689
36759506
36868228
37010579
37013192
37045819
37080165
37107548
37163376
37169669
37396746
37553782
37633949
37655670
37767699
37805408
37818851
37871853
38008278
38033728
38038252
38297159
38822367
38909708
39093924
39185184
39200236
39331358
39366850
39551802
39617259
39681555
39803578
39954168
