15383328
17631897
18583960
20300618
20862261
22270009
22492871
22917660
24380861
24584351
25049620
25050112
25208899
25343452
25382417
25437271
25710910
25724843
25740981
26184164
26192917
26235985
26290144
27179789
27180681
27586307
27813512
28148788
28371085
28554548
28733330
28964860
29037760
29222110
29387631
29490693
29621097
29782654
29899501
29971060
30256975
30297359
30349862
30475900
30613052
30721061
30734472
30816053
30817323
30910425
30936465
31057547
31178390
31216476
31274575
31300642
31347257
31382975
31511697
31575075
31587919
31659248
31690062
31899305
31906196
31936642
31954521
32135084
32326089
32380046
32397752
32414573
32417493
32435411
32446036
32553121
32600431
32714884
32787106
32841591
32843425
32852922
32896648
32899434
33137198
33201472
33301755
33401776
33460649
33627125
33674311
33766561
33781803
33789733
33898107
33941613
33993884
34054816
34056415
34083132
34265466
34344536
34381968
34387860
34437837
34445801
34535544
34614429
34638314
34650637
34654425
34708395
34736554
34771731
35121200
35121978
35178128
35238482
35326346
35392274
35460172
35467791
35536379
35588748
35647523
35692100
35752837
35762573
35815807
35874614
35899912
35954483
36151390
36158701
36184094
36242920
36299587
36303180
36393867
36434914
36603305
36725983
36744958
36791810
36806038
36907112
36941678
36971051
36982856
37142295
37149668
37214906
37214951
37221693
37371098
37407573
37422363
37517790
37542040
37587519
37649609
37651885
37705009
37745530
37820992
37845393
37904618
37975412
37988165
38002045
38023563
38057330
38058759
38076929
38077005
38090607
38095733
38102963
38218270
38218948
38252226
38265972
38273160
38277756
38284452
38299588
38316768
38421120
38492624
38539466
38556190
38664397
38669753
38697667
38795350
38844815
38891697
38976626
39026797
39062517
39155369
39189461
39222785
39306228
39349420
39351864
39368002
39471229
39500865
39516658
39547060
39591970
39592517
39605424
39701936
39708233
39719209
39729994
39768765
39794123
39803052
39836689
39878593
39975375
40089076
