21892174
23142775
25086295
25704810
25776036
25907950
25920683
26712909
26917736
26944477
27133828
27174803
27502187
27721487
27795557
27928732
28084564
28126619
28194039
28348086
28426938
28547672
28637623
28684273
29871919
29942316
30025984
30144193
30407884
30963592
31082519
31400013
31443275
31484648
31698430
31713024
32060018
32081808
32307695
32781207
33190445
33585199
33626862
33650667
33689767
33711218
33763998
33836623
33929502
34349893
34473945
34644397
34671111
34723452
34916496
35246110
35303436
35443031
35613581
35671390
35712074
35781188
35844724
35918249
35980681
35987913
36029113
36036093
36037623
36119490
36229594
36322930
36455200
36495771
36672294
36680100
36729548
36780110
37032414
37144604
37154083
37160870
37199125
37278578
37317927
37406166
37434984
37467105
37506341
37665752
37705260
37710381
37796519
37874914
38016923
38024610
38113347
38159331
38199263
38229084
38238444
38255170
38282418
38312561
38348889
38368440
38492200
38514771
38597818
38696198
38928053
38937548
38953908
39046192
39139355
39246323
39388278
39453476
39464073
39526222
39564659
39890690
39945023
40040251
