10092611
10615135
10708765
10715201
10721735
10801130
10888872
10888886
10947852
10985851
11063128
11104769
11222358
11290321
11368904
11382789
11399088
11482456
11530011
11604495
11728338
11884600
11888894
11912126
11932749
11942627
11977983
12071960
12383256
12397175
12473678
12496760
12530095
12538344
12538347
12548018
12616525
12665573
12749854
12789259
12799438
12821352
12903179
14510503
14559786
14614325
14614326
14619887
14633461
14690556
14734556
14742272
14749379
14990994
15156141
15313181
15339928
15340041
15375672
15378011
15499388
15509558
15509869
15526354
15550930
15634679
15637587
15661269
15762053
15793773
15799776
15821584
15996102
16026162
16053511
16120212
16274244
16314526
16358338
16497664
16500889
16510855
16536984
16537562
16715135
16769694
16773959
16824199
16854279
16861352
16960727
16963560
16980612
17030625
17053888
17081533
17085482
17196739
17214966
17283125
17312023
17322882
17325677
17355984
17470536
17532557
17571247
17576694
17640084
17710197
17724018
17893328
17931718
17934516
17965600
17965604
17994007
18194272
18203234
18204201
18220765
18221528
18252747
18314485
18460542
18499700
18536530
18559472
18559477
18563322
18567946
18637271
18680430
18719399
18754681
18922972
18974146
19016755
19048127
19211935
19222038
19233506
19262751
19275888
19279403
19282482
19399408
19468253
19539327
19631206
19723570
19723660
19914212
19923434
19932585
20044957
20071334
20081831
20139703
20228804
20234167
20335008
20348135
20352123
20387133
20398055
20428781
20547750
20573698
20584988
20592467
20613874
20820192
20840813
20920981
20937307
20940144
20979427
21042757
21045206
21078759
21126517
21151116
21163962
21229291
21239472
21266713
21268065
21293465
21296890
21311766
21347439
21362628
21389349
21395176
21459093
21472302
21480430
21492995
21507353
21507355
21518897
21532572
21553025
21565170
21619587
21625467
21636528
21745816
21762444
21779454
21791605
21846773
21868513
21887463
21947282
21966451
21985173
21999220
22007908
22064703
22072770
22110720
22134929
22135303
22219193
22236544
22264301
22278882
22295098
22305267
22323818
22328086
22338191
22345515
22348533
22349384
22349820
22355787
22362755
22395459
22403725
22445894
22571342
22607757
22609058
22633409
22641038
22739025
22795133
22841775
22875665
22898998
22919364
22935141
22966223
22967183
22975348
23039890
23041765
23072722
23075413
23079992
23127209
23171847
23196709
23242655
23305699
23312906
23318422
23365052
23368921
23431054
23463006
23521649
23535145
23554223
23638630
23639684
23666104
23671287
23688286
23706494
23741375
23754744
23771421
23772490
23775084
23808878
23809695
23820632
23846337
23897429
23904686
23918933
23995786
24001151
24001767
24025864
24027299
24038143
24058781
24094292
24107992
24211420
24247422
24253042
24303552
24311629
24358134
24361215
24368767
24434851
24440346
24441677
24475290
24492612
24559687
24586322
24599782
24630008
24630728
24631383
24637615
24675762
24709307
24762689
24789765
24809620
24825143
24833086
24875904
24883126
24908436
24911372
24913034
24947242
25015109
25033457
25093853
25107489
25111481
25207720
25231260
25247799
25300248
25315069
25319390
25349215
25444908
25455074
25476119
25480665
25483051
25485502
25487288
25493477
25512445
25533200
25578964
25595591
25596970
25621498
25659757
25678562
25738352
25746661
25753001
25822089
25860431
25865490
25874999
25886188
25892014
25908435
25927928
25950085
25960197
25982273
26023099
26032981
26047583
26065575
26085088
26090723
26093272
26117023
26120002
26162541
26207295
26257392
26261487
26299326
26307088
26337869
26375799
26383849
26454216
26491684
26496704
26497367
26504497
26504739
26553800
26602018
26606905
26676363
26747177
26770634
26774338
26774342
26808831
26815200
26847351
26848521
26850336
26850820
26851214
26871472
26872375
26929335
26980709
26983918
26998112
26999257
27021683
27022290
27071379
27120497
27151458
27169697
27212035
27237591
27237979
27261509
27277422
27286455
27286477
27306462
27349246
27421476
27421653
27475839
27488808
27525019
27530451
27532423
27545441
27602171
27620163
27637577
27651312
27651430
27658300
27659015
27693117
27697222
27713144
27752090
27768961
27777512
27789275
27824296
27826835
27845898
27859417
27865785
27871462
27871469
27881579
27886214
27906180
27922198
28036297
28060996
28093267
28100769
28112215
28119131
28133504
28143904
28159994
28215845
28222434
28241740
28334952
28336124
28399172
28401098
28408839
28414276
28473984
28484249
28490812
28542810
28544374
28564603
28578476
28582695
28584243
28595085
28599500
28613268
28627705
28639476
28656724
28665981
28735516
28749461
28754593
28758420
28764788
28780164
28791708
28802229
28814964
28834260
28840963
28842251
28928282
28968956
28989582
29027601
29039510
29053958
29074044
29080797
29085474
29117290
29137356
29137822
29145563
29155363
29163762
29221147
29221215
29221985
29223407
29281720
29295997
29313974
29367628
29389913
29416775
29416922
29422991
29423093
29435016
29466247
29471350
29475367
29482658
29497996
29522357
29555308
29559689
29559746
29568927
29581862
29596883
29598829
29601651
29608915
29621315
29628766
29634367
29642935
29665905
29673587
29691401
29700293
29709639
29710483
29721170
29759079
29795311
29854080
29901158
29912614
29920222
29955131
29956566
29970123
29973691
29975921
29990858
30002361
30010033
30015946
30064482
30070602
30095214
30111769
30121333
30147610
30161303
30178275
30190513
30226601
30229399
30231965
30273642
30287284
30307477
30341171
30342480
30348202
30353102
30363984
30385365
30405203
30411123
30470842
30487604
30518424
30536843
30537986
30544967
30544982
30548403
30599207
30616649
30669400
30672294
30680063
30696879
30707290
30720097
30735457
30774978
30784922
30807658
30850438
30863117
30911858
30915752
30920202
30923867
30950914
30982493
31002127
31012189
31016028
31068247
31097223
31104361
31105426
31114984
31138789
31154022
31165133
31182635
31190878
31209294
31226958
31235252
31242446
31277942
31285763
31296961
31323191
31365782
31376811
31394080
31394414
31400111
31448663
31454677
31479228
31601979
31613932
31632575
31680384
31686915
31696464
31736067
31781245
31790739
31807076
31807999
31810492
31817852
31880901
31908486
31908719
31921641
31926314
31933719
31966809
31974603
31984424
32008164
32051532
32057913
32059417
32062068
32071245
32081181
32103989
32144273
32178731
32193153
32201084
32211850
32222282
32226508
32236621
32268151
32296457
32308683
32319058
32324272
32327527
32348690
32441560
32461152
32504382
32523356
32573524
32580634
32582805
32585597
32586904
32610252
32640307
32647199
32655395
32667642
32675241
32680546
32690947
32698743
32698858
32709850
32711442
32731382
32751461
32754641
32758504
32780107
32793592
32803763
32855526
32861793
32882013
32883320
32884836
32891059
32895373
32905139
32918845
32944600
32945503
32946656
32961871
32989761
32990237
32999320
33039802
33042633
33072501
33076979
33170271
33212300
33227819
33251332
33259831
33263918
33264399
33273553
33282947
33284093
33294787
33310192
33310759
33323961
33328585
33433851
33446634
33500531
33527791
33596966
33649864
33657396
33670788
33751901
33753775
33765505
33773206
33836591
33843583
33854407
33854502
33907019
33932446
33941775
33959155
33962804
34057794
34073721
34119770
34128987
34140676
34148876
34150611
34153844
34162834
34173118
34204856
34217777
34227028
34239868
34257725
34313525
34319031
34321149
34321275
34331453
34362460
34373338
34424481
34426211
34427325
34438465
34439147
34473867
34495398
34500587
34504806
34516921
34522170
34533678
34572918
34580843
34612549
34630712
34634759
34647491
34653792
34660799
34697715
34707623
34749775
34751409
34790902
34799276
34824202
34830365
34854215
34854226
34875342
34893108
34897340
34903641
34906184
34920321
34986190
34986741
35092191
35109842
35116235
35130620
35135009
35149775
35182659
35238333
35245449
35276126
35278883
35295199
35307730
35347798
35352419
35386458
35388759
35390315
35395178
35401185
35410490
35433112
35446002
35475037
35486848
35489443
35493211
35550144
35550167
35569307
35589688
35614996
35614999
35641291
35654826
35670075
35670983
35678255
35710537
35719957
35747513
35754478
35789380
35795731
35798319
35804015
35809177
35822955
35836014
35847731
35880568
35908504
35908628
35915612
35925047
35944462
35961540
35996715
36075160
36098921
36147796
36257233
36257574
36264362
36271982
36273188
36276278
36329185
36331797
36350506
36372834
36382559
36394275
36414620
36476676
36482819
36506533
36527094
36547818
36566296
36574982
36606584
36609400
36609599
36624173
36631911
36680903
36692670
36724876
36725842
36746843
36755811
36766503
36778111
36795524
36813148
36834503
36852448
36869331
36869378
36893815
36928068
36933145
36950137
36988786
37001844
37011857
37021492
37061929
37072475
37082811
37088830
37142224
37147733
37167781
37199639
37199681
37206360
37246710
37250150
37264554
37265717
37268862
37270777
37320987
37333096
37343653
37356504
37370979
37392032
37396508
37403081
37442305
37459905
37470704
37481646
37502582
37506869
37510229
37524226
37528470
37538470
37542489
37548553
37578083
37584462
37601113
37631988
37635777
37649604
37663147
37674478
37691391
37695661
37702447
37706060
37708582
37750290
37755761
37782699
37813207
37817966
37817971
37821486
37822364
37833704
37838668
37861555
37871559
37880555
37880732
37905981
37943795
37966708
37985411
38108535
38124808
38125006
38127104
38146648
38164802
38189022
38204433
38228798
38257347
38281697
38283033
38285887
38314261
38335444
38345160
38376279
38376465
38456444
38473715
38504781
38545254
38586389
38597826
38613866
38622665
38637479
38650132
38719927
38755637
38778379
38782200
38782857
38798252
38811355
38823264
38867242
38890707
38920644
38942194
39014186
39057134
39067087
39079576
39107797
39110393
39145056
39159808
39167962
39174498
39181896
39198387
39201245
39226277
39233331
39264152
39276250
39297702
39302251
39331483
39410869
39488528
39497025
39513605
39541416
39556430
39597087
39602888
39621902
39629895
39630032
39630033
39666132
39667746
39691870
39694934
39704855
39713736
39741267
39753826
39763452
39764588
39810240
39826545
39834855
39853873
39860565
39864225
39881080
39892329
39895394
39899939
39997223
40009784
40016915
40050970
40069042
40092920
