10555141
10567546
10575238
11350943
11399089
11427539
11784849
11821381
11919202
12138111
12351185
12359337
12370304
12383256
12481029
12787669
12869530
12897133
14752048
15105426
15210338
15215868
15313181
15456878
15671018
15672446
15735669
15799776
15854647
16026162
16331260
16439359
16453278
16472822
16567415
16584789
16682412
16725135
16824199
16973295
16983096
17081533
17175537
17439403
17477386
17640084
17713477
17929180
17938196
17998942
18194272
18536530
18757295
18823905
18945701
19014663
19070387
19139273
19161295
19211935
19234465
19454286
19468253
19509302
19717977
19798101
19921333
20132320
20200245
20223770
20228804
20367604
20467490
20473858
20547484
20615081
20630873
20651149
20729844
20740031
20838592
21067377
21077830
21092094
21174446
21258815
21378119
21399634
21400651
21415852
21445072
21481189
21504050
21510846
21510884
21518476
21519343
21537334
21566127
21576263
21670448
21685466
21828135
21836609
21859430
21880636
21887463
21888552
21904384
21967546
21979949
21981547
21993668
22011581
22021454
22042957
22066015
22077061
22081665
22086334
22109888
22110720
22124213
22134929
22138693
22169324
22193622
22200773
22216861
22219193
22251315
22284370
22291079
22349384
22383741
22481891
22489043
22490330
22642896
22700693
22714992
22722750
22722925
22740930
22744846
22749068
22829128
22829153
22860916
22875665
22898819
22905207
22913541
22968747
23018098
23031157
23035745
23039890
23053986
23135354
23187294
23193409
23220192
23257420
23284304
23305405
23341344
23365461
23399934
23417030
23519389
23603912
23632886
23663978
23666104
23741974
23772023
23820632
23946816
23949914
23959088
23962568
24045027
24067491
24115220
24138309
24167195
24270360
24280869
24282625
24283755
24289567
24292684
24292811
24316720
24324066
24337413
24399935
24403256
24497509
24512939
24530979
24589714
24606448
24606662
24614070
24649006
24656771
24699305
24716599
24789765
24817692
24866170
24887327
24887488
24895580
24914952
24936645
24937014
24945829
24957603
25000259
25066127
25123312
25130491
25147181
25159139
25172541
25210796
25242092
25281355
25349213
25371149
25383530
25392496
25416276
25416277
25445743
25469209
25469243
25487288
25554589
25592687
25609058
25614634
25625222
25634742
25639876
25650308
25681155
25687841
25693834
25721756
25727291
25748685
25753134
25758154
25801914
25804767
25822089
25874772
25964253
25966133
25994761
26038140
26059451
26059604
26072070
26073541
26086966
26111027
26141855
26191165
26220519
26223865
26234722
26242829
26250577
26290145
26371346
26375248
26434589
26486081
26573388
26676635
26700872
26703962
26710888
26711182
26759106
26791204
26825711
26826496
26850336
26854025
26876596
27001594
27010239
27016502
27073746
27092400
27134162
27149454
27208809
27237029
27237591
27240213
27300438
27317772
27335278
27344947
27349246
27359055
27364355
27396912
27411582
27415617
27428748
27434014
27435003
27462454
27476855
27476967
27498672
27505680
27528035
27545441
27597933
27605414
27623253
27626217
27636548
27636998
27677595
27690235
27698935
27701732
27724883
27733013
27748882
27761930
27771989
27789275
27824296
27826835
27832631
27841873
27859003
27865785
27871469
27892742
27899645
27906176
27939986
27991732
28003281
28061354
28074931
28100593
28102729
28114345
28167789
28215704
28252641
28267064
28270689
28286768
28288143
28321121
28343076
28345813
28345823
28386358
28386848
28393842
28394356
28418922
28423585
28425913
28432085
28449304
28461508
28498075
28614798
28616699
28643785
28655780
28667884
28676341
28712054
28718369
28767575
28781076
28829505
28881818
28901428
28905428
28923089
28935992
28941052
28945286
28972040
28978469
28992762
29024628
29027601
29031013
29056068
29074627
29075135
29079128
29091029
29146735
29164635
29165010
29170626
29172276
29227812
29278853
29312436
29321554
29324392
29326230
29335621
29395070
29411884
29414941
29417611
29435016
29453236
29464054
29518238
29558748
29572461
29617651
29618788
29619119
29674125
29695701
29724530
29728415
29740169
29750576
29764839
29786546
29786779
29802153
29843647
29850805
29851281
29877252
29878317
29900417
29907613
29956566
30001199
30002361
30017658
30081994
30102379
30111769
30114436
30122013
30122995
30122998
30185810
30245403
30252567
30258352
30297596
30300721
30321403
30323870
30324719
30346304
30366920
30450156
30478443
30530780
30535232
30544982
30582132
30591541
30614867
30655366
30684388
30692594
30705090
30772521
30867787
30906331
30926392
30926597
30927527
30948995
30950138
30988238
31015495
31027045
31076446
31105426
31124216
31145495
31149783
31164355
31165133
31190353
31209279
31229457
31280122
31291961
31303764
31327173
31354789
31371348
31372043
31435645
31482762
31485078
31522815
31537639
31572552
31576007
31582562
31612498
31614132
31620784
31624251
31634469
31640986
31660998
31685998
31703632
31709191
31726062
31739141
31742675
31758527
31814083
31827512
31827676
31839044
31843451
31861499
31862523
31880901
31897176
31905446
31932841
31956100
31977039
31996479
32004382
32015320
32018205
32052888
32096741
32112088
32123902
32127410
32159514
32173286
32179410
32220332
32222282
32266961
32269971
32290079
32338148
32353257
32355762
32363688
32385248
32435502
32445940
32468273
32504054
32521454
32543182
32581223
32620778
32631516
32673568
32699524
32711442
32728112
32756009
32794622
32798414
32856987
32876528
32885664
32893175
32912818
32929092
32961298
32961441
32964508
32968275
33004909
33051852
33059810
33066747
33079978
33082307
33087320
33090550
33110091
33155517
33159179
33172892
33182397
33192301
33235221
33238114
33241418
33292606
33299888
33365310
33404690
33433641
33447058
33476205
33484504
33504840
33509760
33589600
33743191
33773206
33798630
33838631
33844576
33846253
33847380
33850140
33855696
33931579
33945391
33947035
33961341
33970190
33986537
34024817
34039392
34048432
34051063
34053991
34067359
34091391
34092059
34093541
34093648
34100902
34137843
34148029
34162834
34168984
34192561
34204856
34215619
34249684
34253866
34267355
34289056
34315901
34319031
34325283
34328516
34336831
34343366
34376373
34416176
34429321
34465355
34473867
34480172
34516636
34533678
34623601
34651440
34654019
34663800
34685658
34686499
34687205
34698806
34716195
34721301
34773997
34788079
34788385
34804598
34831178
34861140
34880109
34986741
35022208
35046544
35063646
35066499
35077478
35080973
35122024
35127476
35131259
35149186
35173353
35199506
35226587
35236925
35245608
35256939
35269477
35296003
35306047
35313694
35339897
35351858
35361955
35373418
35378241
35394495
35394496
35396004
35398175
35410378
35413095
35414793
35429679
35449309
35485701
35509721
35523401
35527972
35534560
35534561
35558161
35574272
35593442
35597264
35604009
35608905
35620052
35635747
35639959
35656122
35749276
35758413
35760008
35765985
35770296
35837804
35856160
35860691
35866897
35901322
35909477
35922445
35943291
35946792
35961487
35998875
36059626
36067881
36073548
36077697
36098040
36109806
36113364
36138229
36142137
36163326
36163632
36169447
36173573
36175738
36226499
36256915
36261189
36266353
36303144
36329185
36350506
36376550
36387074
36399942
36410635
36458433
36482819
36519786
36528185
36551768
36580013
36610002
36624173
36653133
36704326
36758683
36758856
36765475
36774339
36791985
36807865
36890543
36909558
36912186
36917130
36931244
36934225
36968013
36976647
37024683
37045808
37082811
37085288
37085757
37127775
37160317
37209493
37268177
37268862
37270777
37303757
37333096
37381752
37384044
37388352
37397922
37437942
37448520
37464424
37477089
37502912
37519024
37527244
37528470
37528794
37540457
37564681
37592110
37603861
37610521
37614427
37615936
37628829
37674478
37693159
37730966
37736838
37787959
37804593
37807334
37847338
37851210
37853686
37856473
37906855
37925048
37943795
37952155
37985411
37986543
37990829
38000729
38014168
38041495
38077422
38099213
38101612
38116572
38190984
38203216
38228798
38232523
38234783
38238335
38242884
38246976
38264208
38295174
38299557
38380551
38405837
38414863
38438051
38493481
38519605
38522809
38528605
38554704
38562823
38577341
38585779
38600075
38616004
38626519
38627502
38643118
38702998
38707304
38724484
38737693
38791049
38804405
38807916
38834136
38838669
38845031
38861243
38869916
38890707
38906602
38951697
38969930
39006763
39021226
39027369
39027522
39043678
39078434
39097288
39122135
39196062
39196936
39207267
39214851
39278121
39284825
39287653
39331569
39334207
39393198
39411165
39476105
39528729
39532219
39537978
39553491
39553934
39579514
39580581
39597087
39617792
39631069
39643798
39677644
39679872
39693514
39722450
39744828
39789287
39794314
39806777
39807333
39808159
39820341
39860565
39891171
39902084
39944334
39987368
39990668
40034697
40048738
40061000
40062226
40086625
40106360
40107549
