7474112
7494286
7540951
7542356
7623816
7624053
7658719
7774910
7781998
7791903
7809128
7827323
7831315
7884898
7949423
7951410
7958836
7958837
8114698
8114719
8123011
8134120
8207796
8377827
8413230
8441401
8557038
8618861
8643650
8649830
8655653
8657142
8823166
8845307
8872611
8892111
8918469
8932363
8964493
9010232
9035687
9096302
9242491
9284954
9326598
9364211
9367638
9400991
9418871
9422723
9485464
9486847
9546428
9563476
9645354
9671390
9671769
9711036
9766523
9774967
9858765
10077601
10099828
10222238
10329431
10336493
10373543
10400750
10446910
10449036
10454586
10471329
10504464
10511428
10523633
10559870
10594030
10594784
10616908
10675335
10688648
10702805
10708476
10714765
10766769
10779331
10848828
10854251
10888886
10911949
10914714
11005809
11052627
11076674
11095619
11101847
11146559
11162393
11244564
11245432
11302249
11313916
11314038
11406318
11459832
11461964
11461967
11536046
11559366
11570822
11585734
11669580
11704831
11713253
11713289
11719808
11763345
11839803
11857079
11883315
11883935
11884602
11888208
11896585
11904439
11909960
11909963
11937641
11980867
12036945
12049738
12065245
12077144
12080472
12082524
12101227
12185582
12237872
12351630
12354623
12401450
12401786
12438285
12444919
12446760
12485907
12533675
12593856
12611887
12612083
12625370
12646190
12665469
12674510
12682367
12697828
12718877
12724419
12724423
12728260
12766778
12829616
12833065
12851485
12902982
12909334
12941462
12947005
12947120
12965081
12973018
14504477
14508080
14527410
14555651
14566047
14576193
14576826
14593116
14602923
14604889
14637159
14653954
14672398
14684737
14685160
14703996
14739777
14997382
15024084
15075294
15105421
15107604
15118916
15123636
15124020
15140942
15146237
15169882
15190206
15195696
15207641
15209999
15232580
15313206
15328355
15464731
15470032
15479836
15481443
15494392
15531911
15565177
15572025
15574415
15607308
15713665
15718499
15735727
15766563
15772936
15863509
15867357
15869948
15883045
15885355
15893610
15897325
15944709
15976820
15985428
15990448
16002659
16037820
16052233
16053486
16088944
16114066
16116476
16126955
16166437
16170383
16181749
16186801
16188218
16198289
16205640
16230367
16243973
16254079
16264179
16288221
16299810
16360038
16403226
16407216
16434972
16472123
16476732
16481464
16481740
16496386
16510138
16530485
16580749
16582589
16606705
16617145
16628012
16725311
16766265
16775429
16782130
16819297
16835303
16892051
16912047
16914062
16916939
16918502
16924238
16972274
17001603
17008321
17011204
17012841
17050006
17053090
17146434
17167174
17178835
17178887
17185321
17201163
17218954
17234147
17264315
17404573
17459956
17464330
17483310
17483325
17488475
17535433
17550982
17555552
17570542
17575144
17597480
17609112
17632080
17655524
17676643
17690688
17704056
17707233
17728064
17784791
17786044
17804740
17873902
17891180
17893230
17908821
17910524
17913805
17934890
17938262
17980157
17980704
18003834
18026993
18029729
18039672
18056168
18167332
18167336
18172323
18235226
18302937
18305049
18328430
18334281
18345030
18348166
18348985
18358829
18366763
18367454
18381203
18391203
18396012
18408756
18438954
18440323
18503552
18521079
18523788
18524851
18562691
18583939
18606816
18624722
18644370
18649360
18660514
18660752
18667418
18687701
18722373
18751386
18754770
18794805
18794899
18806759
18813780
18836483
18840615
19010821
19011640
19015243
19031698
19041685
19081076
19115249
19137018
19148830
19173990
19176033
19180667
19188449
19276347
19360352
19376752
19391166
19406837
19409758
19451745
19477924
19491197
19539777
19541929
19576172
19597470
19597485
19603101
19603422
19629135
19641316
19703789
19763085
19783986
19826915
19833767
19837943
19841979
19874716
19893569
19900401
19960022
20013022
20016602
20021455
20026813
20029046
20037816
20040599
20043084
20046097
20096375
20106982
20123965
20130960
20181095
20187294
20190398
20197383
20201372
20215421
20224195
20233728
20237430
20299467
20300951
20392944
20406096
20410059
20410283
20411301
20413589
20421545
20421650
20447425
20460519
20510161
20516113
20519942
20522552
20538716
20571341
20580656
20585447
20603083
20623644
20639906
20659447
20663889
20664976
20675184
20676136
20685653
20713352
20729920
20736344
20800677
20805247
20807803
20812030
20832018
20837136
20839231
20890118
20890301
20935482
20948288
20952509
20962268
20971808
20972224
20980832
21045111
21058424
21062864
21080799
21099295
21106062
21115501
21143199
21185283
21195876
21225257
21272326
21283628
21292160
21310950
21320024
21367750
21439249
21441950
21453498
21453717
21454377
21454583
21454803
21479363
21490060
21512314
21532333
21532622
21543892
21573702
21589897
21602887
21614651
21624405
21625432
21637599
21641965
21653699
21656380
21715977
21738823
21743494
21757407
21765927
21768773
21799732
21831731
21844226
21850486
21910723
21955916
21966451
22079090
22086370
22088627
22107966
22134136
22136275
22139443
22159227
22180494
22184068
22185776
22185819
22207128
22240023
22286767
22298593
22302879
22310660
22319664
22341444
22344756
22349817
22363797
22389255
22438805
22476863
22492316
22500719
22537161
22564666
22569253
22580462
22592528
22593008
22629304
22641337
22659879
22707615
22771493
22782351
22798430
22802261
22803943
22832221
22848730
22871739
22880102
22885183
22890321
22916021
22945643
22955272
23001041
23028047
23054209
23059826
23108995
23117453
23129428
23152504
23174854
23179381
23196386
23202967
23210897
23219173
23237560
23251571
23251702
23255957
23275887
23276293
23280316
23306062
23341573
23348237
23352642
23377972
23396440
23416462
23447575
23511556
23512667
23518498
23542036
23542171
23543735
23558950
23613863
23629655
23637916
23659554
23707559
23744542
23796898
23803200
23806799
23829315
23833190
23853093
23853115
23866847
23868058
23868976
23902294
23902684
23907762
23912710
23940755
23954287
23966291
24014887
24023875
24037421
24038073
24038143
24071937
24076372
24112038
24118350
24150491
24239550
24276245
24283290
24290378
24316397
24330704
24335704
24337320
24341432
24344198
24377747
24398673
24406621
24453336
24460902
24502362
24516045
24523249
24535579
24608861
24619556
24627085
24627437
24632684
24658119
24675884
24737870
24740996
24741006
24742333
24755270
24761865
24788101
24828505
24845566
24870800
24882622
24891616
24900585
24909689
24913980
24969314
25029110
25042645
25064027
25088905
25101673
25105419
25124555
25136922
25139024
25174355
25180182
25216463
25216527
25257171
25279448
25301066
25312903
25335113
25341426
25341896
25368385
25373738
25374141
25466554
25478011
25486483
25574600
25582751
25600647
25616897
25640531
25650660
25656653
25738367
25742740
25816777
25892555
25901521
25934441
25940086
25959802
26024388
26039627
26093293
26145228
26148512
26175399
26184432
26192440
26234677
26238290
26268246
26311345
26314905
26350215
26356814
26367194
26391754
26396186
26397135
26408962
26442585
26459601
26475334
26483346
26503019
26505089
26510456
26520443
26527687
26575952
26598524
26601052
26619117
26623722
26637399
26639898
26659825
26670255
26673663
26704889
26718407
26722215
26722252
26749284
26782942
26792717
26831819
26833126
26867682
26881929
26891801
26905670
26918449
26947516
26959119
27009856
27028861
27029528
27036039
27094710
27109336
27153550
27175585
27228072
27282946
27308406
27308445
27350200
27453342
27470638
27490344
27496854
27501502
27548379
27626669
27631473
27677255
27721258
27758739
27780824
27793841
27802335
27835866
27871087
27871936
27880827
27888102
27903963
27932351
27935805
28003426
28042322
28068326
28104681
28125090
28134624
28184930
28189855
28211871
28237798
28293146
28293391
28339052
28344092
28389657
28420331
28423601
28429752
28446478
28474358
28489573
28498400
28504694
28515357
28542143
28542928
28559983
28569791
28627618
28634044
28667302
28667340
28698574
28702328
28704519
28721074
28753861
28775339
28789423
28794159
28825879
28829944
28880708
28944330
28944922
28947952
28972179
28978043
28991226
28992046
29026085
29039472
29048367
29048668
29050152
29108454
29115436
29115924
29176962
29202480
29203250
29207260
29214011
29217295
29229770
29233828
29235459
29264472
29266545
29330298
29358228
29358577
29420631
29424887
29437554
29445134
29452167
29458395
29464002
29475062
29511595
29526568
29547938
29574328
29622533
29633513
29654756
29661169
29665891
29685003
29687852
29690802
29691401
29713760
29726817
29743521
29754146
29764999
29786752
29790665
29803790
29845287
29901191
29925919
29928579
29936143
29973595
29980789
30006956
30013113
30036075
30050877
30079588
30083520
30100187
30104253
30106440
30127643
30127965
30191630
30205150
30216786
30226575
30254209
30348808
30355646
30359437
30362161
30365982
30366080
30389914
30401820
30452881
30482236
30536619
30590814
30600477
30631149
30652992
30659775
30684846
30696738
30724632
30733337
30756420
30798576
30867845
30868897
30876691
30887657
30895337
30906629
30906631
30914194
30942449
30951404
30961699
30967472
30992132
31039198
31043075
31052266
31052610
31114344
31124185
31142321
31152247
31190865
31194977
31205541
31276298
31287003
31341204
31363169
31380287
31424118
31424586
31439587
31500513
31534120
31547405
31564804
31592410
31598149
31602642
31627130
31637886
31659203
31666529
31674056
31675590
31692554
31705876
31783876
31801947
31802906
31811115
31819526
31827563
31831874
31832639
31833327
31866820
31870703
31891642
31895660
31897226
31908894
31911854
31917289
31922321
31934032
31934613
31934717
31951832
31966795
31981700
32010624
32021447
32062842
32085715
32092817
32160773
32174776
32186770
32212370
32264877
32266089
32289433
32296698
32316225
32326181
32332880
32335035
32349192
32351327
32354165
32357970
32364763
32376557
32388489
32407972
32413279
32482448
32506729
32526476
32535367
32541040
32542116
32572920
32596239
32603818
32655498
32668414
32669286
32732304
32732866
32733928
32749762
32762943
32767629
32780686
32787501
32796817
32816857
32826278
32848465
32863950
32884568
32910941
32918240
32920979
32951317
32953933
32964019
33008330
33020149
33050515
33054826
33061852
33068700
33070516
33078086
33078208
33079978
33090399
33110360
33150164
33155930
33166399
33174204
33177827
33215415
33230446
33252856
33261027
33291686
33293866
33334082
33363620
33388604
33441379
33456565
33468140
33495833
33505901
33527034
33542204
33542211
33558234
33564073
33571038
33589572
33614480
33664742
33665206
33677506
33691613
33716078
33726845
33734616
33744515
33769470
33771899
33788950
33816295
33822325
33824311
33824472
33847878
33854885
33868788
33879449
33939241
33947907
33968966
33980953
33986804
34019961
34039955
34042274
34044068
34068980
34075570
34077002
34079590
34079762
34084281
34099666
34125448
34141461
34145028
34169146
34175590
34181981
34197720
34292880
34295182
34302809
34342400
34350181
34357568
34362878
34366326
34368144
34386082
34408262
34420405
34428336
34434271
34445725
34459063
34473867
34482308
34483923
34499617
34515291
34521301
34526765
34564711
34581419
34588543
34616498
34659533
34671205
34688635
34693792
34707111
34712656
34714604
34760804
34769053
34797443
34799723
34819874
34858826
34895123
34896212
34952951
34958891
34963484
34964205
34966670
35030974
35033090
35064540
35068325
35072529
35074910
35077015
35085770
35092119
35115400
35116590
35126724
35144091
35151831
35164656
35169159
35178834
35201567
35210406
35260053
35272144
35293275
35324526
35348268
35358781
35371308
35377220
35383175
35401844
35428820
35440106
35448958
35457270
35530279
35576835
35581525
35592867
35621141
35655310
35662041
35678423
35689201
35689245
35764946
35768405
35814218
35833075
35835838
35840420
35844791
35876125
35892231
35927248
35945704
35947949
35994229
36016851
36060253
36092311
36093522
36096885
36111777
36114381
36119494
36164372
36168932
36198264
36213002
36221072
36231008
36257058
36284303
36291831
36292703
36337239
36408174
36414640
36454788
36550695
36569483
36596519
36620907
36632449
36690318
36720923
36721155
36728660
36750558
36777627
36778475
36787863
36799449
36803956
36824855
36876834
36915230
36923082
36923256
36973424
36994850
37128280
37130271
37164633
37171007
37185675
37196108
37197330
37198697
37207995
37214983
37216637
37230983
37260146
37265106
37272544
37277745
37283490
37347496
37363926
37403456
37416773
37422706
37453246
37456160
37463119
37467925
37502888
37537694
37538087
37564088
37574036
37646913
37665348
37690684
37705754
37709991
37728155
37734463
37737027
37789781
37820570
37824372
37863326
37874851
37926864
37941530
37966662
37980331
37990321
37992567
37993971
37997674
38062013
38128007
38182895
38187112
38204265
38242392
38250463
38253280
38344207
38360622
38378679
38386202
38403291
38424195
38431228
38504588
38520097
38550124
38577930
38592439
38643416
38643837
38678032
38783241
38827325
38877172
38881929
38890303
38957115
38978058
38981987
38992083
39014186
39022843
39024731
39110278
39119602
39128592
39151295
39160277
39172101
39209080
39258498
39288851
39305937
39341834
39352191
39357875
39361641
39388894
39437704
39473405
39481822
39484430
39487277
39501799
39514365
39514671
39540400
39544930
39565537
39595534
39603439
39613162
39641819
39695160
39707034
39731810
39736453
39754249
39756815
39769018
39793570
39793906
39855379
39868286
39890198
39905189
39907709
39917471
39919356
39923838
39939870
39958881
39968698
39991770
39992472
40020513
40054655
40056339
40067251
