1332031
1613551
1900938
2541139
7565762
7626217
7917016
7945937
8392841
8628295
8666932
8754857
8756337
9010223
9207063
9464938
9485332
9824160
10386997
10467592
10602360
10842166
10866682
10871275
10984481
11135623
11331872
11336542
11567222
11739581
11739695
11870074
12039067
12065847
12235180
12351200
12556466
12562764
12670703
12690110
12894565
12947119
14688464
14767560
15225550
15289351
15342960
15378512
15548700
15610169
15629414
15635605
15774784
15818381
15999367
16007175
16023105
16091742
16093249
16138117
16382041
16452686
16547160
16552752
16849326
16990849
17110908
17125835
17158885
17205600
17373938
17420284
17497096
17516844
17581611
17600921
17760827
17916653
17922653
17986608
18023050
18190898
18362103
18397757
18414034
18485346
18506761
18513743
18525291
18606818
18636116
18698092
18798221
18923931
19019852
19032775
19057511
19154798
19229250
19249349
19264650
19276347
19307156
19414352
19428450
19446747
19556537
19608274
19710510
19747485
19786090
19792968
19798679
19812322
19816943
19912926
19914350
20009530
20123987
20149866
20182520
20348948
20417862
20505979
20506119
20514024
20534729
20582451
20585888
20688046
20690147
20811575
20959484
20971845
21118966
21139994
21173153
21187408
21271225
21283769
21297666
21298006
21338579
21386735
21436631
21531298
21596316
21622185
21709445
21712389
21723864
21743491
21887136
21968973
21969301
21983014
21998680
22053098
22198386
22228178
22306690
22315347
22345187
22354777
22390138
22431737
22431919
22538404
22593802
22820707
22885662
22937124
22999639
23022747
23029358
23054680
23076209
23091071
23121767
23142458
23184950
23209659
23312906
23405257
23413876
23468876
23475749
23483971
23567620
23569253
23569457
23696025
23744421
23816566
23857582
23858058
23863709
23938861
24002696
24062079
24115595
24264229
24269917
24298160
24337575
24381225
24384380
24436125
24484699
24534707
24603130
24657079
24675512
24704156
24742676
24749562
24787739
24842518
24990820
25012664
25028509
25031707
25108236
25139489
25147211
25239865
25258388
25269753
25374141
25378406
25461906
25486203
25546138
25592085
25637311
25637490
25650716
25673149
25710185
25740602
25779086
25814662
25906746
25949166
25981695
26011708
26107934
26113112
26206332
26279418
26283511
26301820
26343742
26376677
26471974
26514806
26538827
26577150
26697079
26713856
26775236
26792742
26801686
26917778
26936374
26972614
26975996
26984843
27002148
27041221
27160973
27188306
27244890
27377973
27436181
27438897
27452907
27569005
27642033
27677186
27716817
27820865
27878298
28005260
28025110
28076410
28081176
28131418
28180113
28256014
28266660
28321184
28358805
28389562
28391399
28407684
28459830
28521108
28701958
28778995
28799539
28803237
28866293
28899881
28965972
29036495
29050203
29092905
29138967
29149041
29170465
29197744
29228577
29246166
29309750
29350772
29355377
29378599
29393474
29437554
29511351
29601929
29614078
29681936
29719592
29755331
29802914
29854821
29868983
29890551
30018705
30024615
30185552
30281154
30286430
30290239
30368511
30372829
30396285
30417207
30503931
30514177
30557604
30593723
30627917
30648541
30663411
30674949
30737960
30738894
30783476
30815865
30846562
30881025
30887692
30925677
30929558
30944027
30952071
30971291
30987981
30988776
31000722
31006910
31013265
31114985
31116991
31122130
31131895
31176405
31201921
31204565
31245944
31253870
31291448
31312026
31371485
31387910
31399076
31467272
31501409
31515938
31530804
31539105
31545429
31555358
31635309
31725811
31733451
31746437
31752873
31857113
31881485
31887396
31900593
31907347
31966751
31989808
32121305
32260160
32308450
32324256
32324343
32347987
32358021
32366479
32379800
32507252
32512036
32518380
32522929
32531042
32580633
32629426
32634182
32705196
32709884
32714604
32737769
32825844
32985557
33009487
33042439
33145887
33198374
33198452
33202358
33211275
33212816
33226686
33341564
33408314
33436746
33436794
33447565
33454999
33477921
33523892
33687657
33712084
33783681
33842351
33919431
33928592
33973090
33980611
33990633
34090440
34130714
34163030
34239022
34245441
34287043
34294125
34346162
34348778
34402752
34426111
34456674
34463926
34469714
34478691
34487772
34488929
34497759
34499269
34519779
34562454
34608841
34615546
34616729
34681812
34683877
34749216
34760337
34772911
34821219
34857011
34862128
34902339
34906623
34975320
34998852
35041407
35046398
35075150
35079118
35115654
35115776
35126807
35155168
35170486
35184918
35190753
35224035
35229695
35254598
35280679
35346959
35356685
35398375
35427160
35438597
35461040
35469366
35563251
35594155
35610044
35625405
35664217
35675207
35706000
35721209
35746681
35754047
35787980
35788362
35799890
35813467
35838579
35841324
35842171
35886025
35890132
35910788
35982887
35994006
35995095
36005555
36125433
36200927
36246998
36250963
36278223
36306049
36338037
36342191
36358544
36371601
36418306
36443397
36484839
36498926
36499191
36509739
36527644
36549436
36575461
36608994
36687680
36759943
36765275
36809385
36835243
36888606
36932397
36975127
36977660
37012388
37066428
37166273
37188478
37188605
37219859
37234916
37235961
37264970
37268752
37287279
37304127
37373116
37402084
37416276
37433772
37453091
37453477
37508396
37530910
37558013
37561633
37587150
37634599
37668894
37704786
37737125
37738652
37762678
37772822
37792788
37862152
37880426
37928724
37958905
37968713
37978868
37989866
38032671
38091979
38095247
38187614
38218401
38219212
38236296
38248651
38254713
38287371
38302010
38317846
38385088
38408959
38409611
38417243
38454971
38467631
38572919
38585776
38642782
38650141
38652514
38659891
38776767
38777095
38821254
38857596
38874870
38926255
38926457
38940347
38943627
39006084
39044249
39126833
39129295
39145095
39151834
39168411
39184105
39185152
39186868
39196027
39197193
39209080
39354574
39403835
39403848
39407311
39467355
39523120
39553588
39570560
39603185
39605670
39607471
39635778
39648233
39650749
39674391
39682701
39695463
39707117
39708233
39721014
39732358
39735896
39756551
39772290
39826326
39837010
39866235
39889877
39901028
39925925
39938690
39944530
39945057
39947922
39961821
39966984
39991666
40029995
40057004
40089784
40090079
40099624
