2111009
2121746
2905450
3140236
9537424
10369870
10915613
11394999
11493034
11494141
11523566
12030330
12070262
12609493
12687019
12784042
14596916
14699164
15241803
15751078
15836632
15947997
16198564
16373334
16872830
16922730
16923174
17325040
17717711
17938205
18198176
18456662
18634568
18958188
19000991
19017967
19229250
19244508
19333249
19436228
19651900
19691535
20067763
20194224
20427655
20506119
20513111
20716776
21044070
21173153
21514423
22049075
22089088
22271166
22306690
22327514
22451728
22460149
22492709
22510410
22522483
22546699
22734907
22765307
22915601
23021953
23129747
23150495
23152916
23261662
23548837
23716134
23720781
23747400
23751188
23924943
24058814
24465013
24835133
25368162
25548232
25720245
25880134
26119399
26204789
26214589
26519537
26628628
26775236
27159987
27856665
27890615
27890934
27911796
28115575
28455436
28487311
28542387
28576496
28611210
28723564
28834756
28842216
29153954
29491350
29580816
29728568
29781132
29907633
30012846
30429206
30481651
30683847
30761371
30843326
30889162
31298399
31852952
32337334
32432752
32437414
32507977
32646370
32672815
32709717
32807777
32896048
33023539
33060136
33099163
33188077
33505958
33547862
33692344
33724178
33819189
33872194
33980319
33986293
34130587
34326314
34764975
34797692
35045301
35168080
35219829
35565457
35568024
35577909
35720265
35770518
35784356
35971091
36208355
36342511
36811100
36987665
37011008
37306961
37443284
37474655
37529797
38095247
38153351
38165680
38753506
38831027
38886578
38911380
39042472
39298490
39595160
40095198
