17625570
18166835
18242762
18320074
18414414
18593892
18594010
18927303
19032370
19064915
19147828
19170230
19234440
19571506
19667260
19667264
19734424
19735110
19737969
20075203
20183914
20418096
20578368
20659620
20926401
20935334
20952506
20979473
21102267
21102268
21168933
21208134
21245935
21258415
21356191
21415216
21475126
21502504
21569650
21569690
21645460
21719143
21933750
22034911
22056890
22104224
22124476
22240786
22311682
22323876
22336170
22336240
22483782
22494566
22553343
22563229
22706607
22722791
22736493
22771825
22797152
22825000
22843788
22908099
22912387
22913857
22964709
22986231
22993539
23052178
23060582
23083517
23154565
23166115
23169500
23181703
23242444
23279872
23301645
23324244
23327874
23341890
23408463
23425902
23443800
23486270
23533259
23612660
23617234
23625156
23664446
23675251
23708071
23714228
23731739
23750540
23787064
23887300
23891510
23898275
23919423
23928533
23993685
24022905
24277751
24346090
24346098
24388371
24419120
24567430
24616318
24633422
24674157
24688086
24706829
24733798
24754584
24755712
24792336
24828670
24842630
24891363
24952482
24972969
24982409
25028527
25144242
25170107
25238939
25265433
25360721
25407901
25408655
25451370
25489176
25496960
25501361
25581823
25592111
25601488
25609979
25676400
25676402
25695223
25706305
25721120
25727400
25735977
25740311
25785456
25788996
25806224
25806283
25839699
25971657
26018277
26019170
26101643
26107243
26134230
26136951
26142544
26168728
26200283
26270443
26301689
26352533
26361725
26398829
26517679
26544515
26639656
26666609
26704814
26710868
26711128
26712101
26755435
26781614
26788139
26805736
26850068
26923554
26964537
26988569
27060609
27078848
27103824
27132509
27141355
27141364
27202302
27322143
27339416
27339417
27366096
27397482
27405684
27458283
27472693
27491402
27507192
27663401
27666544
27783866
27811184
27836576
27863497
27867542
27872133
28031835
28039177
28356934
28370702
28407036
28535796
28732214
28861332
28872581
28938691
29054983
29123416
29169522
29251824
29363116
29373100
29444468
29472061
29494260
29517858
29535536
29610932
29628502
29661733
29732013
29739898
29774063
29776229
29777599
29805631
29951342
29952952
29971546
30023099
30068733
30108712
30133144
30236141
30368411
30613480
30631567
30679319
30791979
30881516
30902613
30959466
31114237
31122560
31138506
31432686
31559892
31564978
31608224
31711728
31757376
31766077
31795298
31828041
31924369
32047559
32088605
32104512
32158263
32184261
32184963
32212216
32302779
32409002
32558295
32563740
32600123
32620470
32622727
32685319
32845005
32850382
32876329
32878782
33017727
33157918
33170538
33241586
33255340
33425389
33470536
33489810
33528638
33569295
33604644
33761896
33776709
33825946
33854939
33878728
33896729
33906872
33907223
33935502
33976114
34064158
34090412
34130229
34175504
34231939
34232939
34233240
34272914
34326746
34373943
34378283
34391065
34432920
34490727
34548910
34589977
34590027
34661367
34763158
34763318
34783600
34885137
34887666
35070986
35074224
35074700
35085771
35117067
35144623
35159046
35235872
35280868
35642002
35656694
35806325
35822498
35832448
35884511
35927783
35928804
35933914
36072009
36099717
36132152
36221356
36275795
36325153
36342457
36351589
36387181
36644157
36728908
36730477
36739466
36792084
36819595
36982897
37007089
37036171
37055606
37064118
37149843
37302317
37362555
37409244
37510070
37675235
37805400
37907052
37940761
38023218
38107408
38128381
38213097
38264745
38284990
38359741
38360931
38433979
38458397
38698976
38854939
39019326
39026500
39078281
39135785
39144623
39188081
39253447
39267825
39318039
39345274
39395329
39427079
39430483
39488530
39510702
39510708
39510710
39522087
39682703
39695132
39735595
39780907
39790518
39796163
39836700
39840587
39909915
39962851
40024717
40052122
40071084
