9718367
10518221
10603345
10633856
10929871
11295082
11801186
11801721
11929761
12051776
12168060
12562648
12588758
12676328
12734395
12958066
14661437
14672701
14764452
15029258
15067119
15126321
15153337
15358160
15473927
15914639
15930280
15958611
16107476
16171530
16205642
16303978
16322467
16343615
16424904
16472751
16615113
16816380
16840724
16862147
16867992
16890539
16950769
16982731
17043250
17108150
17268179
17353927
17454677
17483308
17510705
17611172
17942910
18231102
18340006
18384152
18434142
18463357
18794445
18851911
18952909
19035475
19272799
19356789
19366806
19491953
19552516
19552627
19597185
19696168
19738063
19788238
19879134
19950015
20002159
20021833
20031623
20101599
20133814
20338920
20503366
20649938
20682653
20686847
20803239
20850301
20934994
21047731
21092311
21109936
21189174
21233177
21303665
21441027
21575518
21612822
22024229
22161689
22194865
22374425
22398409
22433410
22438230
22528941
22555806
22684558
22684742
22833446
22865457
23042640
23063927
23079712
23100466
23138393
23165727
23165754
23211050
23253074
23253822
23269240
23394931
23557019
23579861
23596494
23667241
23678520
23696610
23721559
23840071
23844053
23918654
24147882
24246266
24266083
24348768
24415355
24422052
24427781
24517927
24634162
24635767
24677183
24733895
24771266
24837431
25051915
25148033
25222588
25274141
25359705
25391996
25453723
25473648
25550909
25581780
25586589
25724901
25831049
25865237
25886373
25903126
26033476
26073592
26132739
26189032
26191333
26220827
26264644
26365907
26390965
26481148
26501487
26788070
27072105
27072235
27216867
27226777
27273865
27282569
27299459
27400125
27512150
27553867
27591481
27611660
27726217
27763659
27820703
27941840
28077917
28165374
28214829
28292467
28356761
28371279
28496341
28561530
28687708
28730721
28739744
28817624
28830442
28857167
28993206
29085439
29096333
29102175
29199334
29285210
29296810
29368976
29369779
29383777
29444212
29462967
29643120
29700355
29848571
29905864
29987450
30075851
30082034
30106123
30503935
30538561
30644610
30650275
30760892
30776480
30819650
30894369
30944125
31017515
31270394
31427368
31641103
31726078
31782728
31810288
31885720
31898661
31934189
31949258
31985015
32006616
32144768
32184358
32286515
32299362
32336043
32407961
32488576
32508946
32587656
32620380
32733636
32740946
32751634
32801343
32850441
32897857
32913525
32989254
33085838
33153234
33360522
33452463
33487501
33516666
33598934
33636580
33816783
33864021
33909493
33991765
34040196
34231312
34296545
34336153
34339071
34347982
34360793
34403370
34445227
34476505
34491620
34520770
34539874
35015735
35072831
35163601
35178555
35181970
35621382
35690294
35725568
35852613
36131205
36208510
36376513
36386110
36519465
36577689
36632458
36813543
37108544
37259315
37425367
37463100
37507023
37519335
37670971
37824755
37909437
38045382
38091979
38092051
38150042
38151336
38442009
38716369
38882277
38952175
38985143
39073083
39091728
39223114
39390685
39421925
39431828
39489818
39578666
39605768
39653203
39696437
39818753
39844202
40029791
40044981
