9233798
9632142
9696046
9794228
9853759
9933164
10548040
10601296
10644995
10839343
10839360
11166921
11172885
11464911
11466320
11494128
11572780
11585923
11706028
11718293
11754835
11754836
11956217
12058194
12136247
12486127
12944508
14501676
14871799
15029258
15107857
15126357
15223334
15300251
15456253
15718372
15857128
15970380
16033834
16049340
16136669
16155194
16166419
16272170
16288001
16321245
16394100
16443753
16499955
16512673
16626680
16740153
16819508
16840724
17093078
17158005
17249693
17295683
17428795
17708598
17897949
17938437
18055806
18092944
18410519
18639535
18682749
18695888
18713744
19004859
19032981
19047466
19193989
19289155
19302865
19366806
19454503
19598115
19621336
19661068
19731361
19914164
20046096
20238226
20339854
20410461
20504947
21113149
21161727
21292437
21364901
21387540
21391318
21503576
21508957
21603658
21608225
21667331
21737611
21746865
21832177
21932443
22103419
22310282
22475621
22595573
22723427
22830028
23147113
23336960
23379484
23413357
23831214
23835497
23881165
24211352
24222164
24277482
24378532
24439224
24469634
24612059
24803541
24959213
25012246
25148033
25257729
25281742
25370417
25410963
25487269
25643922
25784101
25789706
25801123
25810451
25962624
26104009
26119563
26148571
26354908
26407069
26408450
26492598
26589795
26779014
26782642
26799631
26824783
26839344
26870995
27103064
27134075
27476799
27504909
27597758
27617966
27683910
27799372
27881781
28231727
28276447
28358367
28360821
28687409
28800788
28931592
28972287
29158322
29167398
29243484
29416088
29685998
29768201
30016858
30043555
30131699
30213874
30246932
30409892
30501625
30538561
30722785
30816429
30881495
30890757
30899407
31089935
31147453
31352841
31601124
31633063
31661464
31805710
31836902
31865728
31882185
31926216
31933858
31996679
32060095
32226496
32312989
32467578
32506584
32620380
33168800
33280498
33325764
33649502
33685996
33722292
33782855
33794069
33824421
33878909
33903122
34168916
34233620
34269211
34296545
34360867
34462781
34638814
34648765
34723325
34781202
34820156
35183555
35223830
35404750
35411225
35435121
35441696
35949596
36064792
36130827
36320882
36321664
36637747
36753562
36802416
36898846
37036605
37693478
37910792
37985568
38114003
38252844
38259452
38286348
38289221
38295544
38353051
38558087
38562765
38589317
38739742
38758791
38913115
38925462
38955672
39002057
39164267
39198775
39290870
39291656
39298082
39327008
39390216
39390685
39399462
39629971
39841145
40017157
40075431
