1285215
1348920
1349015
1350458
1350790
1351679
1352286
1352298
1352439
1352878
1352945
1354238
1359495
1360230
1360231
1363513
1369801
1460508
1661047
1671531
1672262
1675005
1676428
1676907
1680817
1683873
1717984
1968902
1970690
1979253
2153076
2153396
2194831
2218496
2269935
2487147
2899323
3321071
3390372
7477377
7493357
7496594
7506983
7507162
7514177
7535767
7538656
7542696
7556067
7579499
7584099
7585656
7587576
7589796
7591299
7605658
7615357
7642563
7656779
7664609
7665243
7667291
7708434
7841539
7872717
7884965
7887448
7901823
7902571
7903175
7904137
7904177
7905784
7909438
7909745
7909754
7910405
7910618
7912163
7912926
7913414
7913461
7913670
7913748
7915505
7923136
7927865
7931839
7946067
7947634
7948752
7954259
8095488
8096067
8096075
8096076
8097104
8099725
8104414
8104440
8105469
8455947
8608123
8608524
8625831
8626138
8626530
8640840
8664033
8669491
8695221
8697969
8699242
8700533
8721956
8723771
8750529
8758793
8806679
8815001
8818660
8825138
8833330
8835272
8869284
8986436
8988034
9030624
9048643
9070211
9079677
9079740
9089776
9126388
9136987
9137481
9144470
9154120
9154814
9206183
9234995
9242384
9285488
9288791
9307054
9312020
9315057
9334404
9334818
9337338
9337347
9337349
9362461
9387293
9387327
9387522
9387524
9388271
9388272
9393980
9415310
9499914
9512468
9541025
9542512
9553078
9556621
9572489
9585252
9586670
9590118
9590694
9618494
9625302
9627225
9637684
9637788
9639400
9678639
9684874
9696394
9698563
9712416
9721067
9730597
9735325
9751783
9770116
9786961
9797688
9815853
9815855
9824203
9824645
9844631
9854479
9855018
9858910
9873025
9875670
9885382
9892105
9950219
10022814
10026131
10066072
10098763
10211791
10233167
10318765
10320143
10334266
10371347
10376526
10376800
10380881
10381258
10399934
10408862
10421602
10430778
10463601
10473632
10474685
10491437
10491438
10499598
10521398
10535875
10537329
10541479
10559227
10567214
10597275
10607920
10632352
10645007
10648571
10653587
10655525
10656732
10657694
10681041
10681823
10698518
10702370
10704452
10738122
10738256
10738260
10751365
10757805
10762692
10763821
10799311
10809364
10840938
10861310
10861572
10878580
10878805
10879240
10887493
10918572
10921034
10928168
10941162
10941905
10942781
10974086
10974087
10980598
11003596
11005213
11012094
11026025
11030148
11038761
11049052
11062025
11071886
11103810
11106082
11153605
11156523
11156524
11158230
11162510
11162886
11173924
11175341
11175365
11189010
11205461
11245482
11252628
11263193
11263196
11275796
11278603
11280743
11288983
11313977
11321488
11324501
11330837
11336639
11351242
11360601
11378338
11389077
11408805
11410163
11410482
11417974
11417997
11419027
11422380
11425459
11467449
11500850
11522658
11533657
11546794
11564761
11571533
11571643
11581290
11598901
11668496
11687512
11689293
11706391
11706392
11709727
11719455
11737890
11737892
11739740
11745477
11751413
11771997
11774204
11779863
11780339
11786427
11796827
11837710
11856880
11867754
11884607
11885807
11892991
11893033
11920494
11920778
11927521
11929951
11953857
11956082
11959134
11984589
12000754
12016390
12019156
12032832
12034361
12049736
12052879
12053195
12060608
12072561
12079396
12099646
12102554
12104076
12114214
12115372
12115478
12115729
12115877
12134143
12135609
12149207
12174876
12181354
12183061
12192053
12202942
12203362
12204526
12204533
12214266
12227060
12234993
12238488
12239347
12270581
12362975
12373151
12376557
12379776
12384528
12386815
12386822
12404064
12414507
12418962
12434309
12447674
12451998
12451999
12461170
12477051
12481249
12503030
12517790
12526770
12527905
12530026
12550033
12553037
12553494
12554767
12559449
12569382
12574167
12584562
12586444
12586780
12613922
12620236
12629518
12629984
12631589
12649319
12651161
12658752
12673393
12677891
12687010
12702645
12722795
12730682
12739007
12740642
12748185
12775708
12792823
12810676
12843257
12846405
12853564
12859950
12866575
12882013
12887745
12888364
12888924
12894578
12907618
12917629
12937837
12941816
12942124
12943694
12956604
12966186
12970748
12973835
12975581
14511254
14521261
14523990
14558950
14570715
14578197
14592414
14614020
14633703
14647415
14663583
14684309
14689059
14697248
14703062
14724581
14725792
14737100
14739033
14739340
14742716
14743203
14749494
14751135
14764991
14982856
14983012
14988518
14991576
14991893
15010812
15034864
15044465
15051890
15054739
15059917
15080792
15093533
15093539
15107620
15120910
15135067
15142456
15148612
15156151
15159024
15172638
15181828
15184872
15209630
15218691
15221777
15236312
15256466
15277603
15284539
15300809
15305184
15322292
15324690
15326381
15329759
15371781
15375338
15377668
15385631
15386389
15457249
15480783
15489929
15491773
15493579
15496447
15499570
15501954
15511476
15528979
15536687
15543618
15545967
15547756
15548598
15550452
15557433
15569931
15569996
15571956
15579904
15580295
15582322
15582575
15582599
15596490
15609325
15632176
15637341
15640503
15643424
15665275
15665568
15671027
15678850
15684311
15685397
15688610
15693850
15695389
15704291
15705882
15713482
15720812
15741050
15743501
15743507
15743888
15753384
15759010
15772959
15775699
15784621
15797019
15800944
15805248
15812545
15816643
15825173
15843546
15856022
15860504
15862149
15862947
15867240
15868442
15870067
15888451
15897883
15902485
15920761
15922745
15923396
15930003
15930029
15948146
15954156
15958580
15970791
15987433
15994962
16003726
16010426
16014700
16029927
16055332
16061662
16079318
16091755
16101816
16110311
16112423
16116605
16122940
16134726
16142310
16142439
16153159
16168106
16199884
16207817
16246194
16258954
16278083
16286993
16299242
16307437
16309427
16319978
16340250
16352662
16360440
16375577
16384610
16397024
16397255
16403645
16404430
16407820
16414259
16434967
16437968
16445625
16450376
16452223
16465429
16466848
16467098
16469294
16481445
16483772
16488535
16489002
16489114
16490596
16510594
16516204
16538785
16585198
16585203
16601278
16607561
16609045
16622443
16623716
16624867
16630588
16652155
16682622
16685446
16690615
16698793
16707444
16724315
16769082
16769812
16770085
16770086
16797938
16814944
16818618
16818711
16825508
16834533
16839426
16847283
16875632
16883574
16885376
16892039
16901776
16901783
16904607
16947083
16951165
16963728
17001161
17003495
17013533
17016428
17018616
17028091
17030621
17043217
17060407
17060907
17077856
17079459
17092940
17100565
17101136
17110380
17117180
17132159
17145873
17146442
17148612
17150109
17164260
17165026
17173075
17176074
17177846
17189388
17208233
17208435
17210696
17214955
17221157
17224938
17239458
17243161
17259347
17259656
17259984
17266042
17274834
17280647
17283152
17290345
17292332
17304506
17308081
17309600
17311002
17321325
17329185
17329190
17357088
17369913
17372305
17392524
17398092
17400210
17409443
17416003
17426253
17426346
17431415
17446858
17449250
17452776
17471028
17477367
17493932
17505009
17521961
17525746
17546589
17549665
17555517
17570480
17572496
17599092
17626164
17627089
17635524
17636013
17674766
17687647
17698286
17699716
17700572
17704139
17704947
17705881
17712310
17717428
17721278
17761519
17761983
17825601
17847085
17851678
17869514
17879382
17883948
17888033
17890319
17908952
17911008
17936675
17938205
17940078
17942920
17947490
17956594
17982484
17982490
17990290
17993237
17998668
18039657
18043284
18045866
18055238
18061446
18079173
18079969
18083065
18089823
18159252
18177484
18177812
18178548
18180774
18182285
18184445
18187820
18199961
18202008
18218085
18255265
18258606
18276068
18296077
18313293
18316330
18337455
18339686
18339869
18361882
18362934
18372913
18382352
18397823
18409049
18413839
18418848
18426980
18442934
18454161
18454306
18458039
18462377
18483252
18487307
18490647
18490651
18516291
18520822
18528705
18540437
18582466
18583808
18594210
18597646
18618485
18625725
18644987
18650488
18655371
18700973
18701712
18702822
18719096
18724389
18726004
18729063
18765569
18769124
18777948
18777949
18777950
18777951
18777952
18787015
18787406
18795950
18796377
18799465
18818943
18824559
18829509
18841159
18922900
18922910
18936791
18948375
18980964
18999885
19005469
19010331
19010816
19017630
19022565
19072471
19077306
19103750
19133254
19153829
19156142
19208749
19214513
19220462
19223396
19226453
19228734
19232840
19256339
19257854
19263517
19272639
19276186
19285990
19288496
19293191
19294521
19298655
19318561
19331129
19331811
19336545
19349372
19362044
19372587
19376231
19406993
19409371
19411062
19417081
19424599
19424877
19435870
19435911
19436748
19443566
19444455
19458057
19459856
19486885
19490591
19491261
19509241
19513620
19525980
19536107
19556818
19561085
19574641
19584166
19584234
19628076
19648825
19648968
19668225
19691458
19697624
19704002
19707428
19718021
19732720
19751177
19754954
19755514
19756737
19781441
19782563
19787624
19801938
19813066
19822081
19826038
19826412
19841470
19847362
19847364
19861407
19876926
19891423
19906305
19931543
19934656
19945923
19951994
19956862
19967068
20009581
20010870
20012671
20018398
20041876
20043086
20049896
20051871
20051960
20056314
20056944
20068093
20073577
20103628
20108215
20124187
20124457
20126619
20129248
20133707
20142587
20145185
20154280
20156584
20159766
20160030
20179677
20181947
20197467
20197472
20201928
20203220
20220087
20304052
20305688
20331626
20331873
20332114
20335174
20347166
20371687
20379846
20406983
20432461
20435927
20443831
20446891
20463225
20471394
20498641
20505116
20514464
20518902
20542996
20565902
20589763
20595387
20607690
20610043
20649976
20655838
20662834
20679487
20682802
20684269
20695903
20701076
20711231
20713705
20715159
20731018
20809125
20813958
20824000
20824001
20824002
20824003
20824004
20824048
20825649
20837468
20847828
20847831
20847929
20847930
20878123
20932292
20934271
20936496
20937854
20944115
20956544
20961652
20961995
20978078
21031415
21034468
21044682
21069929
21086124
21088503
21106881
21127199
21127496
21136925
21190959
21196218
21199797
21207860
21237132
21288302
21311224
21319263
21323863
21353324
21384344
21419042
21474175
21476053
21481261
21497990
21499233
21503962
21516080
21531597
21531776
21533346
21536547
21555369
21556521
21556627
21556948
21559015
21577028
21584585
21590373
21597745
21613411
21624363
21655657
21666715
21673090
21674799
21674850
21686266
21689422
21710689
21723941
21731642
21733823
21749294
21749857
21779217
21787752
21793718
21840311
21862872
21867536
21876697
21878970
21900593
21924310
21932427
21947749
21988766
22004749
22009799
22022496
22037875
22046346
22056878
22070017
22085636
22092393
22102915
22105364
22120673
22139885
22157714
22183742
22190492
22190870
22190871
22200761
22214165
22248472
22252257
22253826
22266114
22279592
22319204
22326466
22330809
22331080
22373082
22387177
22393391
22393464
22407943
22410461
22411700
22419448
22425775
22427524
22429000
22448335
22460089
22461520
22464443
22482406
22489125
22499306
22503980
22505344
22526592
22547270
22552355
22553354
22562558
22577344
22584052
22585164
22585169
22587495
22589274
22619689
22641442
22648541
22665265
22674190
22699517
22702899
22705569
22713242
22720029
22729366
22733765
22745369
22751112
22761469
22767218
22767439
22789781
22797561
22800866
22822073
22847003
22851698
22855166
22864381
22869152
22899247
22899285
22899293
22908275
22911549
22912742
22914212
22917885
22938721
22952421
22967996
22969966
22977193
22988969
22989664
23007710
23089982
23090500
23127513
23146892
23149915
23154999
23160933
23181561
23190227
23199222
23232401
23238628
23242156
23254686
23255952
23258564
23271292
23276718
23279575
23300147
23301073
23301758
23305906
23313108
23318423
23318431
23321163
23323159
23334330
23342251
23344868
23375777
23383112
23397283
23403761
23420759
23421821
23437108
23445109
23445110
23445612
23447672
23451056
23457626
23460348
23466678
23474757
23474764
23480537
23504322
23519125
23552733
23554633
23575477
23576562
23585570
23589165
23589215
23593223
23602409
23610600
23611113
23612964
23623609
23630663
23644106
23647160
23661506
23698633
23710360
23720052
23723124
23770845
23792450
23825050
23826343
23827764
23839042
23842006
23844533
23856074
23858761
23861098
23861392
23897819
23900832
23912956
23943608
23968588
23971878
23975515
24014028
24025251
24046294
24065479
24069396
24088818
24091769
24096861
24100522
24120871
24121271
24122876
24142574
24142693
24144028
24165569
24168763
24186136
24192927
24201163
24205104
24212954
24217252
24256316
24265712
24276244
24280377
24281706
24291029
24309211
24311197
24319638
24322659
24325095
24327800
24333112
24348587
24364879
24384723
24386251
24392943
24402830
24421342
24440910
24452693
24453000
24463007
24491355
24492292
24492513
24516025
24530706
24550054
24551203
24574049
24583087
24615340
24631664
24649197
24668364
24676663
24692179
24693969
24709902
24715245
24733759
24797764
24798404
24802673
24807161
24810047
24815698
24817309
24818668
24822110
24824849
24835103
24835218
24839254
24861025
24862237
24884523
24886178
24899264
24909170
24926380
24937171
24961464
24971884
24987437
25003657
25035774
25043310
25055963
25070180
25075564
25081321
25081690
25085898
25089830
25102001
25106503
25124601
25129484
25131912
25143433
25174601
25187457
25190023
25215939
25220456
25220708
25225290
25228389
25238247
25246633
25251190
25269082
25275813
25288731
25303361
25304790
25333815
25350844
25354531
25373520
25383500
25401468
25414785
25435423
25480824
25509354
25520867
25566992
25576545
25590338
25592291
25596742
25603171
25633808
25635772
25636184
25636205
25660204
25681438
25681440
25738885
25753424
25760308
25770487
25776733
25789534
25791465
25792810
25820598
25848746
25865255
25865888
25875008
25890497
25898824
25918676
25950472
25970488
25975284
25988210
25991002
26001389
26071215
26072398
26083142
26086037
26100352
26114862
26155288
26167451
26198262
26206558
26242268
26243861
26244165
26246598
26247733
26248137
26254336
26261492
26285240
26292854
26297228
26299666
26310459
26314265
26320869
26330166
26332771
26358791
26384789
26391955
26436560
26440329
26441531
26487584
26490994
26524685
26539793
26561487
26614428
26620897
26640245
26645663
26692570
26694352
26716506
26719032
26755150
26806295
26859680
26893657
26893781
26899482
26906551
26933086
26936618
26936914
26942872
26964772
26966351
26977021
26980732
26985693
26999718
27002451
27002940
27007654
27028822
27029001
27048593
27065318
27077364
27077740
27078022
27109096
27159537
27165212
27199386
27203740
27211578
27229930
27255951
27284958
27285910
27286447
27308480
27345410
27356767
27363335
27371737
27383056
27389414
27390088
27405979
27409668
27416801
27474152
27514658
27531070
27542246
27555341
27564098
27567228
27576528
27596216
27597738
27602491
27626067
27652326
27653501
27662323
27665021
27666484
27716627
27753660
27765041
27791982
27792260
27811364
27812689
27813227
27863425
27872096
27879270
27882385
27918780
27918782
27926948
27931797
27965166
27987485
27992871
27998284
28006840
28027945
28067668
28096336
28099468
28109082
28119233
28125512
28160563
28167203
28174229
28177558
28178722
28186982
28209555
28211519
28242701
28272674
28288133
28300085
28306722
28339023
28351972
28415602
28422721
28442738
28473715
28490348
28514745
28520362
28520364
28571477
28584185
28617998
28637868
28735727
28781955
28783168
28784859
28802750
28805349
28817097
28855210
28870636
28870832
28879551
28881779
28885562
28900130
28900173
28905237
28938602
28947957
28947975
28974323
28978063
28982707
29029499
29044505
29082632
29089571
29089858
29100552
29119846
29131383
29143776
29146616
29163776
29190819
29190909
29193033
29218825
29279289
29285258
29291395
29327055
29338072
29352243
29434871
29438965
29516925
29600801
29601842
29636108
29642647
29686309
29715459
29717218
29718453
29719406
29743853
29770537
29792724
29799521
29845222
29851072
29861842
29872719
29894706
29907770
29910702
29941010
29954840
29955792
29959202
29967253
29973843
30005627
30015966
30025876
30067338
30093446
30096481
30098331
30107476
30120700
30123134
30127930
30147110
30147626
30193375
30270571
30301790
30304546
30314968
30335819
30352910
30425522
30449325
30456437
30463939
30463996
30467378
30486894
30520184
30520849
30520947
30545388
30583472
30605854
30610926
30621632
30622337
30639343
30639369
30641862
30662661
30688116
30704154
30717682
30776175
30786890
30790678
30800128
30808777
30810966
30816273
30853181
30865916
30867772
30870514
30898150
30917575
30938930
30955235
30961642
30967373
30998824
31002322
31019892
31037288
31037905
31040372
31043415
31046123
31100572
31115453
31116314
31141251
31201260
31229512
31248101
31262161
31263101
31292270
31301170
31415059
31415062
31415070
31452768
31453370
31484456
31556771
31558980
31563959
31588020
31597089
31608175
31618629
31624127
31640537
31645123
31646095
31647503
31650186
31689531
31723153
31758081
31788108
31801944
31803359
31805897
31831814
31838585
31868166
31907376
31932682
31939997
31949796
31980423
32016296
32017710
32020881
32027502
32039017
32054397
32066410
32110102
32152425
32160892
32161378
32175895
32183953
32190395
32213539
32251323
32263899
32271387
32286387
32291971
32324210
32327210
32327714
32342276
32350809
32353357
32353937
32366937
32405522
32458584
32463423
32463424
32463426
32477948
32478891
32492036
32495860
32509881
32535812
32584367
32591879
32599712
32613206
32619704
32627883
32628295
32674482
32695336
32714928
32724160
32727899
32742732
32757330
32782013
32833014
32841416
32880602
32923849
32923853
32923865
32945388
32969763
32998149
33019652
33023655
33023950
33037285
33038514
33042286
33046882
33050010
33057570
33061459
33077919
33087324
33092601
33110243
33150390
33151266
33190141
33193388
33202212
33214226
33226431
33235498
33249692
33279901
33325633
33419763
33426545
33447879
33473058
33480963
33485488
33497993
33506276
33506582
33514658
33577030
33597560
33613109
33619166
33640859
33652033
33655632
33663050
33705930
33710417
33720042
33728523
33741354
33750895
33757386
33777223
33780491
33795719
33801244
33809102
33809981
33816237
33834328
33854045
33907567
33920322
33942843
33946229
33946495
33947960
33947961
33976644
33995662
34003256
34006643
34014249
34014297
34039018
34073233
34077739
34095423
34095900
34126793
34165503
34190995
34209587
34236387
34245914
34257600
34276800
34283045
34315398
34330652
34370552
34371382
34403912
34418214
34439093
34459788
34463133
34487971
34497338
34531912
34535639
34572945
34616159
34617955
34642148
34647966
34665129
34679042
34708303
34711123
34729115
34732216
34739066
34743185
34817689
34826159
34881777
34896211
34905511
34912471
34942100
34944558
34949663
34963694
34994599
34997908
35024766
35050711
35050726
35092510
35098762
35100698
35113131
35113160
35117816
35126865
35130504
35135125
35158093
35172500
35177646
35190802
35232969
35238866
35238873
35247925
35254385
35310062
35312940
35322023
35343383
35366566
35402217
35406375
35415372
35416993
35416996
35430770
35431974
35434068
35448172
35477796
35489721
35524932
35538223
35549881
35565309
35582612
35582767
35595220
35595825
35609807
35611358
35664762
35708670
35708676
35716406
35723064
35737367
35737383
35737402
35753988
35759121
35797012
35820907
35834632
35842479
35875132
35884448
35902772
35911441
35933456
35944596
35946510
35952320
35954382
35957949
35963482
35969799
35969801
36059809
36066537
36097051
36107417
36107428
36159262
36172165
36218239
36248434
36251951
36266942
36276102
36291943
36308575
36314052
36315917
36326737
36326756
36327124
36328292
36352028
36410093
36413144
36437939
36441548
36454580
36471172
36520434
36538387
36545974
36576009
36602696
36602784
36612126
36619267
36627049
36633721
36639866
36672182
36686783
36687526
36688995
36708791
36721174
36735116
36754726
36765018
36787506
36791497
36805678
36821125
36821135
36824069
36826820
36828346
36843255
36875302
36880347
36905464
36916408
36936983
36980575
37004188
37022687
37027810
37038354
37046197
37068520
37079118
37098526
37103916
37103927
37114656
37166793
37166817
37173881
37221046
37227708
37227737
37256614
37269887
37284196
37295903
37304410
37315265
37324014
37327700
37336194
37340393
37359373
37363568
37364233
37367744
37373090
37382948
37386793
37387589
37387868
37406458
37423585
37427135
37429473
37437225
37440239
37449085
37450666
37474724
37498606
37498624
37517117
37554835
37561451
37564024
37577308
37608657
37662907
37681031
37729138
37754252
37769401
37883083
37917812
37920257
37949862
37964543
37999141
38029652
38033416
38052324
38076918
38094333
38104247
38109791
38112201
38117494
38136267
38138928
38154514
38175627
38216775
38219954
38236590
38236941
38272402
38287892
38304523
38329744
38329767
38334638
38335502
38336054
38337757
38345769
38351535
38370412
38374091
38406801
38416376
38434379
38446110
38495882
38517439
38528801
38533139
38546612
38568692
38570422
38588887
38637476
38699639
38706988
38719422
38723761
38730603
38748939
38780965
38807216
38854434
38862927
38862995
38914011
38942760
38981018
38985587
38987017
38991830
38994725
39031010
39031567
39059397
39067134
39079344
39102636
39111631
39163021
39186271
39196362
39220126
39235791
39267747
39313574
39319165
39320882
39334374
39351593
39353993
39354054
39358617
39369448
39377016
39388662
39457497
39507038
39509133
39516338
39549017
39612956
39636623
39666109
39682116
39684551
39692700
39695741
39798390
39809083
39816549
39826477
39880580
39885914
39888615
39888623
39921768
39921935
39928773
39946142
39948369
39963129
39975123
39982725
39991577
40000408
40028484
40033740
40036771
40052122
40061311
40112179
