1319571
1363878
1433335
1729695
2184031
2309701
2342503
2558854
2835663
7558017
7563073
7585533
7585650
7641213
7782088
7851887
7882319
8033104
8053936
8055625
8194528
8571952
8583241
8692841
8786141
9111200
9131015
9195225
9238033
9372848
9988553
10328528
10783319
10874026
11133811
11319176
11872635
11888908
12110342
12220217
12435843
12692111
12853965
12935404
15199548
15534626
15598761
15615908
15764301
15776433
15834925
15882455
15886521
15896456
16030124
16054878
16212814
16214924
16341770
16492913
16707649
16806697
16835333
16875933
16965965
16997330
17050553
17131345
17151930
17403617
17498557
17556064
17604576
17940561
18075460
18085999
18196582
18267032
18454848
18470933
18483312
18494946
18534129
18616887
18630471
18635523
18637129
19055600
19242824
19406934
19434073
19466538
19615095
19736055
19762325
19834688
20003391
20127180
20127278
20379847
20564624
20627704
20651612
20981556
21075476
21178723
21278243
21390047
21418965
21419115
21426550
21601580
21614524
21686133
21890746
21958378
22332413
22345163
22351191
22579466
22608006
22617342
22994779
23028453
23098477
23147699
23435956
23494240
23593158
23596707
23672414
23680703
23996617
24023723
24083550
24137384
24234258
24254311
24258710
24330540
24390613
24402573
24473091
24486506
24504678
24531312
24556168
24564106
24582975
24763305
24782032
24833529
24908732
24969862
25002996
25096233
25113251
25117088
25155628
25209371
25274682
25422223
25596702
25674148
25789018
25835182
25867436
25932258
25951169
26001533
26130668
26261061
26314858
26345951
26349749
26379851
26400354
26505408
26505449
26526682
26550341
26627042
26659720
26782397
26823845
26985954
27051024
27051038
27111033
27139774
27173253
27310333
27323065
27449101
27465648
27504877
27566080
27607585
27668351
27819744
27838878
27862069
27863412
27888704
28027876
28088319
28223548
28388903
28474168
28489582
28608017
28610420
28676967
28707579
28749383
28803404
29284765
29544444
29572009
29705342
29980176
29980530
29989875
30117619
30123346
30279407
30366635
30390177
30416859
30560937
30581498
30847299
31077069
31083486
31281357
31282071
31348825
31455402
31586226
31803976
32047639
32277685
32519309
32546699
32749109
32984035
33009516
33194084
33355950
33369099
33652474
33687104
33693445
33711971
33733458
33747401
33762840
33809839
34284736
34309735
34347976
34837148
35319340
35944311
36033485
36065184
36103153
36594475
36891435
37140813
37223679
37578814
39003201
39055713
39096913
39192988
39319218
39339159
39551027
39699591
39735668
39923044
39976384
