7596355
8041709
8197175
8253090
8253091
8332082
8613681
8887684
8960133
9261409
15886521
15936543
16806697
17018596
17682675
17940561
18068852
19181112
19920816
21423097
21672525
22848636
23415627
23435956
23537993
23623386
24004570
24027083
24100905
24318989
24465539
24582975
25292041
25337066
26074087
28386271
29105242
29134637
29403087
29742103
30416859
30535472
30854110
33490679
33931939
34135938
34837148
34993023
35780063
36033436
36071684
36816046
37364129
37962435
38516408
38541204
38644609
39652212
39769235
