8653712
8695816
8913730
8978784
9031109
9044825
9050885
9087565
9171997
9204978
9233588
9233592
9264370
9264392
9305591
9305598
9326218
9365838
9373267
9389705
9454771
9462753
9523197
9523202
9664088
9665196
9665207
9693048
9694803
9811336
9823307
9864173
9920852
9949179
10036184
10477709
10502316
10573134
10583222
10590083
10658907
10702799
10706884
10763825
10828014
10867145
10895816
10914546
10918240
10959089
10979219
11066076
11129441
11157492
11167742
11170285
11242790
11319801
11319809
11406533
11417477
11423994
11454678
11550288
11568911
11568912
11675129
11684968
11731410
11743047
11751416
11841426
11861295
11920168
11960348
11964320
12036890
12080468
12161353
12165445
12173038
12203785
12210491
12393285
12406085
12450787
12450792
12505259
12588862
12592356
12652616
12661008
12750722
12764377
12764378
12823349
12823350
12893822
12939747
14668342
14695996
15094386
15101049
15104290
15143160
15143164
15162063
15175627
15193447
15229229
15334551
15371326
15611931
15676152
15695086
15704129
15750350
15789067
15806161
15826831
15826836
15887243
15958056
15963235
16044150
16191436
16213362
16224488
16258068
16478996
16552772
16572202
16643428
16681692
16737910
16757412
16761019
16828711
16875937
16965388
17069581
17118767
17215856
17284366
17285576
17325341
17366548
17409427
17508004
17574967
17690704
17854676
17889709
17960638
17972957
17980166
17988997
18068531
18068631
18212042
18241254
18281529
18305557
18310541
18328947
18426905
18455790
18462252
18462362
18476590
18615681
18656692
18728978
18767146
18940475
18992913
19010836
19011601
19024110
19081626
19100516
19259410
19264230
19302286
19345670
19394693
19480935
19561229
19665068
19710699
19713226
19890372
19963112
19998443
20049174
20190817
20400516
20410810
20412772
20513752
20589932
20618334
20658612
20713965
20804916
21145270
21148487
21156245
21156259
21193423
21212293
21224468
21226763
21350831
21401966
21482711
21492125
21569007
21576634
21600651
21628403
21705501
21803398
21803420
21804605
21833478
21869842
21900195
21934478
21989350
22028862
22076464
22094587
22156147
22162288
22162831
22210920
22217495
22271894
22373549
22404039
22521551
22578774
22580999
22584210
22734863
22875624
23074685
23077088
23078524
23090680
23131561
23135987
23151340
23168613
23171811
23204479
23276184
23488608
23491079
23636228
23694795
23710385
23746548
23772667
23773480
23798677
23859904
23873282
24006408
24053143
24081948
24121163
24145651
24188477
24240203
24241490
24255623
24318592
24327398
24333486
24339741
24413735
24527086
24557455
24596209
24740533
24854988
24904105
24910748
24975316
24997145
25061103
25213837
25281506
25298122
25368826
25373509
25388957
25456394
25503077
25581430
25599554
25651470
25780395
25807284
25850516
25900790
25933678
26045802
26102509
26203356
26219557
26269126
26291510
26327566
26484077
26492182
26520622
26522332
26535130
26542893
26573422
26580398
26584717
26606880
26625756
26711002
26781410
26852652
26856288
26884591
26919255
26920109
26925167
26957068
27020209
27058227
27065576
27093299
27145994
27229714
27259007
27265895
27282352
27313723
27365488
27393278
27458550
27506214
27506949
27540136
27570624
27604872
27620872
27631515
27650541
27663637
27670353
27710957
27746161
27746819
27763904
27812500
27834072
27859509
27895713
28004528
28063378
28125451
28129329
28182364
28219927
28272805
28299659
28299660
28395118
28418909
28484662
28485070
28548470
28555414
28592487
28598545
28630052
28637624
28650474
28693791
28719468
28776427
28810325
28831010
28954346
29034503
29046324
29064485
29076873
29119387
29153093
29177615
29233640
29237803
29251639
29254279
29286563
29290585
29296806
29311095
29391602
29408281
29427554
29432597
29455655
29471895
29520434
29541391
29617048
29623306
29672325
29683815
29683817
29726059
29778230
29880614
29894279
29900760
29903916
29909898
29950197
29992858
30028819
30087163
30088951
30115129
30130630
30248580
30341373
30344953
30381299
30526151
30536487
30553471
30689137
30730614
30831655
30842454
30940639
30986496
31034759
31085145
31157932
31181727
31248877
31250485
31273600
31289210
31423558
31425923
31429529
31448442
31476588
31482743
31502214
31517643
31519648
31602594
31704777
31738425
31817853
31905241
31952221
32114371
32118299
32148977
32205481
32223937
32279331
32299902
32321829
32326970
32367453
32406789
32536138
32545919
32572036
32590884
32659251
32693409
32723365
32734549
32748441
32819174
32836179
32841218
32923892
33049052
33070555
33170547
33218352
33226740
33290355
33301751
33333691
33342011
33345679
33394379
33396988
33450226
33452913
33459993
33475741
33536367
33544381
33596951
33660258
33677868
33708624
33738452
33739852
33768492
33792628
33848386
33895680
33936613
33987955
34019812
34101758
34120158
34250401
34336858
34362509
34372873
34429303
34535762
34587239
34609437
34624096
34781094
34979355
34981432
34982829
34988026
34999180
35053500
35074994
35198911
35228392
35483876
35506873
35511647
35537115
35586967
35670854
35685921
35747804
35787922
35796010
35803545
35856362
35915042
36045062
36069745
36087274
36226493
36274330
36292767
36315405
36350827
36385372
36448441
36543959
36565795
36626254
36658219
36658220
36741356
36748182
36764385
36848872
36924196
36960705
36973972
36975735
37036164
37085035
37144345
37153875
37157849
37188179
37338765
37345483
37381775
37383677
37405044
37415052
37417635
37434656
37469802
37480760
37503586
37522715
37597896
37601839
37601849
37670323
37686522
37794988
37872096
37895201
37945013
37967932
37969368
37985135
37985498
38026242
38031764
38113652
38117930
38136366
38144903
38203288
38206384
38243088
38246140
38312193
38356460
38405662
38441775
38527838
38584068
38612518
38615587
38685592
38699646
38763512
38806630
38824653
38844578
38861243
38863624
38882450
38952502
38992279
39017849
39037342
39037616
39066837
39101978
39105739
39138661
39178500
39260650
39316653
39423354
39498293
39634885
39704842
39723366
39737858
39761655
39791724
39880832
39923209
39992648
40004441
40008001
40038900
40083598
40089289
