8307570
9858836
12359745
12522555
15729702
15884099
15899394
16189150
17647282
17724745
17879630
17912356
18094413
18338330
18383210
18422688
18666823
18855877
19122807
19212622
19417137
19492315
19528446
19561568
19760602
19775727
19837262
19936782
20049929
20513536
20617339
20815032
21113140
21177214
21185830
21212061
21344536
21484932
21510931
21725291
21793187
21962892
21987447
21997693
22038502
22072439
22153153
22154050
22350795
22454397
22510762
22570737
22588066
22703924
22886438
22930730
23199525
23252871
23329308
23399793
23426124
23426715
23459838
23480895
23494411
23552423
23588368
23630070
23715163
23856841
23953591
23975937
24025453
24025527
24158095
24213312
24293381
24300529
24320889
24326851
24388397
24441665
24619014
24721473
24723486
24735198
24746215
24758504
24896634
24898918
24974828
24993038
24993903
25031013
25109552
25123073
25134518
25231231
25353281
25359601
25454478
25581728
25591392
25693574
25706482
25805066
25851709
25875009
25916650
25930744
25946189
25948942
26165403
26214589
26523541
26684812
26690869
26768122
26847175
26925167
27010880
27166030
27218413
27283964
27341063
27526022
27534535
27594918
27627705
27764830
27766786
27769871
27832806
27916624
28008375
28009602
28093488
28104675
28135250
28141799
28236059
28281318
28494941
28505004
28559020
28643791
28648935
28801375
29143432
29309308
29363919
29390927
29416716
29426275
29626598
29629425
29679497
29731676
29895896
29932283
29957732
29975250
29985454
30047065
30053180
30136738
30314647
30317742
30319719
30326150
30379650
30481590
30552521
30605259
30642852
30709442
30714449
30823861
30831299
30833127
30834570
30895378
30994538
31006967
31020999
31036566
31049020
31050844
31078563
31107830
31108450
31135487
31189996
31236300
31305268
31335288
31363027
31376366
31430493
31430747
31531845
31697442
31709724
31774608
31776646
31782119
31812440
31831298
31863478
31925773
31938448
31972596
31994243
31995669
32016322
32039736
32134119
32164354
32215804
32242756
32268676
32290418
32356379
32362012
32502203
32504289
32506986
32556562
32615834
32632473
32649120
32668333
32683005
32710151
32729300
32770123
32798549
32816231
32829130
32901982
32925408
32991339
32997853
33002291
33012788
33027073
33028642
33048366
33051146
33075019
33077252
33080563
33085975
33095415
33097530
33175657
33293370
33316098
33378126
33433416
33443863
33455694
33459994
33472334
33478436
33534137
33616852
33624342
33669307
33677893
33683984
33692755
33734915
33738448
33763261
33859361
33930311
33987888
33990343
34021224
34041825
34049318
34055346
34081036
34099870
34099871
34100066
34110448
34111315
34112958
34121509
34192825
34193943
34203801
34216030
34228212
34251595
34254369
34258808
34310785
34313881
34345016
34359682
34374640
34376425
34405608
34538011
34567242
34612781
34631187
34649728
34704266
34719176
34721908
34736521
34766064
34825267
34830820
34854109
34877752
34885181
34990868
34997546
35024748
35031058
35072774
35088879
35128846
35152636
35165059
35344861
35347249
35430129
35466725
35477713
35500493
35565457
35568279
35570029
35571637
35626339
35665561
35693189
35732801
35768243
35912228
35921433
35999085
36041632
36051504
36076673
36083250
36171207
36230245
36318291
36323546
36328767
36357572
36359460
36379683
36470043
36480780
36506091
36555836
36563884
36580038
36585419
36591513
36617901
36624615
36640048
36646985
36656211
36672331
36719454
36787739
36791251
36816978
36820993
36862145
36875767
36920022
36966162
36990350
37027334
37057374
37057381
37097293
37129228
37151162
37194493
37211641
37243594
37258330
37263933
37274229
37283292
37284624
37294950
37331036
37372318
37383160
37405123
37462917
37479138
37633005
37645932
37658451
37670626
37680034
37693198
37709831
37715645
37735878
37736255
37742928
37793844
37797367
37804108
37818644
37829338
37891121
37953453
38010473
38043789
38050902
38074973
38114270
38136296
38155013
38158126
38168093
38178748
38187702
38254207
38278606
38321863
38335254
38339014
38352344
38421462
38433061
38460673
38483612
38506112
38588409
38588446
38591905
38604870
38639853
38645952
38646679
38674190
38678326
38705279
38763423
38808451
38866368
38883514
38899283
38924617
38955712
39031200
39069454
39073367
39104157
39209444
39228008
39228173
39231756
39235305
39269157
39420989
39427644
39495374
39496818
39554175
39583630
39648206
39692858
39723381
39736923
39769457
39775186
39776650
39793930
39845329
39868958
39873201
39877461
39888444
39894896
39982522
40013966
40021072
40037835
40042664
40072299
40088092
40089636
40092691
40095263
