8954776
9499421
9584199
9742080
10051331
10780782
10980109
11298590
11342607
11389032
11390661
12374981
12450788
12496962
14500907
14532106
14965441
15077161
15099518
15196462
15208672
15225548
15264237
15385962
15520282
15536069
15720799
15817459
15856046
15882624
16009709
16012774
16015586
16126384
16215315
16224021
16293602
16314526
16330673
16331887
16357870
16361539
16431907
16447267
16575874
16618729
16717091
16998811
17024127
17134822
17237810
17252556
17332078
17453341
17502350
17541304
17545586
17640228
17676662
17694325
17724462
17786943
17911618
17937919
17943722
18095286
18285464
18326020
18393368
18406871
18421308
18430739
18460542
18591938
18619895
18637271
18687996
18713946
18723033
18806826
18848501
19008416
19026780
19026781
19079346
19099573
19106613
19258506
19279403
19289832
19303854
19340297
19386347
19390090
19502792
19625769
19638619
19661437
19709408
19717977
19773751
19818710
19860841
19886718
19888978
19893569
19901851
19904743
19934278
19934320
19954516
19969553
20043168
20078939
20081860
20087897
20127006
20148941
20193471
20306127
20351197
20368440
20369694
20385124
20395008
20402834
20478051
20479932
20480530
20601953
20601954
20622896
20631058
20668008
20671031
20684863
20686362
20708159
20724984
20736451
20798045
20814569
20858097
20863566
20864510
20881251
20920340
20935635
20946108
20952513
20979531
21070394
21078963
21087793
21114963
21116854
21123648
21125401
21131960
21143197
21165554
21175789
21190999
21199804
21205084
21215703
21216927
21216957
21232178
21233829
21275949
21278485
21297974
21317239
21321380
21330577
21339190
21339759
21367748
21368858
21383005
21396836
21399615
21399658
21406404
21455215
21490431
21498568
21499305
21512140
21515604
21532618
21539681
21546904
21572997
21609503
21614565
21614903
21630475
21654879
21659531
21672285
21672940
21685935
21690062
21697275
21703114
21713757
21719208
21757686
21761309
21761357
21765901
21777817
21795281
21828058
21828135
21856302
21865393
21884980
21892211
21892963
21901171
21903722
21914347
21921040
21921784
21926398
21932133
21941025
22023227
22037603
22042701
22068036
22094936
22108826
22122274
22144423
22161744
22177091
22187039
22190405
22194861
22211105
22222375
22228224
22233633
22235851
22266912
22267199
22272343
22290439
22308284
22312437
22323599
22323620
22361100
22383679
22391448
22399519
22426358
22431509
22442719
22450781
22465358
22469510
22475286
22504913
22505648
22508723
22527102
22544210
22562205
22563434
22593192
22609199
22622284
22659877
22677129
22696229
22709867
22711031
22766150
22766277
22766604
22779686
22781616
22800347
22805308
22807976
22808153
22809481
22850114
22855181
22871469
22872916
22904200
22914328
22925699
22930729
22948084
22972404
22983009
22986524
22992977
22994729
23001607
23011159
23023262
23038103
23051747
23063525
23077658
23079660
23099237
23110793
23116973
23121604
23135913
23145205
23153531
23159737
23190500
23203812
23228130
23236167
23239724
23239736
23241245
23251464
23255093
23283488
23286483
23287465
23289480
23291064
23291714
23294722
23300840
23307742
23343715
23349306
23354591
23360797
23361872
23375371
23409774
23414300
23424038
23438432
23448518
23464430
23486531
23494175
23523787
23526793
23529930
23538750
23539298
23562851
23589697
23592277
23599767
23603558
23613835
23614352
23620515
23636686
23636867
23644490
23673358
23677067
23680141
23680150
23684459
23684884
23688634
23707559
23712803
23727574
23730406
23739676
23759589
23759596
23764001
23792601
23803132
23803199
23815091
23826380
23847365
23857401
23865096
23874688
23880518
23887388
23887863
23893242
23897557
23932971
23948956
23962556
23967231
23974116
24000826
24018208
24022934
24040354
24047271
24052547
24055345
24074410
24079712
24097338
24097870
24107828
24108699
24121664
24122997
24123378
24132606
24132643
24137001
24139839
24141370
24153105
24162653
24179546
24183969
24200695
24209571
24211739
24212330
24213577
24214728
24218139
24238339
24266940
24289559
24289988
24292603
24294976
24304166
24304372
24312307
24325319
24335192
24337160
24339737
24344012
24345883
24351808
24362326
24367611
24367637
24403021
24406044
24413452
24424512
24446035
24469040
24474760
24487593
24488618
24490857
24496623
24499724
24501407
24516139
24526064
24553933
24563539
24570920
24575771
24582688
24608043
24612037
24612432
24634383
24652950
24658854
24670451
24671995
24681730
24691023
24697523
24705718
24714818
24719098
24737471
24739462
24745014
24755199
24760151
24767850
24771265
24798718
24802772
24804542
24807198
24813658
24830456
24845612
24850841
24852755
24861464
24867641
24878960
24900432
24900844
24912396
24916103
24928441
24953053
24953652
24967960
24986100
25005166
25007342
25017995
25025074
25036033
25038756
25043748
25046371
25051981
25069920
25077680
25084021
25088689
25107471
25111487
25115397
25131810
25153170
25153722
25154026
25159232
25168426
25177364
25179367
25188243
25189741
25190211
25193989
25203626
25225797
25226601
25237831
25243792
25252918
25253781
25255445
25260883
25264199
25266721
25275047
25275664
25280519
25289642
25294424
25326896
25341040
25359725
25369470
25380300
25381642
25381824
25395428
25398938
25400732
25400745
25407652
25409661
25428914
25431950
25444902
25457180
25471249
25472588
25477280
25486432
25493630
25494962
25495986
25499219
25500144
25501205
25505154
25505847
25516972
25520914
25526925
25535899
25537508
25547114
25549357
25556712
25586788
25595591
25600645
25600873
25601206
25605023
25609585
25614949
25629630
25633838
25644061
25647295
25648270
25651430
25671303
25680271
25686104
25692693
25724194
25732793
25746006
25746813
25751747
25762637
25762643
25767098
25790853
25800664
25800736
25807917
25811841
25824776
25833838
25854924
25868794
25869101
25877750
25890085
25893293
25893294
25901190
25901533
25907866
25917318
25923513
25939439
25944687
25947258
25955299
25969142
25979827
25989023
25998860
26005520
26027790
26032517
26038315
26077423
26090605
26096306
26111449
26162541
26177152
26189078
26191190
26219303
26235356
26243049
26250110
26251675
26268246
26268310
26271144
26279746
26280220
26300989
26304929
26307668
26317265
26351866
26360609
26362062
26364600
26370511
26377323
26378043
26392259
26404566
26411517
26416763
26424790
26427660
26437366
26452129
26469332
26484284
26484567
26497210
26499080
26506125
26508027
26516927
26517514
26517640
26517694
26523864
26552009
26552012
26553291
26573802
26580594
26587974
26590165
26592252
26593398
26604082
26621269
26629110
26631032
26631178
26632198
26648239
26655220
26656176
26657505
26659825
26668377
26676756
26681461
26683709
26693692
26694085
26715809
26718325
26735435
26746204
26754405
26755663
26762561
26773568
26781064
26791102
26799422
26807327
26812882
26840083
26845405
26848979
26848980
26853880
26859127
26868841
26871294
26871869
26876532
26876615
26888970
26892683
26897964
26898301
26903164
26904942
26929642
26936398
26939702
26945572
26964089
26970171
26973856
26973857
26976725
27000755
27009634
27010137
27015363
27019355
27036951
27040767
27043660
27045473
27049834
27050973
27052808
27054919
27063195
27066096
27068104
27070757
27081096
27082936
27092879
27102007
27105109
27109360
27113214
27116120
27121240
27125524
27128979
27129219
27135271
27135738
27136105
27145952
27149985
27151441
27168161
27169594
27172794
27179746
27183582
27191993
27195672
27199994
27207647
27223261
27225420
27226494
27239242
27239797
27248655
27253463
27259264
27261606
27270772
27270773
27278257
27282353
27289323
27290698
27297789
27300769
27303043
27308548
27311868
27312177
27323022
27345740
27365409
27385092
27391784
27399922
27401344
27401345
27418411
27419533
27421653
27431680
27436059
27446358
27449082
27452518
27459028
27462425
27465826
27468126
27468692
27471434
27472460
27494834
27499068
27502594
27505670
27512831
27539752
27539996
27542077
27548656
27555605
27563817
27566578
27578795
27582065
27587466
27587489
27594424
27610467
27620004
27622325
27630125
27630126
27630289
27634879
27638307
27644252
27648006
27648357
27668088
27677711
27690696
27694924
27697098
27706111
27713574
27716745
27728805
27738890
27739677
27762633
27764181
27784285
27793053
27793210
27807665
27807891
27812929
27823969
27830540
27835578
27842164
27845386
27845772
27859460
27868408
27869166
27875550
27879367
27880940
27882937
27886392
27889452
27890434
27895750
27897169
27899259
27909059
27920552
27923618
27926488
27926872
27934660
27936185
27936698
27938379
27941792
27966775
27983539
27984719
27984727
27993893
27998273
27998761
28000868
28024110
28034643
28052011
28060766
28062277
28067271
28068325
28069000
28069878
28085948
28088786
28090544
28109288
28112720
28119061
28119431
28123882
28147317
28152483
28184935
28196596
28208648
28214253
28214878
28215965
28223321
28223825
28228601
28242758
28246193
28249716
28249909
28249923
28253895
28255276
28255661
28257897
28263309
28266546
28292935
28314309
28315733
28320739
28322158
28323035
28329683
28332284
28344045
28356595
28359267
28360411
28362441
28388584
28394193
28395453
28401191
28405676
28410242
28411252
28415635
28418882
28423732
28430172
28431938
28438623
28439030
28444909
28447382
28490465
28490575
28536141
28539837
28554757
28561778
28569779
28579806
28599500
28612725
28612962
28620234
28626218
28642877
28659443
28665819
28666321
28666925
28671703
28678185
28679390
28681114
28681918
28684617
28696078
28701722
28706445
28720764
28722764
28737508
28738014
28739498
28741798
28746871
28747286
28748258
28754964
28759046
28775165
28785086
28795320
28796375
28804564
28811345
28811957
28813519
28813705
28826853
28832071
28833137
28835384
28854977
28858300
28862715
28868240
28878842
28887218
28899973
28902349
28914785
28923203
28923852
28925391
28925507
28928088
28928895
28936980
28938648
28946213
28962111
28963737
28967906
28970725
28973837
28977801
28978137
28978636
28982932
28992292
29022893
29026085
29026152
29028630
29035360
29035367
29039454
29045832
29046366
29048549
29048683
29053336
29059780
29061511
29061982
29070525
29081198
29087303
29089464
29091973
29093822
29100288
29100322
29100411
29113202
29113297
29118968
29127861
29130642
29132376
29137412
29138341
29141691
29144570
29152663
29156711
29156731
29161520
29169732
29174711
29175080
29185157
29185984
29193797
29202477
29202777
29207119
29207671
29211475
29212262
29212856
29221147
29221202
29221985
29228694
29231261
29242551
29244146
29248547
29262596
29262600
29270748
29272522
29275295
29280310
29285251
29285811
29286132
29288200
29289837
29290968
29294297
29299455
29312501
29316949
29321554
29327713
29335012
29337251
29344151
29344674
29351847
29358618
29359794
29393360
29394319
29396474
29397836
29403289
29408583
29408885
29415665
29415991
29416002
29425303
29434212
29435024
29435295
29438697
29445179
29447387
29456795
29466371
29473431
29479874
29487009
29489508
29495975
29497317
29501388
29507419
29515022
29515677
29525673
29530475
29530751
29532870
29535829
29540490
29540569
29545866
29552776
29555646
29556394
29560522
29568886
29572378
29575713
29576612
29581297
29616853
29626115
29630085
29632530
29636998
29642935
29643989
29650362
29650364
29653269
29663940
29669287
29674685
29687868
29691302
29691644
29705809
29707162
29710537
29725411
29726819
29729398
29731896
29732557
29743723
29748098
29752567
29759640
29760602
29764585
29768655
29773542
29774113
29789713
29790898
29802153
29803673
29803931
29805743
29852354
29854032
29858685
29859193
29864144
29876013
29898397
29899112
29901192
29904056
29905573
29906747
29907810
29916899
29925528
29940916
29941599
29959321
29972783
29974865
29990499
30008323
30008615
30022044
30030400
30031020
30031062
30038060
30041976
30048163
30051352
30061944
30066891
30071900
30072740
30080177
30093632
30105513
30105866
30106235
30112706
30119259
30120321
30121333
30121666
30131250
30138427
30151890
30158520
30166592
30169530
30176648
30186385
30195769
30197001
30214616
30218753
30220457
30222957
30223276
30232145
30246858
30250255
30258009
30266084
30274685
30280514
30282996
30287808
30295189
30297712
30304920
30305391
30305602
30314898
30327434
30338896
30342849
30343006
30344723
30353102
30354255
30362162
30365505
30367633
30371509
30373873
30374835
30376874
30378143
30389560
30390343
30394832
30396150
30405850
30408551
30420287
30425057
30429285
30464532
30469511
30487153
30487290
30496973
30510924
30510991
30517868
30519315
30519392
30522506
30527357
30540964
30541888
30542123
30551433
30555238
30555330
30555699
30569799
30575739
30578411
30593723
30603559
30608448
30612216
30612258
30613354
30621625
30622230
30626446
30628639
30628724
30642912
30649914
30655550
30661456
30662348
30677064
30689973
30690451
30692641
30692681
30700785
30705058
30705065
30705619
30710146
30710891
30715616
30716533
30723117
30737232
30747066
30755532
30755708
30760814
30761216
30764859
30770796
30779601
30786928
30793471
30795863
30809307
30811870
30820607
30842630
30844722
30851295
30853334
30854049
30854231
30867490
30868890
30879952
30883033
30885343
30885427
30887911
30889481
30890554
30890555
30890700
30891136
30903272
30912166
30915752
30936220
30938218
30941654
30942459
30952377
30967505
30968962
30970517
30971429
30972206
30972996
30979734
31002139
31004257
31004581
31004879
31008529
31020497
31024250
31026422
31028191
31036541
31036909
31037158
31043779
31053162
31070730
31071316
31081092
31085587
31087496
31092221
31096221
31097223
31102664
31104332
31106974
31109434
31115564
31118686
31126817
31130994
31138033
31139703
31140128
31140859
31144530
31154015
31160593
31160652
31177918
31180543
31186379
31189531
31189930
31190748
31197517
31201367
31201420
31202798
31204938
31205561
31213123
31214915
31216925
31217892
31219209
31227476
31240130
31243262
31258770
31259687
31273190
31273598
31273925
31282094
31283006
31285428
31289198
31289569
31317325
31331120
31331645
31331874
31332986
31335317
31347330
31352449
31363169
31366503
31368152
31376524
31376657
31380279
31383940
31389610
31395079
31401873
31408621
31410199
31413097
31416910
31417274
31419226
31424661
31434700
31468686
31471020
31471312
31476446
31478258
31479715
31486480
31487061
31489409
31493246
31497351
31497936
31506740
31511494
31511638
31518916
31534051
31545422
31551012
31551170
31557401
31562203
31582742
31582835
31583122
31599107
31599494
31606963
31607290
31613064
31631027
31631036
31636385
31640461
31646567
31646568
31651209
31669648
31675590
31676871
31685780
31693890
31695501
31696466
31704732
31704972
31711520
31718595
31720078
31723847
31724824
31727135
31732666
31737207
31747378
31747604
31752930
31757187
31773700
31784651
31786184
31786844
31790140
31791385
31794134
31810492
31811272
31811854
31819273
31823218
31830648
31830649
31833556
31841965
31842978
31842983
31843273
31846764
31855281
31858557
31860165
31871160
31880094
31886200
31891591
31895624
31903696
31904978
31907922
31910305
31914379
31917284
31921641
31921860
31927050
31928477
31929143
31932074
31934041
31943751
31952907
31954402
31959420
31961005
31961063
31962268
31963578
31966476
31968251
31991488
31996376
31996688
32002028
32002036
32004442
32005028
32009798
32022326
32025238
32041674
32041739
32041748
32042866
32045348
32054404
32059342
32061543
32064169
32066746
32092673
32093567
32094206
32096165
32098708
32110043
32122262
32127003
32138178
32141531
32157157
32159963
32161011
32163895
32175029
32178558
32194081
32194873
32206036
32222493
32232478
32234906
32242003
32243864
32264965
32269682
32271434
32271438
32291076
32292524
32296698
32298702
32303902
32308561
32312833
32320706
32322039
32328192
32329150
32332097
32346844
32348690
32349783
32349972
32354194
32360600
32366675
32368395
32370249
32371945
32373959
32373962
32373970
32379493
32380038
32389168
32394628
32395334
32396861
32409309
32420685
32428001
32435414
32435534
32448308
32453339
32456453
32457468
32461334
32461716
32464306
32474518
32477007
32483123
32503684
32506298
32508030
32508971
32514249
32522890
32529280
32529327
32533097
32537408
32551002
32552947
32553389
32554463
32562311
32595202
32606728
32619406
32626925
32626980
32631994
32633340
32635336
32635858
32650416
32651901
32655542
32657761
32663416
32668764
32674144
32676814
32701505
32710193
32715799
32720035
32723083
32723346
32725802
32725924
32729292
32731005
32735528
32754259
32765678
32772228
32774475
32805266
32805486
32814835
32816857
32816909
32820250
32825929
32844866
32854097
32855270
32870163
32873321
32873863
32882524
32884286
32885590
32895488
32899608
32901105
32906688
32907838
32917647
32920200
32933418
32934212
32934732
32938196
32941921
32943993
32944622
32952624
32964984
32968043
32976740
32978169
32982303
32990923
32999031
33009487
33011750
33014799
33014831
33024029
33026112
33035458
33040370
33041324
33044225
33051796
33057161
33061442
33063698
33064575
33064966
33068867
33069730
33072570
33083470
33089597
33091189
33092789
33097254
33104794
33109776
33113500
33117406
33121524
33123260
33130928
33136445
33137873
33149618
33163485
33163491
33168810
33177650
33178340
33180829
33187138
33192074
33194612
33197837
33199654
33207561
33207890
33208750
33215433
33222697
33226554
33230143
33234056
33235571
33240432
33246325
33246425
33247371
33262329
33268767
33276757
33277782
33281964
33283749
33288199
33288562
33290872
33291363
33292221
33292225
33293663
33296708
33298857
33299646
33299862
33304896
33308321
33311453
33313943
33321190
33327550
33330444
33336896
33340495
33357908
33360300
33363140
33370552
33388376
33389794
33391480
33408782
33415005
33416105
33420598
33431838
33436557
33461200
33469303
33473259
33479735
33482814
33491971
33499872
33501725
33502806
33502891
33511127
33524394
33529029
33546582
33547248
33550923
33556366
33559868
33562658
33570247
33571671
33574814
33579905
33589600
33589750
33593912
33606537
33608392
33609540
33614480
33615636
33623946
33627375
33631674
33632299
33635506
33649858
33650817
33655795
33664859
33664990
33665162
33679454
33690617
33692439
33692939
33709190
33709777
33712646
33718109
33718668
33721449
33725092
33730427
33732505
33732733
33743723
33747174
33747199
33748276
33750924
33755945
33757300
33761351
33761979
33763107
33777677
33784295
33788986
33791221
33794893
33795875
33800594
33801781
33803922
33821477
33823894
33827085
33845873
33854524
33861639
33868295
33879635
33884563
33899001
33901010
33901015
33910627
33922336
33931470
33934088
33937922
33940225
33941868
33948156
33948362
33962663
33965547
33966039
33978549
33986248
33988033
33996254
34007185
34007331
34015321
34029268
34029540
34031939
34034498
34036375
34040893
34044429
34057794
34058933
34063443
34065631
34067359
34076983
34077206
34087994
34093859
34093860
34094676
34094920
34102285
34103997
34104112
34105464
34113393
34113399
34115196
34115825
34140011
34140643
34141456
34144503
34149178
34149887
34156519
34159682
34160745
34164478
34164962
34166654
34167550
34168051
34174908
34175897
34195851
34196564
34210752
34217280
34217898
34224201
34224844
34230470
34234858
34246782
34257556
34265379
34273373
34277422
34294888
34301901
34307682
34325277
34335707
34335938
34349243
34350670
34351144
34376807
34381816
34401209
34405017
34405442
34405537
34406548
34409024
34409953
34422795
34425630
34435649
34437823
34449935
34455369
34455779
34462420
34464475
34476922
34478526
34485907
34486784
34487238
34489575
34493171
34493753
34497120
34502238
34503063
34504544
34509612
34510715
34512145
34517264
34519570
34527565
34531686
34533764
34545456
34551671
34551698
34553850
34564701
34571002
34577052
34589402
34597852
34600754
34614148
34614259
34615538
34617573
34622148
34638497
34644112
34646766
34653429
34655667
34663788
34664960
34666777
34666800
34668273
34668762
34671029
34676924
34685528
34706521
34729108
34737746
34739394
34741007
34750830
34764950
34766670
34771469
34775498
34776951
34781960
34789260
34789399
34789568
34794493
34802040
34802056
34811354
34815475
34820775
34825659
34825669
34843930
34849017
34851506
34857740
34857757
34859108
34862367
34868904
34890048
34899918
34899921
34906623
34906772
34915417
34916437
34919637
34923811
34925340
34937916
34943970
34944658
34945856
34948250
34952043
34952334
34966479
34967593
34976141
34980170
34989071
34991274
34994315
34998031
35002536
35008205
35013218
35018436
35025697
35031563
35032074
35034955
35038705
35048632
35064540
35070495
35075612
35082399
35083555
35085106
35085770
35086959
35094010
35103493
35108527
35110396
35117523
35131084
35131874
35149587
35154460
35158113
35163710
35173526
35177654
35180308
35181615
35182680
35186711
35188401
35192931
35193055
35197928
35208478
35210568
35217116
35226736
35230663
35234265
35234927
35236381
35245884
35247919
35248993
35253323
35256601
35256668
35257481
35259482
35262520
35264108
35269532
35280723
35281418
35293697
35294045
35300079
35300150
35303175
35321452
35322532
35326637
35331717
35338256
35345511
35346226
35351858
35364107
35369397
35371316
35392146
35395831
35399521
35400167
35414117
35415251
35419594
35432300
35442568
35449124
35449211
35466313
35500243
35504958
35505294
35509134
35509853
35523402
35524266
35527982
35533600
35537449
35538070
35541090
35547084
35559404
35561310
35565249
35568718
35569264
35574589
35580699
35581496
35586442
35588752
35596973
35598656
35604910
35606353
35609316
35610640
35617639
35623249
35627262
35637283
35642598
35645710
35656182
35659256
35668081
35679682
35680109
35680984
35682829
35695663
35705732
35715861
35726125
35727564
35740494
35751755
35772421
35772429
35772492
35779815
35780904
35783863
35791029
35792675
35795677
35802620
35804015
35813302
35818168
35851153
35852858
35856444
35864094
35864175
35884510
35888776
35892859
35907322
35912007
35916787
35917200
35927718
35933601
35939884
35941836
35955891
35960849
35970825
35978516
35984905
35985089
35985452
35987088
35992062
35993622
35994849
35996686
36000567
36009484
36018148
36029259
36037134
36038549
36045674
36048167
36050772
36050791
36052036
36053032
36057370
36071871
36077742
36086687
36087568
36087682
36091809
36094360
36104682
36117724
36127410
36129843
36160712
36172073
36179694
36179812
36191822
36195655
36197969
36199157
36212776
36220978
36230571
36230683
36232694
36239491
36239569
36257233
36263120
36271224
36273114
36274363
36275907
36276954
36288553
36292072
36300627
36301622
36302480
36309370
36309571
36310024
36313363
36316365
36322426
36329030
36358967
36396821
36401232
36403545
36406327
36408179
36415270
36426644
36443397
36443715
36446780
36449143
36455343
36456043
36469862
36476271
36476345
36479622
36502580
36505807
36517590
36518590
36519785
36524678
36524761
36538966
36542963
36545914
36552722
36555314
36564076
36578923
36601794
36612203
36619221
36622753
36628294
36629431
36629984
36635272
36642705
36652457
36669714
36672374
36681835
36691058
36692394
36692688
36708555
36712863
36718085
36724065
36738498
36747009
36752339
36760869
36765033
36768289
36768720
36774555
36778289
36780304
36786578
36789537
36798379
36798389
36808829
36813772
36854530
36858198
36877334
36884182
36897808
36898415
36900330
36906655
36930428
36946271
36958695
36966198
36973442
36974822
36982437
36990422
36991015
36995935
36998321
37001184
37001386
37001595
37005451
37010741
37017413
37017678
37021456
37021526
37035229
37035245
37037414
37037595
37044035
37048131
37064878
37066147
37069142
37069494
37085881
37095742
37104245
37104249
37114557
37120706
37120836
37131568
37134145
37140546
37142078
37142692
37146018
37146769
37147437
37148376
37156135
37156182
37157015
37175580
37179372
37182601
37190202
37196108
37198149
37198697
37199893
37202806
37207700
37210576
37212947
37221682
37222221
37225847
37228094
37230222
37239864
37239949
37253918
37259686
37264965
37268997
37269912
37272906
37277561
37279651
37283223
37297005
37309004
37311416
37311441
37325482
37326884
37329532
37331417
37333199
37346412
37352705
37353042
37360624
37360688
37373116
37376877
37379621
37383892
37401236
37416126
37416481
37419489
37427349
37435868
37437580
37438214
37445833
37458071
37459919
37467626
37475584
37491334
37492702
37498408
37511137
37530328
37532787
37541451
37543653
37548351
37549258
37551312
37558192
37572533
37572850
37574185
37580495
37582767
37591118
37594167
37597667
37598282
37614965
37615534
37619672
37626362
37634008
37634215
37644332
37645613
37645799
37664059
37670785
37674478
37681498
37682251
37689710
37698037
37708707
37726387
37727441
37729434
37747077
37747420
37747726
37752998
37760442
37762082
37794102
37800055
37800319
37801176
37802724
37803297
37826933
37829611
37829803
37837384
37838590
37848095
37851112
37856091
37858275
37860497
37862922
37866545
37886478
37889101
37932047
37934086
37936214
37951195
37956762
37963880
37989985
37990130
37992808
38001678
38008711
38008820
38015636
38030172
38031139
38041002
38048186
38054839
38070859
38072134
38072662
38076648
38096164
38097887
38114929
38118215
38134746
38146588
38155599
38161208
38163576
38165007
38169402
38181661
38188996
38199479
38204915
38214398
38220465
38229326
38233533
38236530
38238517
38242267
38242973
38243324
38244292
38245345
38264522
38265267
38266459
38281217
38285511
38295690
38305289
38306271
38309675
38315003
38330572
38331087
38334611
38339397
38346162
38347304
38362910
38368866
38380739
38383796
38393645
38405800
38408883
38411616
38413797
38417568
38419656
38449737
38460798
38461243
38461299
38476362
38477804
38478142
38484431
38489890
38490327
38494860
38495291
38496595
38505042
38517989
38519707
38520088
38530086
38534385
38536911
38556567
38567631
38574630
38575707
38580135
38585548
38600608
38617973
38623968
38640588
38644473
38645261
38646788
38652219
38658543
38664825
38665021
38670045
38670959
38672463
38676810
38677505
38678670
38678673
38703440
38744974
38763505
38764053
38774445
38777812
38791289
38796468
38798385
38798454
38804044
38826100
38833522
38835785
38842201
38857597
38862595
38871245
38881299
38882008
38884152
38884661
38886296
38886655
38890707
38896061
38911968
38913801
38915759
38923455
38944201
38969206
38994197
39013911
39024552
39032682
39039946
39043617
39043634
39052181
39054369
39055901
39060362
39069522
39073683
39082677
39087878
39091221
39098089
39098622
39112519
39114365
39117665
39118123
39123184
39127454
39137155
39163614
39164404
39174513
39179948
39183840
39188617
39188643
39196854
39197387
39204206
39232135
39236791
39245506
39251057
39255961
39264807
39278404
39293534
39298003
39300407
39301621
39304765
39306576
39310812
39321703
39339966
39344139
39353382
39358471
39358887
39359095
39360779
39365901
39373211
39375105
39381038
39383633
39385030
39386827
39387445
39389676
39390614
39395714
39398919
39400978
39408226
39414465
39450433
39455556
39462856
39471914
39472569
39472584
39472935
39498302
39501501
39513112
39516467
39530290
39550391
39562655
39567499
39569199
39571304
39577129
39578185
39602541
39605517
39605688
39610136
39610138
39636550
39640777
39642889
39647236
39647537
39655070
39655332
39668494
39702756
39704001
39713879
39719443
39722418
39739419
39747080
39751742
39769907
39774797
39776536
39786309
39788354
39789291
39792929
39796709
39798880
39814292
39816547
39823459
39850359
39853766
39878501
39881418
39883630
39885217
39886019
39895798
39904827
39914169
39917842
39918720
39920286
39931769
39933657
39938633
39940255
39941804
39946195
39951437
39952198
39960560
39964768
39967436
39969739
39975104
39983725
39984702
39987296
39988873
40007097
40009485
40022506
40027835
40028035
40029458
40038276
40069892
40070134
40073167
40075013
40075585
40085388
40085707
40088688
40097809
40098175
40101298
40111060
