10075454
10373536
10381491
10383195
10470107
10515453
10551855
10627486
10666230
10783335
10845936
10848598
11063725
11342426
11401546
11493445
11500375
12149239
12239156
12351814
12393504
12397061
12423678
12521994
12670332
14726700
15113761
15327776
15356134
15616572
15644418
16020692
16127171
16429406
16513431
16687415
16762635
17257630
17404312
17490643
18607065
18684868
18990233
20022886
20509860
20554974
20606166
20864535
20869034
21543111
21670957
21861228
22234699
22701786
23028338
23838005
24005041
24046015
24483844
24589582
25265357
26073630
26778106
26860989
26895835
28425259
29427417
29767408
30213274
30679321
30967997
31044565
31467304
32896825
33073500
33088445
34864095
35659106
36326135
36652992
37952855
39003201
39811495
39962244
