10075454
10090479
10210316
10373536
10397750
10468606
10469633
10551855
10567393
10627128
10627486
10660320
10754110
10862090
10915769
11050007
11063725
11091222
11161829
11181053
11401546
11726552
11739169
11855836
12354784
12444097
12571280
12637330
12827451
12955722
14749703
15162062
15192709
15522956
15523645
15591268
15643609
15860134
15917947
16532972
16946306
18279715
18398427
18457264
19109555
19491337
19779646
20864535
21236561
21273304
21414716
21519011
21543111
22036606
22194614
22234699
22396592
23021409
23067021
23806870
23898106
24045675
24046015
24486548
24501220
24689079
24704046
24799500
25015289
25108529
25126945
25161103
25161863
25243787
25261197
25265357
26086753
26109920
26366677
26799702
27121516
27867017
27883081
28178472
28440412
28864460
29098742
29269525
29400309
29584588
29621589
29702541
29952310
30032139
30057198
30339652
30344425
30357811
30499383
30525096
30809872
30844655
31030435
31239491
31251079
31461451
31535215
31662500
31931827
32002546
32199280
32793304
32850347
32888817
32896825
32947577
33025164
33088445
33151384
33172906
33175223
33183999
33202820
33333703
33468219
33679882
33762291
33918752
34058059
34864095
35280757
35854323
35954197
36181052
36833207
37047537
37276838
37355617
37470182
37547463
37573408
37725782
37799138
37905617
38191666
38217981
38282187
38682160
38779778
38820384
38887032
39252317
39375712
39624858
39666700
39731835
39885916
