9806548
10373536
10468606
10567393
10627486
10660320
10807541
10961856
11050007
11063725
11093276
11181053
11401546
11438206
11719385
11751423
11756225
11792607
11823446
11918676
12552564
12673805
12861027
12915460
14697762
14726700
15123790
15299017
15319283
15367677
15533833
16621732
16762635
16946306
17010390
17097336
17584296
18212739
19102630
19129541
19427512
20450923
20518486
20606166
21118969
21750350
21968513
22036606
23067021
23484681
24300640
25132264
25477267
25703136
27358865
28024295
28440438
28627524
29584588
30679321
32002546
32529760
32947577
32989015
34368842
34436527
34864095
35216452
36292578
37446306
39149814
39477388
