11239453
11751423
12042798
12239151
12447395
12767353
12874027
12887909
12893777
14517836
14667412
14712086
14988723
15107617
15115758
15199141
15314022
15454491
15601828
15665282
15671039
15694018
15886296
15979372
16127171
16127665
16135554
16168378
16280053
16679306
16860002
16893675
16914393
16943440
17096012
17126808
17304220
17333336
17352736
17412408
17420278
17436244
17643815
17938197
18029388
18082605
18212739
18258493
18277096
18475298
18482162
18483568
18672388
19111657
19129235
19287902
19423727
19428384
19466639
19504183
19561358
19609304
19633289
19861535
19934329
20023418
20040763
20064367
20339950
20363922
20450923
20456353
20506303
20507282
20519958
20556575
20603015
20603016
20671156
20676667
20805509
20826722
21118969
21229326
21314979
21355096
21414716
21519342
21734703
21764741
21912593
21995812
22287633
22307177
22484854
22513077
22753026
22828868
22829014
22855611
22872141
22980747
23063585
23318456
23357080
23388460
23538752
23633493
23658231
23721813
23806336
23852546
23897704
23965832
23993743
24036990
24278431
24397476
24451376
24483844
24501220
24512567
24556218
24623813
24658369
24726325
24787670
24794430
24794434
24905007
24913333
24932534
25070891
25071006
25135477
25168188
25176410
25304378
25489943
25505262
25647473
25659033
25801034
25838973
25891850
25893307
25984447
26083937
26119737
26187992
26221031
26297932
26336824
26343459
26379910
26430909
26640811
26765540
26789701
26797144
26871286
26980768
27026368
27264184
27270041
27277787
27322732
27373334
27399778
27405460
27427384
27637088
27642530
27694619
27720904
27768874
27773819
27827420
27915139
27986592
28157704
28174693
28196964
28314268
28350060
28378742
28386063
28666371
28671668
28687786
28825622
28966006
29030393
29031493
29059323
29247345
29253234
29352063
29394375
29440313
29588287
29605812
29760279
29937342
30176149
30254368
30431240
30450770
30456385
30650351
30713837
30799775
30804107
30818369
30822218
30850063
31067464
31078270
31085681
31167143
31219578
31253762
31360198
31392348
31434739
31472450
31633027
31735550
31873223
31919410
31934192
32066963
32117957
32163912
32165999
32167469
32510829
32563974
32717583
32725171
32906798
32940045
33051438
33099537
33222180
33361032
33514811
33795880
34014148
34096775
34137174
34209435
34228493
34258475
34327028
34328261
34380074
34493474
34718701
35236309
35402838
35595243
35624090
35754466
35901928
36050501
36071212
36246623
36257352
36267413
36385258
36434146
36480547
36543851
36642183
36814203
37007148
37020276
37174061
37392383
37526271
37591242
37599085
37763083
37777152
37821996
37863027
37926864
38060446
38104669
38117757
38165804
38217981
38229567
38401480
38443946
38634045
38696002
38745241
38874758
38959632
39051418
39057961
39085614
39365306
39400935
39477388
39535917
39654637
39768544
39824992
39829787
39962266
