362676
668260
1339331
1558296
1877738
2246370
2455333
2676873
2818166
3136372
3256761
3380026
3545731
3641959
3653860
3759030
3834017
6306496
6820963
7136585
7160440
7495323
7500020
7536620
7543175
7544399
7565490
7721384
7810643
7945916
7983482
8039704
8522287
8524817
8557409
8616718
8617197
8630954
8631008
8702907
8751476
8779318
9016948
9043953
9054667
9056970
9068243
9106309
9168303
9186542
9191200
9232425
9291713
9328788
9373620
9384699
9440236
9499454
9521208
9679678
9683630
9694505
9723504
9745506
9858222
9859810
9988876
10088775
10090967
10103003
10117058
10117060
10127416
10145884
10145972
10228495
10231537
10242664
10280172
10315188
10315564
10399953
10403307
10417433
10442631
10444467
10457352
10471891
10500800
10500801
10525198
10525199
10530791
10606496
10625668
10707926
10708367
10720140
10752980
10889655
10894267
10936789
10945619
10978533
11015476
11018265
11022025
11022026
11087158
11119935
11125241
11129341
11146107
11166462
11171836
11216873
11218854
11250405
11250410
11266789
11266999
11271018
11311801
11323104
11325170
11337314
11359651
11502750
11515785
11520074
11530940
11553704
11713579
11745422
11768436
11782802
11830507
11860607
11886269
11926188
11927935
11932442
11965026
11990418
12009596
12034188
12098516
12150738
12163557
12376313
12507887
12556079
12563687
12595972
12603340
12605660
12623840
12652618
12657159
12657942
12680233
12680849
12687238
12709015
12711192
12729991
12766036
12793285
12793288
12845662
12907599
12952224
12963981
14590600
14602201
14624962
14624971
14626150
14660582
14697356
14703781
14717995
14736204
14736971
14773249
14962100
14977837
14982861
14991945
15049427
15173731
15215873
15220220
15235125
15240787
15280657
15296678
15315475
15353567
15390078
15467038
15479230
15514717
15523670
15531210
15557468
15566485
15573676
15592292
15598810
15622519
15627654
15652761
15669079
15670133
15698511
15736468
15792116
15806311
15897909
15909112
15937082
15996722
16000573
16000732
16087126
16091761
16146038
16148554
16151629
16163374
16187021
16197727
16202410
16253770
16255757
16261161
16277852
16304056
16306184
16306425
16313826
16455759
16472594
16473667
16510204
16538171
16538172
16687653
16691186
16740746
16788566
16886624
16894240
16895478
17000697
17014925
17022585
17053166
17062428
17089011
17127017
17132110
17135269
17139262
17180092
17183065
17203870
17347143
17349925
17384250
17384259
17487725
17487740
17504511
17555433
17561354
17592127
17597021
17613951
17653945
17667965
17673463
17703796
17742567
17759116
17762755
17762757
17772435
17772588
17795406
17825601
17838448
17844204
17891181
17893901
17896495
17896863
17912028
17945169
17955700
17962219
17997887
18068525
18070632
18240165
18266059
18301335
18302883
18335396
18383830
18426650
18427391
18445624
18452499
18479707
18507020
18528705
18548110
18568601
18568795
18599816
18618109
18652598
18666137
18685642
18703500
18796602
18798507
18803665
18813857
18923451
18967030
18967032
19001437
19029118
19047119
19076218
19097781
19146781
19168581
19176318
19205988
19223187
19225810
19239902
19240174
19266094
19298528
19337311
19404646
19440339
19513510
19531664
19565204
19571038
19597341
19615968
19626005
19669200
19679086
19691458
19726736
19727529
19737931
19766542
19853662
19895798
19922788
19926197
19941832
19950259
20054496
20074157
20112035
20155284
20219325
20227752
20232432
20359312
20360470
20375733
20394629
20396760
20501759
20575800
20618494
20626850
20651352
20665104
20677126
20701095
20720169
20813889
20842669
20855214
20965618
21036138
21131755
21151901
21286777
21336545
21354026
21389266
21400558
21430781
21441384
21450335
21485506
21490157
21541508
21549565
21557277
21625619
21645328
21651830
21717057
21743772
21752639
21792879
21793106
21806408
21864388
21908709
21940365
21971214
21986259
22006662
22011656
22112270
22156335
22159273
22164817
22173501
22173965
22183068
22197557
22199270
22211869
22216317
22237435
22267220
22299671
22338595
22353710
22386066
22407470
22431000
22438247
22542159
22576880
22580319
22631677
22651917
22710306
22740964
22854194
22857792
22949349
22949843
22983577
22983578
22994892
23053964
23056744
23103563
23114924
23123508
23142364
23144495
23153021
23181125
23198341
23218678
23241113
23322253
23326385
23338968
23340930
23341167
23349809
23372841
23419663
23420824
23422491
23524443
23560484
23591741
23604035
23618613
23618817
23636796
23646980
23729286
23806111
23842933
23848534
23850805
23880344
23894399
23900676
23920055
23951214
23979975
24003536
24014103
24043286
24047579
24094130
24141118
24160453
24185967
24248546
24313167
24324791
24347794
24348139
24398331
24401839
24424626
24448373
24457260
24469038
24568648
24603338
24624464
24637972
24648934
24649048
24665877
24690069
24764534
24811343
24813895
24815844
24861996
24888090
24951049
24957602
24980819
25005521
25029550
25062418
25071022
25103602
25105101
25129245
25169582
25340891
25382543
25392703
25409762
25458316
25472583
25472956
25496698
25594840
25605245
25632750
25645050
25656575
25679447
25744024
25761671
25795228
25809055
25827517
25846011
25897434
25950471
25957098
25964561
25979420
26068793
26136352
26186532
26196694
26256020
26289160
26323380
26400345
26408691
26411526
26417573
26418374
26429326
26452480
26477820
26483316
26488758
26563159
26587033
26609525
26690594
26758067
26759270
26782453
26824015
26851415
26911253
26922070
26925177
26973488
26980761
26986512
27045720
27050822
27060458
27098515
27103831
27109481
27130331
27193927
27243827
27246736
27258329
27265253
27272793
27302366
27323110
27347139
27377564
27458112
27544635
27603042
27616356
27622714
27770190
27846610
27853379
27899077
27940057
28013316
28060213
28070535
28087326
28094869
28101633
28121628
28261298
28279307
28373431
28542569
28575806
28598289
28609212
28617356
28656203
28667176
28668589
28694866
28708137
28814155
28822275
28942044
28950663
29061421
29079708
29101357
29102029
29147968
29187439
29213611
29296752
29328619
29345341
29379480
29380937
29432441
29453321
29453645
29481902
29541461
29563856
29567231
29611722
29617412
29633759
29652777
29686686
29688653
29721391
29863238
29864493
29911256
29937558
29968750
30036894
30066360
30082199
30137093
30147560
30189932
30240415
30272260
30324114
30352469
30357600
30404775
30565243
30569262
30606056
30937706
30992659
31127384
31172514
31178528
31184308
31184849
31195645
31309545
31315192
31476926
31486215
31492533
31519174
31552143
31566051
31618754
31741398
31784059
31798128
31798135
31798139
31798143
31798145
31798149
31798152
31798153
31799969
31804351
31825106
31835929
31835930
31840751
31877770
31942177
31964902
32027895
32088430
32206193
32266860
32329854
32350755
32352616
32362081
32519954
32555150
32614682
32628088
32654534
32698101
32702516
32703964
32730247
32777136
32864001
32929027
32944984
32963220
33028903
33033502
33139282
33153776
33166249
33170215
33237303
33295579
33411277
33415169
33508418
33676303
33707352
33816397
33851187
33962221
33969763
33992756
33994507
33995372
34021490
34092611
34127318
34171534
34215657
34252514
34261004
34328085
34392761
34452902
34481915
34503178
34593707
34619480
34638742
34649205
34735462
34753694
34771652
34845377
34855261
34922063
34925543
34937447
35053524
35059842
35076309
35175661
35249111
35255273
35476126
35482140
35499119
35558156
35565666
35565866
35638591
35789732
35863455
35926365
35929138
35930238
35939714
35967554
35990825
35995910
36005132
36165358
36205648
36254101
36466883
36656441
36660274
36707622
36764236
36819201
36876679
36876702
36904157
36916302
36919590
36975155
37079270
37084276
37119133
37152306
37169676
37178281
37184699
37217794
37369913
37416176
37501851
37513656
37532557
37548830
37569529
37575689
37581369
37625401
37625403
37695909
37738776
37776671
37969743
37979702
38013128
38047450
38063332
38091978
38133035
38143182
38148593
38169211
38212800
38215192
38313871
38464085
38481382
38571921
38593227
38671171
38698746
38845213
38863248
38881713
39008531
39068622
39079039
39097969
39221886
39244790
39365519
39383773
39384643
39416461
39532592
39533500
39539444
39558141
39617842
39653278
39706983
39724844
39731014
39831096
39843653
39889362
39979577
40003341
40032150
40106670
40108667
