14507635
15592418
16061623
16863506
16922404
16989775
17274947
17326833
17588203
17909001
17984302
17992009
18367647
18451101
18485478
18541364
18641686
18681173
18765672
18787170
18931460
18938137
18948752
19084516
19109228
19245433
19366810
19420964
19562935
19635999
19739118
19794079
19794083
19963109
20023701
20047651
20332316
20448329
20534483
20622901
20683149
20861909
20861920
20944675
21076392
21122106
21123947
21134077
21190997
21282377
21349854
21503901
21835957
22108521
22117044
22270966
22285861
22323043
22348067
22399798
22513362
22547598
22548670
22554084
22576686
22665065
22710480
22710716
22814294
22848434
22897623
22912667
22986743
22993608
23040356
23095493
23105958
23108047
23219661
23228967
23232523
23454868
23475877
23518349
23558291
23562472
23676439
23791182
23840897
23857984
23918007
23955342
24000292
24053468
24091628
24113472
24165483
24166518
24261825
24335356
24344117
24360397
24424791
24552289
24586741
24727676
24731221
24838835
24853181
24879440
24884509
25159729
25269767
25445601
25450649
25493453
25512615
25555218
25579381
25622249
25623537
25669969
25720964
25749036
25860929
25885523
25888377
25893295
25897075
25918246
25944166
25955618
26097998
26117003
26163148
26178611
26323375
26324296
26341754
26405580
26426760
26458995
26463024
26464659
26482194
26538655
26575021
26602384
26617467
26629048
26774286
26886596
26898828
26954701
27107065
27110583
27238018
27244218
27247421
27253416
27306418
27317567
27350307
27376155
27409838
27423313
27485116
27486687
27648365
27704356
27764699
27822062
27900032
27904771
28000896
28000899
28007894
28149200
28209614
28287082
28407575
28422719
28423622
28424412
28459460
28464881
28498285
28507201
28521468
28581198
28656290
28716020
28727686
28752701
28806398
28829765
28846828
28903484
28949784
28960258
29029518
29048664
29072128
29097832
29135520
29152152
29200162
29324317
29348852
29386660
29456733
29472293
29475832
29534580
29545456
29633504
29638162
29665239
29677903
29701752
29720189
29736206
29782853
29963728
29986033
30086763
30094882
30098297
30275535
30284149
30295241
30302867
30365154
30510140
30601691
30632836
30656413
30722038
30742097
30783098
30791487
30792223
30830867
30838725
30854619
30865892
30883339
30981757
31010381
31113922
31150734
31152129
31161818
31195063
31202256
31215394
31246581
31258712
31278268
31285543
31289136
31337255
31341888
31342282
31351478
31371703
31415795
31450901
31519156
31534970
31569395
31638140
31740732
31772025
31843895
31883011
31933933
31938126
31940492
31966468
32032908
32049388
32086376
32094308
32110099
32113998
32140077
32158226
32159214
32160702
32192324
32218606
32232196
32239181
32248654
32256821
32284542
32308754
32316282
32329846
32350066
32369227
32371478
32380038
32402537
32431539
32433022
32437091
32457290
32577098
32588541
32588875
32707070
32776544
32791990
32792479
32907612
32915667
32945381
32953795
33042830
33070870
33070871
33126914
33147048
33194745
33205306
33234509
33260160
33262829
33355365
33369138
33431788
33438204
33494392
33496006
33537812
33544209
33580200
33650075
33676554
33691432
33708617
33776760
33791023
33822486
33863546
33872388
33886022
33979572
34046815
34094717
34164520
34175129
34217244
34218589
34222065
34278448
34288252
34298040
34324196
34324708
34349253
34372947
34487730
34495699
34512273
34514345
34516983
34520626
34573936
34659544
34671019
34675978
34717891
34737211
34741373
34760892
34766156
34817806
34869326
34951343
34953047
34992218
34998785
35022544
35055338
35058228
35064102
35069531
35094292
35129045
35165511
35179220
35182481
35194762
35273678
35280682
35293097
35295711
35328741
35346215
35385962
35395208
35428764
35440636
35515121
35572884
35651754
35692592
35705373
35705374
35712679
35768390
35810662
35814468
35840806
35847937
35861150
35965327
36004691
36104351
36147468
36159747
36240645
36258201
36278408
36388033
36395886
36419866
36427396
36448053
36454788
36481094
36497403
36504898
36660176
36714028
36718661
36746261
36758484
36800052
36924565
36934104
36971192
36989847
36991467
36998461
37047300
37064111
37113395
37183425
37247277
37249289
37262995
37336962
37386001
37393311
37400551
37408248
37432596
37449518
37516418
37648017
37658431
37681873
37752997
37830165
37843504
37866880
37914694
38008853
38014700
38027013
38032106
38055341
38142463
38169111
38244948
38268032
38279565
38351137
38364577
38454442
38483988
38516709
38550144
38569029
38698266
38780184
38823387
38845996
38862515
38874362
38892210
38909632
38957784
39031722
39113693
39123068
39140602
39166827
39182874
39207602
39285446
39329268
39352716
39361641
39364007
39402299
39414990
39429232
39445291
39464137
39523321
39557657
39586983
39651531
39677626
39747664
39749199
39781455
39788431
39817129
39823500
39913332
39932049
39962032
39990660
40010183
40033576
40078826
40083925
40087851
