7774922
8876181
9178907
9214649
9786870
10211123
10409728
10529210
10545607
10660619
10899134
11093818
11260214
11309502
11948189
12119409
12411510
12424238
12427278
12683998
12853968
12856420
12861020
14562054
15131255
15448135
16103874
16945955
16978612
17383831
17452984
17589521
18466979
18499658
18541666
18559501
19075004
19137021
19218431
19596913
19618370
19674974
19699691
19724134
19805122
20145043
20399152
20551483
20729856
20802161
20929870
20972458
21345332
21383776
21454907
21496641
21807938
22072618
22155171
22570407
22586102
22749529
22751659
22810208
23071723
23184144
23382697
23427045
23675412
24164220
24234453
24349332
24395234
24440783
24486718
24608430
24880630
25154853
25885449
25921062
26039417
26160176
26431531
26581212
26811808
27010693
27020684
27088617
27231839
27270424
27526030
27694478
27699013
27801669
27849570
28187440
28348373
28371273
28416706
28628639
28678842
28685785
28861953
28912877
29029401
29239254
29358095
29420814
29541412
29735403
29878258
30184152
30260965
30336066
30686591
30712236
31087300
31266372
31272350
31471584
31670906
31819503
32193286
32318339
32399086
32505732
32586310
32719125
32783654
32861926
32913126
33173950
33224879
33414522
33516385
33529005
33687192
33708885
33770148
33797361
33847477
33919707
34117958
34156283
34164787
34303138
34342424
34675615
34712364
35246224
35495653
35820256
35883563
36030671
36240131
36283790
36464437
36603277
36641157
36829835
37185662
37195011
37225333
37254539
37326412
37354713
37393641
37452976
37501391
37648642
37728572
37757991
37923413
38223238
38230217
38360994
38396787
38404229
38513457
38552056
38553124
38577866
38642158
38923141
39028621
39062528
39159587
39260254
39361498
39515055
39578540
39745874
39765083
39788665
39880659
40022092
40029034
40047062
40054125
40066948
