12792807
15081372
15140837
15465490
15862633
15921496
16256099
16798106
17000708
17599042
17623664
17627937
17654705
17696253
17878606
17906623
18089288
18312426
18385093
18829467
19272464
19706524
20018895
20080590
20093562
20157585
20660733
21266813
21397858
21436455
21437243
21616061
21747170
21813638
22020932
22267484
22396159
22396170
22396171
22442730
22457778
22561792
22619029
22675463
22988100
23187887
23205607
23285165
23329754
23440425
23803094
23934687
23981126
24084738
24248542
24297792
24321096
24393342
24465767
24567899
24567901
24662279
24728076
24798001
24813368
24994853
25080475
25134510
25599612
25677789
25795585
25854696
25916467
26046094
26052146
26226571
26450751
26498355
26567701
26634251
26670488
26856750
26943773
27053348
27125742
27188262
27192118
27382436
27384874
27837028
28069043
28119353
28178326
28189755
28274997
28446510
28508871
28570655
28589584
28591793
28691284
28729723
28768168
28906590
28938478
28943626
28951455
28983785
28988823
29076506
29247039
29404440
29438906
29446652
29557750
29622814
29654817
29717197
29789271
29883717
29883971
29928896
29964017
29968724
29987678
30074276
30089729
30122083
30127091
30135133
30223181
30279125
30325210
30334297
30414864
30464200
30518874
30529590
30626486
30658059
30679232
30784284
30815392
30852757
30862680
30927227
30996006
31074061
31075790
31167419
31201553
31206730
31237451
31273649
31409633
31575541
31637718
31767164
31792121
31976601
31991869
32003601
32024683
32111983
32154250
32219747
32275977
32339941
32344084
32626734
32781086
32794259
32980439
33101202
33102759
33144503
33235319
33249195
33288659
33383173
33389337
33414764
33484478
33534906
33618175
33674622
33675223
33691750
33751819
33754043
33841967
33898959
34034475
34133768
34163030
34177264
34329971
34333737
34430784
34473082
34475326
34576070
34742678
34851728
34906775
34907727
35116006
35463335
35549849
35812049
35913833
36367732
36598638
36608639
36692476
36732847
36751636
36764368
36907560
36915160
36919699
36923538
37084852
37085108
37098695
37122899
37186335
37260446
37266540
37345586
37454120
37605146
37702045
37704786
37782406
37789318
38001551
38048735
38139126
38212977
38228803
38273381
38332428
38385325
38513652
38780878
38836805
38926262
39017679
39053672
39134173
39301694
39500656
39522105
39566244
39579736
39649867
39716892
39941067
39948303
40059865
