11062477
11344269
11371627
11805436
12032180
12791601
12851820
12854832
14966565
15268897
15470265
15542045
15590700
15628294
15840677
15863037
15869926
15885032
15995295
15998839
16012775
16020653
16149589
16151858
16279693
16292192
16337659
16395276
16449303
16523910
16644301
16731043
16932898
16982223
17086194
17099775
17174939
17227222
17276744
17293108
17350357
17395653
17464094
17506310
17656479
17848631
17906402
17906407
17942069
17992255
18234575
18346951
18396126
18442315
18480582
18528324
18559986
18591743
18660670
18682534
18726073
18753255
18835926
18984852
18996835
19019915
19148564
19151167
19188744
19213845
19215029
19329831
19357251
19366850
19419295
19419316
19429932
19436134
19449283
19483273
19483274
19483276
19515808
19524924
19549991
19554051
19555782
19556340
19567989
19569031
19574338
19609206
19626341
19628670
19655082
19669798
19820750
19838340
19844248
19933269
19941273
19956747
19965540
19965548
19966287
20010546
20059333
20150940
20354552
20354682
20431039
20459364
20507943
20513948
20526631
20571400
20583265
20585181
20628536
20675303
20685823
20685863
20698924
20717920
20732956
20798257
20844473
20847097
20881241
20943782
20960258
20963899
21030968
21030971
21037388
21050253
21076444
21185214
21321087
21344299
21372258
21404002
21436379
21497493
21502756
21507898
21543658
21633782
21710177
21730210
21803732
21813828
21880793
21896668
21898178
21914788
21932165
21945708
21971190
21984611
21985788
22006328
22021200
22023931
22031097
22103239
22109743
22126984
22142751
22145450
22157705
22175146
22247037
22249722
22294750
22298654
22300739
22311343
22319041
22334717
22338899
22339660
22360923
22362063
22362065
22370560
22383345
22383747
22396161
22396162
22396163
22396164
22396166
22396168
22419710
22421513
22447519
22467088
22573484
22577109
22581996
22592418
22615579
22647968
22683387
22689697
22695891
22714041
22728934
22739976
22836867
22875457
22875458
22885518
22902597
22930691
22933546
22953430
22970174
22983423
22995386
23001439
23023632
23038738
23079136
23085229
23098062
23117582
23128114
23129509
23129826
23146451
23155694
23180041
23187128
23187136
23233522
23235154
23235437
23251177
23261447
23288025
23314442
23335040
23391319
23393166
23443925
23451204
23471131
23471660
23577141
23583281
23649347
23652546
23652554
23652555
23657144
23666415
23677793
23698235
23708836
23735695
23748358
23841927
23852336
23872713
23873717
23902731
23951494
23967103
23986818
24006476
24009282
24038141
24053368
24057685
24068282
24076640
24076643
24076645
24076646
24076648
24080872
24119158
24166467
24168888
24235081
24243633
24259513
24302726
24311704
24348262
24373521
24384015
24402093
24434184
24459137
24476081
24569459
24601885
24638201
24639905
24678415
24680727
24695641
24706015
24706917
24723544
24729016
24757249
24777924
24797667
24801007
24854458
24870839
24875546
24940803
24956265
24976054
24991406
24991914
25007710
25025444
25026495
25031885
25051439
25053401
25062462
25065874
25089825
25115265
25120908
25143555
25154517
25155552
25185018
25195776
25198236
25200615
25200959
25223536
25224292
25243481
25294008
25380886
25427080
25445451
25458698
25498378
25504170
25515813
25530521
25551981
25620749
25656441
25665715
25700720
25700931
25716806
25723633
25739891
25792238
25878777
25902817
25922302
25926572
25944690
25975437
25987164
26019137
26023015
26059428
26069066
26073451
26082935
26094336
26125643
26126105
26126937
26135520
26148725
26235988
26247790
26267742
26273497
26288017
26296372
26311115
26323079
26428657
26435425
26459301
26461432
26476373
26483234
26491212
26527066
26551233
26567701
26588476
26590361
26612848
26620085
26631141
26666498
26674092
26681731
26693712
26721590
26728476
26746780
26751835
26759036
26764419
26771453
26773502
26781009
26784541
26792657
26793303
26813502
26813503
26813507
26864938
26878171
26900884
26928188
26943611
26956379
27006265
27035636
27070923
27075973
27081473
27085781
27114920
27118192
27125741
27134818
27176000
27178987
27181769
27230841
27260648
27306296
27312441
27400031
27442253
27448998
27449799
27461497
27462066
27498418
27502982
27521109
27579618
27582104
27622885
27679712
27679713
27679714
27704252
27746322
27754732
27772733
27807212
27826644
27838783
27841294
27847254
27847255
27848940
27852236
27867811
27871077
27929669
28064234
28075152
28101453
28159712
28183805
28212442
28212898
28233741
28294047
28323960
28326356
28339837
28362263
28383812
28415155
28425622
28455658
28489248
28497083
28512310
28558021
28600880
28600887
28609833
28611350
28659167
28715994
28761972
28761977
28782829
28785560
28794403
28795324
28860784
28900153
28919046
28924605
28971600
28989152
29025789
29073196
29074819
29096595
29113983
29167351
29180266
29181658
29277536
29281120
29288982
29298794
29304245
29336609
29342138
29364485
29381780
29444509
29457024
29461601
29481308
29483574
29502359
29514106
29527594
29528011
29548779
29551636
29560610
29574933
29594503
29602956
29608553
29635291
29669938
29670389
29677623
29678869
29678870
29690710
29712737
29718273
29720668
29760049
29767399
29770125
29771914
29843712
29878089
29892269
29904273
29907141
29923062
29933856
29947083
29951315
29959497
29961920
29989668
29991364
29993278
29996975
30001211
30013515
30022312
30028196
30061865
30062428
30066343
30086150
30091082
30134801
30143064
30217676
30226830
30247553
30269112
30269115
30269120
30278796
30280807
30329020
30334297
30348298
30353318
30374308
30380963
30425104
30506274
30538676
30572348
30594298
30610965
30613009
30627598
30664852
30719022
30723045
30736285
30791553
30808384
30826370
30830862
30852297
30853324
30888584
30909513
30921339
30934737
30937490
30953354
30971944
30987161
31001900
31008021
31025926
31044094
31044263
31063704
31097591
31099911
31199502
31201665
31350618
31377240
31407023
31420162
31420749
31422393
31423057
31465293
31476437
31484825
31485552
31496905
31519551
31519999
31540546
31543148
31599133
31615041
31628396
31653518
31698866
31708378
31731605
31743079
31758181
31758962
31792685
31801907
31826326
31860056
31863362
31863599
31928110
31930323
31965220
31968132
31989808
32036244
32065590
32069220
32112990
32123370
32140858
32156608
32188018
32189072
32193252
32215701
32215890
32216032
32236867
32236868
32309615
32355520
32360901
32403144
32409924
32468993
32476270
32504139
32570721
32598019
32606893
32631973
32653872
32699802
32729975
32818704
32901861
32950228
32951052
32961447
32964520
32982979
33000285
33049075
33052883
33057033
33150413
33170519
33191056
33191899
33198660
33206223
33233840
33242299
33257569
33289072
33295878
33305291
33338030
33385780
33407253
33411198
33422302
33462793
33475190
33503417
33517471
33520985
33535298
33560479
33592127
33609082
33615106
33615107
33618073
33637199
33665349
33675347
33685073
33706952
33708111
33731726
33740291
33758533
33776565
33777372
33781552
33784965
33792238
33832449
33834310
33853949
33866326
33895875
33903951
33906518
33929896
33977199
33995120
34019969
34043423
34055103
34065339
34103575
34149625
34154707
34157358
34255195
34268460
34294550
34304712
34351500
34458594
34459924
34464000
34477944
34482498
34536161
34539910
34539972
34554259
34636899
34688390
34688391
34731356
34755323
34757587
34860179
34901334
34907727
34950827
34950829
35047715
35079976
35084563
35139204
35145798
35174158
35178495
35201364
35216216
35231062
35273691
35283435
35284773
35302487
35307350
35338393
35369560
35373859
35484227
35559350
35612845
35629904
35654784
35656701
35665817
35678953
35708778
35738602
35761503
35794561
35801203
35802007
35807756
35870810
35899095
35904219
35909501
35991529
36005601
36040459
36073335
36082662
36093861
36118087
36157448
36162588
36165105
36166244
36213261
36244766
36245643
36245659
36246904
36263608
36337019
36409180
36428422
36432528
36434320
36441433
36498673
36501215
36508050
36531500
36540156
36604721
36615023
36624273
36645571
36649363
36650133
36704588
36728857
36776964
36817167
36823243
36829583
36831276
36870910
36895836
36907780
36914006
36926938
36943390
36967231
36977891
37001014
37047636
37053547
37061530
37089720
37132737
37142227
37179728
37180412
37183948
37192015
37223031
37225713
37256933
37265357
37284066
37383378
37396546
37416336
37417950
37439399
37443358
37456167
37468265
37493376
37593002
37681408
37698176
37701608
37704925
37745119
37746883
37752381
37762869
37778940
37779849
37779854
37779856
37798357
37808399
37814911
37908221
37908340
37943605
37949967
37963445
37968949
37981601
37991698
37992803
38014662
38040893
38042745
38066669
38134554
38148081
38153899
38189228
38223518
38224930
38266461
38295343
38303543
38327566
38334918
38380842
38396954
38397231
38412893
38479224
38496593
38547517
38557379
38560469
38581553
38622690
38722471
38726894
38732094
38735373
38746049
38746050
38766669
38772920
38791495
38792509
38792634
38846254
38853876
38883842
38922369
38923900
38935499
38993571
38999530
39062088
39108753
39122377
39296484
39329699
39336155
39375070
39452542
39454251
39482539
39519433
39525686
39537770
39550862
39601886
39666728
39716914
39817221
39828039
39876880
40054115
40055144
40067841
