16612391
17550773
17601491
17623664
17996984
18252893
18460341
18585098
18680716
18840432
18840768
18948104
19059246
19117008
19337957
19531026
19536348
19541642
19660458
19706786
19751733
20018698
20097691
20163718
20197053
20332535
20424140
20424589
20452080
20624171
20663988
20682689
20717167
20851878
20935553
21123446
21194964
21293445
21309058
21317437
21331285
21373720
21502324
21521270
21521350
21525989
21596453
21696361
21712364
21713513
21766620
21829679
21835167
21852674
21926274
21990311
22010347
22067317
22152380
22210323
22233381
22248288
22302939
22304910
22374976
22378787
22396172
22442730
22474187
22523080
22529197
22539584
22565812
22582248
22587513
22670657
22675463
22696219
22701542
22702386
22778214
22792234
22798348
22934565
22993854
23012588
23031666
23073827
23118742
23150685
23197570
23202295
23209571
23209629
23270727
23278761
23283237
23283977
23301087
23305840
23316615
23372041
23373459
23416071
23456652
23499715
23590285
23594041
23630589
23661803
23663741
23663742
23667629
23702383
23720456
23755203
23759753
23766126
23804592
23823755
23831019
23839791
23856819
23874946
23912560
23916735
23933983
23933984
23940039
23943793
23979317
23999826
24011067
24011069
24021426
24024127
24041694
24062250
24067542
24136394
24189525
24248463
24347058
24385972
24398833
24401271
24424044
24498293
24506871
24587261
24685265
24700140
24709036
24733293
24735204
24747761
24749049
24813368
24841294
24848261
24898837
24900988
24907231
24908095
24909854
25008183
25015767
25024372
25043817
25055037
25071723
25082895
25130061
25130400
25133427
25137423
25215270
25355486
25411238
25414019
25456819
25476453
25495872
25534786
25560828
25599612
25601498
25604041
25654556
25685684
25685689
25701356
25712519
25712960
25733154
25790234
25823710
25843656
25857751
25940675
25955208
25956583
25968574
25973388
25973847
25985218
26022904
26039444
26052146
26092866
26099854
26116622
26124126
26133178
26137441
26153793
26175944
26203166
26223891
26232236
26274346
26308478
26323321
26379627
26413466
26424095
26439155
26441837
26451842
26456333
26490383
26503673
26529252
26537193
26546387
26554817
26567701
26584278
26585659
26586424
26607153
26635356
26642273
26654352
26683903
26691139
26697751
26724858
26724861
26740596
26741352
26755598
26758997
26764334
26769382
26795437
26822924
26849944
26853749
26858359
26863484
26872145
26872317
26901091
26909316
26934832
26959184
26982498
26992428
26993043
27002153
27025011
27057099
27057978
27057980
27070923
27118870
27119620
27125737
27133430
27149039
27163358
27179781
27184848
27188262
27190511
27207921
27212224
27247947
27248050
27276443
27285327
27301791
27312476
27313611
27328813
27339749
27358750
27364161
27364911
27387420
27391974
27396336
27405817
27435856
27486236
27502982
27505721
27554469
27566237
27574977
27581055
27583452
27593966
27649688
27678528
27681418
27690692
27693377
27748385
27794108
27794110
27853148
27875243
27883936
27902456
27904677
27911795
27916484
27939978
27943169
27966786
27967217
27983736
27998432
28069899
28078804
28088388
28089565
28096260
28123933
28123934
28131830
28131861
28133364
28139438
28143735
28184000
28191538
28199833
28256636
28259034
28273637
28324011
28336912
28380381
28385800
28404815
28422956
28429779
28467924
28472473
28473464
28497814
28521869
28525362
28549912
28552719
28559425
28559436
28575427
28580278
28580290
28588304
28591702
28593912
28606915
28607005
28623131
28652585
28667814
28712011
28721439
28759185
28765264
28768181
28770320
28794103
28811495
28821258
28825598
28844867
28844880
28881005
28881912
28887067
28889722
28895643
28898910
28938434
28938478
28948603
28988823
28990606
29020627
29076506
29098321
29107287
29107292
29107295
29192248
29239666
29247651
29266852
29289645
29295856
29311680
29312484
29367194
29371695
29378327
29401620
29417398
29424246
29434210
29434695
29448256
29462798
29519677
29523796
29581470
29593555
29608670
29615519
29618013
29627377
29634312
29641994
29648978
29657029
29692412
29702025
29706566
29730296
29748638
29751292
29753678
29766165
29789271
29793329
29795243
29845288
29854743
29859019
29861384
29864937
29870802
29874010
29883717
29883971
29888896
29890191
29891216
29892039
29907326
29962431
29980484
29983922
29987000
29989062
29997282
30017353
30019838
30022432
30043445
30068552
30089729
30106981
30150532
30198244
30211220
30257977
30275865
30307155
30317562
30322116
30323882
30328263
30334297
30352954
30389664
30389665
30389922
30452928
30455379
30484680
30518688
30520566
30579932
30616135
30662618
30665955
30679672
30688648
30691455
30714402
30726758
30735436
30788934
30802446
30840894
30842736
30843877
30853459
30872131
30879171
30890204
30893641
30920304
30920846
30926667
30927227
30927369
30959789
30978696
31029826
31056592
31057418
31089518
31089533
31089534
31108554
31149188
31167139
31178962
31205953
31207147
31248786
31286285
31289229
31295445
31323006
31323977
31333086
31336365
31352001
31372821
31374856
31413360
31474567
31513948
31535308
31537245
31543863
31548053
31548064
31570705
31573843
31576649
31639770
31648561
31672317
31686543
31690632
31717358
31728756
31740658
31743770
31757934
31760308
31771164
31915301
31919514
31921941
31977105
31980251
31997152
32005798
32012810
32020069
32029920
32037512
32042044
32047920
32054022
32066255
32070295
32101022
32151974
32156043
32184729
32195457
32198422
32210821
32211102
32227589
32267352
32322309
32332781
32341039
32348021
32350364
32355754
32421369
32445748
32446270
32450094
32469231
32470979
32497958
32570721
32583417
32599899
32640184
32648929
32652799
32657446
32664386
32684151
32688339
32690662
32690916
32698903
32708435
32721044
32723353
32756564
32764725
32768941
32857451
32858953
32867781
32917830
32923621
32929325
32954538
32978487
33021723
33027676
33044849
33045954
33073318
33074729
33089625
33098521
33131010
33131727
33177640
33205064
33210059
33229553
33264641
33277119
33295692
33310036
33329017
33334822
33357449
33361031
33364514
33381084
33383173
33414764
33421947
33452595
33511524
33524785
33554901
33556473
33556916
33571698
33575433
33577983
33584362
33588950
33599110
33615874
33617873
33630303
33640604
33681679
33693480
33718833
33727559
33739274
33751045
33753729
33758421
33761350
33785536
33785868
33805553
33822771
33830241
33849585
33869312
33872851
33907846
33924880
33926065
33937726
33944779
33951176
33995273
34010646
34011291
34019585
34044016
34086518
34095191
34118146
34127689
34129954
34146302
34151592
34154595
34158480
34159373
34192547
34233693
34237942
34246859
34264867
34290395
34295169
34306351
34314389
34321008
34364948
34406362
34418595
34431493
34448598
34453661
34473082
34526227
34529079
34536190
34556628
34564397
34569272
34591968
34608629
34624498
34638898
34654875
34675003
34675006
34687158
34695409
34703671
34706542
34715121
34773249
34774619
34774847
34777697
34799626
34801693
34822938
34836096
34836209
34850960
34865514
34867358
34880422
34907727
34912302
34917032
34927458
34939977
34943840
34943946
34957482
34957498
34972147
34984826
34989130
34991945
35017468
35046901
35052640
35096806
35107741
35108517
35111398
35142986
35159376
35172300
35188043
35189343
35242298
35275426
35277853
35282437
35293599
35303074
35321438
35323680
35363898
35380342
35385313
35385705
35392289
35393401
35405926
35413740
35414507
35418153
35434487
35437883
35463746
35474058
35491674
35492877
35498801
35513431
35513524
35534765
35592498
35592906
35602296
35620160
35626717
35628302
35630668
35634669
35671193
35723225
35726676
35740758
35743140
35749940
35752286
35753217
35879461
35909532
35926756
35931383
35944896
35983184
35998055
36001982
36006939
36012166
36034414
36045720
36056739
36057413
36064109
36093108
36096210
36109786
36118565
36134579
36174877
36183492
36190321
36213282
36220813
36235573
36235821
36243208
36247628
36263162
36270508
36282921
36331598
36362103
36373585
36406708
36434042
36457562
36498997
36501091
36509252
36533509
36542845
36594101
36602629
36607630
36611740
36615854
36618930
36640320
36640666
36645396
36648330
36653390
36690035
36699319
36703750
36711605
36736092
36745784
36755585
36757426
36764073
36778154
36793871
36808549
36822122
36836789
36856742
36889276
36889282
36905134
36943533
36943923
36945390
36963293
37018396
37022664
37049555
37098695
37108315
37114272
37123894
37123911
37156793
37185802
37186544
37193753
37242268
37245859
37251684
37260446
37266540
37309040
37347041
37350415
37355753
37355760
37356033
37370867
37374349
37391066
37391682
37392202
37432218
37461497
37462619
37487823
37505857
37511159
37522318
37535710
37539567
37549445
37562970
37580258
37595815
37608789
37657572
37660729
37669029
37689244
37690164
37692520
37699965
37722816
37724523
37729024
37746951
37774805
37776319
37783839
37805134
37818094
37834368
37855357
37867987
37914970
37935276
37945531
37948566
37979703
38013040
38049769
38057786
38060447
38061326
38098359
38116563
38138907
38160249
38178259
38179757
38180987
38212382
38238383
38244215
38247441
38271099
38285878
38290625
38292187
38309268
38312833
38316771
38325495
38331907
38378985
38379856
38380586
38401142
38401143
38417476
38423900
38431438
38432023
38438737
38450157
38459267
38508095
38537635
38542065
38551384
38554044
38569244
38579562
38582373
38599281
38609395
38614430
38631460
38653921
38658372
38666537
38676505
38679486
38710230
38720350
38721616
38733164
38740172
38782076
38797244
38798313
38801670
38816541
38841901
38845329
38867280
38943639
38948228
38959886
38960053
39013015
39019110
39019116
39020530
39022127
39040469
39053104
39055947
39060766
39064306
39100807
39108652
39112671
39124668
39142264
39143889
39161898
39182099
39182559
39188649
39194718
39211324
39216743
39226764
39233040
39253796
39268842
39286013
39296716
39297747
39314333
39327594
39334685
39350558
39362839
39374742
39376607
39383602
39402176
39408777
39409124
39426521
39448761
39457640
39459367
39463193
39476920
39485628
39489916
39543417
39546893
39567750
39571902
39580062
39580762
39593068
39597026
39599611
39608059
39609161
39611214
39615379
39618173
39637324
39641307
39642358
39653972
39683422
39699797
39701439
39707673
39709140
39710689
39719877
39736351
39757236
39763913
39770968
39789238
39821864
39830349
39838482
39871339
39881157
39882365
39884432
39887648
39894443
39898512
39903342
39929644
39941067
39955281
39962359
39972171
39972172
39972173
39974102
39987117
40005931
40015071
40021824
40050437
40054671
40072149
40089060
