7493034
7647778
7702086
7847369
7913883
7923141
8115380
8428519
8586414
8589686
8589699
8702122
8844216
8845844
8880573
8930083
8949407
8949408
9001669
9032024
9042914
9124710
9126476
9215781
9254852
9279753
9279764
9286594
9401015
9525367
9554479
9598741
9600744
9677057
9758623
9763594
9778460
9787135
9790257
9843059
9887329
9950359
10360393
10360402
10471491
10482885
10490695
10568829
10585567
10587515
10646125
10704676
10861287
10881785
10890199
10910625
10914960
10918587
10932008
11055896
11114733
11155687
11186940
11197897
11245416
11287195
11290300
11309183
11314002
11380477
11395371
11406607
11426459
11429702
11488421
11517011
11526491
11529856
11585811
11745189
11746040
11772395
11779141
11784008
11904459
12028033
12040455
12042702
12210587
12237885
12354143
12393535
12433679
12441294
12461689
12492593
12538478
12624096
12633765
12687892
12692671
12764678
12833394
12835230
12921294
12960068
14520460
14678961
14681299
14751560
14871928
15022403
15026322
15029211
15198734
15221641
15231666
15241680
15347601
15514005
15517832
15558020
15583977
15614790
15628877
15690367
15708559
15737335
15748888
15761022
15772091
15784730
15869706
15897885
15915095
16009496
16040860
16061860
16091734
16274647
16325507
16384584
16411219
16412606
16441300
16467200
16476447
16532037
16570285
16767162
16778799
16841094
16849642
16877735
16885334
16912704
16972271
17033969
17048442
17070479
17085196
17103449
17117437
17150206
17172848
17192470
17240035
17240042
17256796
17290345
17320202
17375526
17384684
17392824
17441958
17498561
17507011
17509076
17561467
17568799
17585316
17621485
17624273
17668422
17683901
17785202
17803960
17845056
17867592
17867603
17875876
17895900
17912529
18000903
18000976
18061568
18076102
18166261
18166262
18199430
18286540
18317141
18339367
18485666
18503601
18528286
18584939
18584941
18584942
18642369
18677770
18718050
18753255
18789890
18923003
19025794
19066716
19073250
19076977
19086028
19088846
19156776
19215249
19287463
19331127
19377444
19381019
19401440
19422094
19449430
19536147
19551630
19594619
19621447
19622626
19722178
19729838
19752524
19761767
19789973
19802676
19837276
19845664
19855393
19863427
19898608
19901323
19909015
19955487
20044036
20046871
20053668
20155815
20356821
20357663
20362703
20393505
20401393
20405041
20420824
20439987
20453470
20539070
20542753
20569165
20582225
20646825
20651335
20673820
20707699
20711586
20824703
20957671
21038504
21072204
21116115
21139072
21152424
21164517
21225389
21253318
21264819
21273290
21273588
21324899
21334122
21356388
21383697
21487019
21491541
21504907
21510009
21521775
21536014
21547910
21639936
21683397
21691921
21779335
21792889
21873755
21894939
21910223
21984968
22038757
22045636
22072392
22099989
22137367
22161110
22188534
22203368
22203473
22229528
22334592
22339077
22367969
22414243
22417847
22422578
22491422
22529939
22544111
22559284
22565872
22649697
22730329
22820081
22828989
22843502
22869148
22873290
22924096
22932894
22961061
23014564
23019225
23044018
23056398
23108201
23113306
23142690
23149434
23165795
23175443
23183951
23200862
23272046
23287481
23298836
23352301
23409016
23437153
23551494
23573386
23584505
23586824
23614116
23649205
23650517
23661334
23664540
23696738
23726269
23727984
23744832
23778527
23784824
23786770
23823235
23842048
23902722
23991606
24038754
24048522
24075385
24120763
24168007
24199178
24199183
24295726
24324705
24346875
24360661
24411048
24419316
24452392
24456664
24626198
24630288
24657641
24670087
24705944
24735639
24743222
24784839
24790322
24804818
24812411
24846059
24864036
24880661
24909170
24933362
25010350
25119967
25223521
25231866
25265432
25294908
25311528
25326231
25344675
25432174
25432534
25441688
25456072
25457633
25474517
25505835
25505998
25535896
25537218
25589496
25606676
25614871
25651422
25657201
25688803
25766722
25777271
25801230
25808135
25809207
25809917
26018508
26075305
26078354
26091072
26126848
26144336
26254388
26269606
26279428
26364695
26417042
26425723
26431494
26491898
26557159
26604796
26661925
26754866
26818779
26861974
26869289
26990430
27022737
27028100
27029078
27040652
27041063
27044356
27053219
27064282
27091807
27139183
27267856
27268915
27271022
27302823
27345413
27370225
27409839
27485793
27506979
27507911
27509849
27530957
27586786
27664399
27726892
27729453
27771611
27785367
27786351
27820126
27829236
27836589
27838079
27885740
27930669
27932416
27998968
28043938
28049011
28069289
28089157
28105147
28117111
28181399
28230213
28254233
28320388
28379477
28468611
28483234
28507621
28520086
28525363
28620983
28664990
28679403
28763161
28775129
28777845
28779179
28802681
28826843
28838400
28850094
28855393
28911208
28924384
28927152
28976058
29026271
29040558
29063142
29068064
29080836
29104492
29110841
29170271
29226855
29242050
29262532
29323153
29323298
29330265
29358619
29360984
29423038
29463348
29463565
29478821
29485181
29518612
29525349
29542187
29593476
29626475
29630949
29652901
29679612
29848605
29850625
29909202
29941343
29991799
30043421
30048571
30061236
30064409
30086379
30117157
30124558
30154342
30160829
30168875
30181810
30202094
30226972
30252581
30267148
30335613
30344944
30349651
30360346
30487289
30580445
30635042
30652326
30654043
30681580
30685387
30761743
30762251
30887605
30942430
30952872
30975452
30999937
31016899
31028457
31036092
31048079
31098421
31099911
31169147
31189094
31200068
31203572
31240468
31266816
31278255
31357131
31358380
31369573
31377167
31474441
31476288
31493961
31528172
31565188
31619201
31638167
31660579
31662319
31690697
31708465
31731208
31771986
31804721
31857328
31934126
31975530
31976144
31987043
32038996
32060985
32155369
32199932
32213857
32227640
32239744
32278710
32349864
32370101
32378800
32379366
32397531
32413119
32448160
32498117
32503081
32505898
32641982
32668414
32682615
32721083
32822871
32854916
32855010
32860240
32861170
32916123
32949176
32957974
32966879
32989154
33077920
33097695
33116259
33168106
33177875
33224141
33238591
33241214
33243261
33316010
33340121
33368972
33381388
33389251
33486159
33511985
33580140
33584313
33588772
33604497
33604498
33737326
33769273
33779341
33790580
33792960
33794187
33838962
33848795
33853673
33895087
33898054
33940034
33952673
34097677
34109111
34133497
34156640
34162030
34207911
34264412
34274537
34282140
34430961
34447272
34672771
34692530
34753771
34765202
34768040
34782263
34840077
34906411
34934968
34984415
35085722
35151467
35151844
35222252
35254402
35312783
35372644
35384983
35438268
35501832
35527416
35567606
35594860
35608106
35659742
35793999
35847381
35858182
35858936
35955806
35958598
35991125
35999136
36051156
36069912
36134017
36167542
36261652
36273937
36396821
36442838
36455194
36455273
36502529
36504176
36581204
36583640
36639200
36647073
36675289
36742446
36756810
36765337
36765573
36780330
36794128
36831375
36848372
36898352
36913092
36915751
36923909
36927233
36927417
36943397
37053347
37076826
37128991
37192015
37203864
37206264
37214414
37269435
37283287
37301098
37305616
37322357
37345656
37380559
37381732
37462502
37479885
37529476
37653181
37656292
37658529
37682528
37709211
37716492
37718528
37747411
37768887
37774064
37824212
37980380
37980528
37982287
38059300
38064307
38067258
38074682
38084010
38106830
38108523
38196202
38226620
38244702
38255255
38267212
38282752
38363292
38397181
38397214
38403002
38411226
38496910
38503521
38515743
38517198
38580518
38592174
38609519
38614823
38701794
38710951
38730596
38789647
38919748
38951140
38952003
39003866
39031286
39082679
39094365
39118085
39126751
39161208
39211518
39219882
39258897
39306889
39387893
39408678
39421453
39675407
39717713
39738108
39739565
39817451
39848978
39965472
40010309
40075158
40089291
40093173
40106855
