1380281
1426624
7527353
7789168
7795583
7927944
8115380
8162037
8819125
8925285
9226454
9286594
9425908
9664689
9669548
9669664
9677057
9694798
10086345
10386468
10404599
10480903
10572038
10585567
10688839
10704861
10861678
10887137
10918587
10935490
10942429
10987832
11122115
11161466
11173846
11174118
11200536
11290300
11328752
11356202
11389083
11404014
11445008
11517011
11550283
11551944
11585811
11704499
11729184
11739186
11746971
11857785
11919391
12011115
12065659
12128225
12194867
12393597
12421715
12514106
12522455
12571102
12604602
12604616
12614330
12627230
12647309
12682014
12708794
12791257
12969958
14564217
14587025
14660670
14678983
14695195
14766059
14999075
15001591
15034873
15050910
15050920
15059903
15109457
15117958
15221377
15311515
15333583
15344379
15558020
15570299
15604250
15605412
15609342
15618886
15625620
15680361
15800673
15820308
15863718
15870860
16061567
16120640
16207751
16273523
16301332
16309667
16410451
16421190
16446698
16470795
16507368
16526918
16609835
16731982
16757108
16807070
16861106
16879608
16946300
16957473
17077327
17121884
17132826
17137506
17154279
17186267
17261279
17280485
17295210
17297442
17318851
17321332
17389761
17397528
17425786
17471537
17533378
17660911
17696196
17698633
17761769
17901128
18059337
18096225
18156163
18160472
18205209
18295660
18412956
18440247
18493663
18719360
18790757
18824081
18844994
18987492
19029025
19076174
19175693
19176828
19261810
19285959
19369959
19408015
19505325
19658100
19663702
19666467
19727229
19733072
19920824
20013652
20023746
20038681
20117945
20132466
20143402
20155451
20179196
20389085
20389169
20405041
20434485
20442440
20536592
20594995
20595807
20606682
20816673
20874775
20889570
21128305
21149992
21160078
21198859
21239058
21329481
21330321
21430024
21446013
21479780
21517068
21527531
21538817
21543745
21615804
21621521
21628071
21666686
21666749
21693575
21745565
21765395
21810092
21854849
21937681
21952621
22030335
22106025
22179561
22236811
22276098
22282599
22301675
22438050
22442730
22488450
22523080
22553035
22553605
22569333
22578469
22606323
22619110
22648708
22665522
22673519
22674390
22683979
22684217
22701616
22701738
22724017
22735182
22751423
22781593
22792354
22863309
22875613
22879364
22886804
22941307
23041776
23070782
23082000
23082258
23106963
23151501
23154428
23154548
23171834
23205078
23276709
23296701
23302345
23327291
23329143
23348274
23400675
23451204
23489324
23519513
23536707
23552882
23563700
23566417
23576558
23594707
23609419
23684572
23736983
23743951
23751892
23777766
23806793
23812909
23817572
23842453
23843541
23874817
23887299
23904402
23939983
23939995
24000064
24024127
24026051
24045665
24063890
24157794
24183471
24259513
24294370
24302556
24305876
24323762
24357456
24375670
24465223
24501305
24503018
24513267
24551307
24584974
24700140
24719266
24736592
24762544
24771645
24777483
24806303
24817936
24841555
24850843
24853178
24888332
24889687
24900792
24925055
24939105
24966347
24977006
24980830
25037443
25086725
25089825
25115383
25116473
25138167
25186177
25202669
25251565
25285038
25319834
25319890
25332967
25339338
25359900
25388665
25394172
25400756
25433983
25465127
25485703
25501022
25501157
25563327
25616962
25619354
25683078
25686244
25738174
25759380
25760077
25760602
25764758
25803811
25806220
25806221
25817240
25819384
25868865
25873510
25880284
25900027
25909503
25918980
25919378
25923916
25942163
25942179
25957476
25971997
26015511
26051373
26055304
26069105
26074812
26083571
26096068
26110383
26179511
26199944
26203596
26211630
26259677
26276769
26277103
26300540
26341559
26359452
26362179
26387545
26391436
26418991
26420260
26464698
26476925
26482290
26536195
26549034
26555375
26557159
26575787
26581390
26589915
26607681
26661925
26667788
26673008
26687454
26712871
26729628
26759148
26778475
26788508
26793001
26810070
26839680
26839958
26872365
26896280
26905262
26920151
26931467
26936917
26936993
26937548
26942290
26993162
27005999
27015635
27017541
27046834
27055092
27061725
27101576
27170295
27194548
27217720
27237367
27251742
27255162
27283163
27315203
27315356
27317650
27367030
27391347
27415155
27443518
27551478
27683237
27685995
27690692
27714806
27769039
27783942
27785367
27785808
27786288
27790375
27791984
27837028
27862886
27896051
27930985
27956804
27974047
27976968
27988457
27993329
28008744
28008864
28056982
28085746
28087897
28088809
28094170
28094372
28125801
28129408
28138694
28146284
28149899
28197342
28242791
28255231
28315172
28411082
28418088
28433771
28442904
28468611
28483948
28515153
28533732
28551329
28552557
28552559
28558758
28630215
28641527
28646488
28652212
28684636
28751448
28769084
28771231
28823877
28825856
28826843
28841454
28877850
28881484
28968756
28988823
29022097
29066953
29088806
29107292
29107667
29119847
29132384
29146774
29159601
29160040
29190880
29223982
29228280
29257923
29269295
29270870
29281903
29317150
29331751
29367757
29384399
29409666
29423271
29452146
29453876
29454091
29486661
29514106
29567772
29584670
29608916
29610389
29648978
29654068
29658329
29691281
29720732
29728520
29734851
29748524
29750313
29754994
29764586
29767670
29805554
29844125
29858603
29872111
29946140
29956473
29970903
29976636
29978331
29987671
29996114
30046001
30061390
30078796
30087462
30111373
30112101
30119151
30123084
30140389
30160587
30167084
30201491
30210273
30217817
30257990
30277124
30297175
30317562
30326563
30383875
30385747
30413411
30439482
30446636
30478195
30484492
30487650
30499042
30513762
30515999
30552867
30555745
30562682
30574019
30593273
30600916
30610401
30639621
30647980
30664823
30670826
30684019
30713601
30719110
30720426
30728899
30761180
30770492
30785065
30787447
30802446
30808707
30820185
30825062
30838090
30848347
30854106
30866584
30875802
30909436
30924767
30931252
30934206
30942425
30952642
30968602
30972293
30980524
31047684
31066955
31096734
31097086
31126332
31130839
31138759
31173478
31218776
31221776
31241637
31250151
31250523
31295445
31297857
31317555
31319224
31320873
31355614
31371343
31372315
31416846
31438996
31439673
31446228
31481045
31485617
31490704
31492847
31512363
31513948
31524018
31525277
31527449
31551405
31592124
31605817
31620934
31630895
31671754
31673897
31682465
31686864
31729570
31748124
31754359
31775485
31802477
31812679
31819480
31824864
31841196
31841696
31846829
31857856
31910188
31929729
31930070
31963871
31980503
31990416
31993498
31996231
31998131
32016470
32036381
32059187
32114392
32161443
32171280
32181582
32187553
32194398
32195457
32229140
32247263
32276472
32278061
32297014
32324257
32326908
32373773
32380883
32385276
32422143
32433828
32436058
32449510
32485746
32501706
32511887
32517171
32552969
32557854
32617693
32622884
32626515
32632529
32649766
32666525
32685526
32735383
32801884
32818704
32841643
32852708
32853167
32859279
32866523
32871658
32873635
32880048
32884351
32895480
32910224
32921591
32923913
32966879
32973083
32982993
33000910
33007330
33019728
33039722
33041789
33067523
33076489
33082322
33111549
33128943
33131311
33135394
33139537
33148422
33171331
33212490
33354214
33367495
33389067
33396256
33408119
33433639
33448156
33481389
33491601
33511016
33548149
33560458
33579347
33581689
33604191
33615893
33679600
33685992
33725636
33727696
33753561
33768570
33772015
33783288
33788428
33829649
33851617
33862557
33894400
33946884
33962151
33962559
33983622
33984662
33989301
34011560
34038603
34057573
34084275
34097574
34113122
34114373
34165368
34204611
34219206
34265279
34267282
34306338
34342100
34350720
34369083
34377249
34438248
34440300
34458594
34484568
34493159
34499152
34502405
34522456
34551378
34551969
34593528
34611413
34626412
34636482
34644107
34645505
34654875
34685716
34689508
34734147
34734169
34749374
34772467
34779493
34831231
34855396
34867353
34878161
34899853
34906138
34913237
34915763
34971484
34985768
35003900
35006038
35018490
35064610
35066569
35073829
35081975
35091318
35100736
35141164
35148738
35149534
35177571
35213975
35216141
35247488
35293634
35343428
35344712
35361897
35389227
35455561
35457241
35488346
35502835
35507888
35526722
35534765
35562616
35574218
35586703
35624341
35627202
35673672
35733256
35749940
35796016
35820279
35831287
35833364
35853934
35862110
35870429
35884601
35899427
35906694
35928375
35932482
35952322
35955516
35983184
35985510
36002765
36029209
36042213
36057399
36083147
36094016
36096343
36142409
36142417
36175778
36237262
36240478
36276073
36293040
36302190
36357571
36382369
36384729
36386480
36428107
36458546
36467073
36549116
36555181
36565263
36657267
36670196
36681667
36681975
36698221
36709160
36731555
36761495
36762066
36778115
36785790
36804544
36834747
36859276
36863292
36898855
36927350
36965231
36969192
37025756
37057825
37108630
37123894
37138777
37156793
37160564
37182162
37211823
37212424
37265193
37268269
37275466
37280363
37316385
37336772
37354441
37361567
37390492
37391169
37435833
37435901
37445817
37480072
37480761
37485880
37490511
37496658
37526347
37527993
37539567
37546410
37559808
37579831
37584284
37588207
37591843
37595815
37597337
37606995
37651879
37660729
37720749
37756583
37778450
37791611
37802828
37805574
37832794
37833774
37833848
37855739
37867436
37880373
37909331
37993879
38010295
38023217
38066305
38076395
38117930
38136383
38137377
38153436
38227553
38245787
38261157
38272512
38279043
38292171
38329716
38349269
38354330
38376874
38400516
38405698
38457113
38477013
38512553
38550019
38553760
38555854
38559696
38568193
38572108
38591420
38593281
38601453
38607246
38644407
38654040
38669968
38679587
38710951
38730491
38750548
38770056
38789647
38797433
38821585
38834239
38842387
38845329
38847254
38853423
38853441
38885580
38897252
38901279
38957656
38971541
39003397
39023401
39037153
39075199
39119236
39145988
39154074
39167187
39178704
39214017
39217891
39247610
39249203
39290712
39326619
39329123
39331585
39366074
39377013
39380196
39384389
39391879
39422338
39432186
39516377
39586795
39590377
39609108
39619760
39672022
39672383
39752011
39756204
39789238
39817151
39825823
39879704
39891928
39895095
39907837
39921455
39945063
39988878
40015071
40036479
40063182
40064730
40085227
40085503
40091522
40092567
40092750
