1380281
7527353
7558045
7581378
7607643
7668257
7719333
7719344
7719345
7773284
7795583
8060318
8115380
8393815
8528214
8644708
8651276
8755573
8814701
8956050
8957519
9002682
9048930
9150725
9152842
9217234
9286594
9310332
9385368
9435295
9452027
9457499
9475591
9521581
9545103
9605588
9677057
9719378
9728976
9728990
9973282
10196476
10386468
10394936
10415357
10518547
10570465
10572038
10574673
10585567
10626794
10631169
10712195
10731087
10851026
10874645
10945669
10951518
11100741
11173845
11274405
11292657
11328652
11380927
11484208
11488421
11517011
11522825
11556600
11564899
11710433
11711827
11731698
11747081
11807866
11820058
11856867
12000365
12072807
12111699
12124745
12135917
12140430
12162872
12182844
12393912
12400057
12400058
12544231
12575031
12608893
12617798
12684685
12684693
12893942
12900900
12952211
14499350
14507786
14516681
14530295
14559809
14564165
14624010
14695195
15041782
15069536
15199177
15206560
15229180
15282208
15286168
15310757
15523492
15523615
15602758
15614790
15684416
15728256
15781477
15796961
15840724
15843416
15916101
15975938
15987787
15996217
16061565
16365892
16373332
16410617
16418739
16432427
16440883
16526917
16531735
16603716
16687131
16842598
16844695
16955501
16969861
16972551
16989802
17068207
17103747
17103748
17133345
17150206
17202188
17236193
17251833
17264867
17302960
17414305
17459342
17520678
17525745
17529973
17537644
17553099
17622301
17626181
17997823
18039182
18049087
18056630
18155190
18242159
18247426
18256031
18363829
18373495
18374639
18381441
18387281
18391499
18393251
18407821
18462018
18483326
18541976
18552176
18563556
18594526
18618990
18629881
18636142
18671283
18726952
18840094
18845558
18985768
19000061
19028704
19066959
19205045
19212647
19223389
19225542
19235875
19243295
19285943
19387476
19400289
19403560
19408015
19469636
19500394
19536173
19582883
19590514
19610084
19618463
19621385
19735729
19833900
19856316
19861516
20004243
20056625
20077479
20106510
20133659
20175913
20193855
20300826
20303521
20364400
20410112
20417875
20436882
20503384
20554749
20557404
20564211
20595807
20635358
20640597
20677155
20709759
20842696
20853316
21128305
21129456
21152424
21154333
21189955
21268044
21329481
21350013
21355848
21377448
21382839
21412257
21418638
21479481
21482024
21524234
21538817
21725289
21747958
21765038
21767389
21822685
21838531
21928350
21943124
21990352
22028092
22048896
22105374
22117175
22144180
22240789
22282599
22287734
22345151
22355256
22374580
22383975
22387015
22404656
22578469
22585574
22632802
22661218
22665975
22731611
22815929
22872266
22881429
22961180
22987770
23071632
23123965
23124475
23143756
23225170
23264674
23300780
23300950
23348274
23358860
23376610
23420874
23426935
23468082
23493349
23495007
23527311
23546041
23593218
23601319
23754559
23762837
23786770
23808569
23867503
23908597
23912956
23913723
23915865
24043118
24054997
24105470
24125968
24176552
24227756
24259495
24265722
24286882
24290378
24300289
24306956
24411056
24440983
24457912
24489893
24504751
24518603
24580805
24626858
24632501
24648262
24747080
24747911
24758762
24817968
24908667
24928000
24956260
24968263
24983448
24993163
25003957
25014166
25035393
25082719
25086186
25174698
25202669
25242085
25249557
25254335
25270516
25292094
25300516
25333473
25350236
25425289
25431941
25517871
25561797
25576915
25608663
25615698
25639874
25641499
25656370
25692891
25693202
25704602
25759925
25759927
25788520
25867380
25972329
25981814
26025410
26036639
26048680
26081573
26096994
26141512
26175953
26244161
26254407
26259677
26269606
26294741
26351052
26362256
26378412
26385890
26421298
26446305
26460964
26514922
26573129
26574622
26575424
26587992
26600631
26622787
26693065
26713601
26728143
26793057
26841243
26911390
26983912
27095246
27103312
27107424
27136102
27216979
27230412
27236187
27240702
27293997
27313773
27323706
27379982
27387234
27437872
27476168
27482360
27543601
27572905
27639780
27764800
27803855
27812884
27892934
27903959
27913571
27919550
27966449
28002800
28034880
28052872
28069589
28119489
28122360
28123344
28123544
28132898
28151998
28264865
28292264
28293556
28314589
28316926
28339036
28348168
28430863
28445128
28468153
28469963
28510629
28521414
28538157
28552557
28552559
28595297
28600064
28611549
28650109
28674664
28768473
28796141
28815901
28826843
28835367
28849010
28852882
28857247
28869838
28901406
28919491
28938467
28981091
29038531
29067506
29071223
29152066
29177434
29180470
29229394
29230096
29233981
29344510
29420662
29423271
29434882
29446487
29487166
29514108
29526646
29573334
29576506
29588807
29701304
29709729
29767381
29786108
29848297
29868125
29872343
29915381
29917195
29928180
29950929
29987267
30002137
30013642
30045926
30059965
30067876
30117157
30160357
30191630
30202094
30206133
30228104
30253032
30257985
30355943
30399423
30404220
30420614
30480917
30537101
30573948
30580445
30620790
30623340
30652228
30662521
30719288
30758073
30761180
30761385
30834740
30837551
30979816
31025173
31043681
31047684
31064775
31094225
31109923
31113874
31122048
31146385
31199170
31249137
31255687
31255945
31258676
31258762
31261937
31316598
31316631
31318164
31335448
31335911
31348830
31359748
31371345
31387623
31396354
31401665
31448667
31509720
31523191
31525395
31557489
31640617
31691004
31699826
31759353
31781300
31807010
31860803
31879841
31881796
31899106
31911531
31948066
32089408
32158261
32245820
32245949
32252259
32308476
32315234
32330756
32409632
32429937
32432040
32432728
32451092
32472396
32523960
32580579
32626929
32677452
32706340
32751911
32822074
32822871
32839179
32848441
32854034
32856219
32862631
32886384
32908727
32934314
32946655
32971804
32991447
33048580
33049052
33074973
33103299
33106918
33107129
33118510
33210330
33218975
33241100
33297384
33346249
33377997
33385344
33404724
33488969
33519236
33609078
33654782
33684522
33684891
33692336
33709535
33725872
33727696
33741397
33800328
33822966
33853673
33879098
33891563
33924850
33926920
33930231
33931169
33962151
34029636
34117747
34224333
34250419
34258618
34307360
34322742
34341009
34358483
34358484
34376535
34440055
34447836
34480077
34487480
34511423
34514747
34534328
34538793
34551773
34667527
34675670
34759736
34766128
34773565
34780700
34786056
34798325
34807483
34840108
34850536
34967576
34976798
35020897
35050789
35081733
35093449
35167603
35170141
35176488
35216141
35218764
35224552
35235708
35303508
35342406
35372644
35402635
35420673
35428876
35444941
35455561
35477128
35530644
35547739
35585358
35599572
35672017
35683481
35692028
35712652
35718679
35726195
35733501
35749865
35761436
35792028
35854171
35871236
35876658
35885641
35885943
35902814
35925311
35925318
35941662
35948633
35967919
35978808
36018033
36050473
36068613
36094016
36114955
36127767
36164838
36169023
36170665
36190545
36206041
36210834
36212619
36227665
36231091
36237262
36238135
36240849
36244195
36274097
36278816
36281591
36292044
36322898
36333298
36376059
36382369
36408971
36416959
36463112
36509141
36555181
36634295
36635225
36652354
36781088
36786658
36803994
36816737
36856760
36906620
36907947
36923909
36993499
36996081
37017301
37024477
37045473
37055701
37077497
37090731
37107577
37111305
37154169
37165578
37183147
37191822
37195419
37203864
37212424
37220310
37254996
37270847
37272439
37289037
37369494
37370984
37415592
37421147
37437229
37452126
37471320
37500387
37505213
37540986
37567936
37577338
37579831
37660781
37719957
37733178
37734036
37750740
37830168
37838739
37843855
37869260
37954763
37964396
37972659
38046397
38047500
38098042
38137393
38139837
38153360
38155920
38170629
38196530
38230456
38239864
38265560
38267212
38300868
38302798
38326380
38328402
38328983
38340384
38340406
38346946
38354330
38369474
38409180
38409943
38437671
38488257
38509118
38532197
38561822
38602417
38607734
38637504
38641470
38674107
38688023
38718625
38745155
38791079
38802203
38821585
38829010
38833313
38859769
38895132
38902956
38908103
38913552
38962030
38986528
38994535
39033323
39063983
39078735
39158595
39167894
39195304
39226398
39282270
39289482
39292227
39329537
39340759
39345400
39366293
39404883
39423455
39463990
39466044
39496940
39511841
39515760
39522069
39537893
39546290
39596152
39596875
39610204
39643892
39697545
39731522
39759134
39775862
39787690
39792501
39798390
39799264
39807824
39885813
39906733
39908791
39919334
39933925
39935756
40010483
40013221
40014401
40072077
40074856
