1384791
1656368
7492765
7492767
7505204
7519507
7531700
7535149
7535335
7537980
7544638
7544740
7566977
7579445
7621074
7622010
7630197
7643626
7681159
7692230
7703483
7789184
7824267
7914866
7917833
7920189
8056344
8145851
8180375
8182945
8183574
8380915
8384358
8394751
8543798
8562934
8590775
8608220
8609717
8611678
8618433
8634417
8634436
8635531
8637232
8637235
8637236
8641363
8641368
8641369
8652814
8667636
8676076
8677746
8695843
8702727
8765501
8766254
8766553
8816402
8820960
8822919
8833939
8843540
8847893
8896402
8896403
8916965
8920882
8943846
8946930
8977237
8977240
8977241
8989907
9002946
9058711
9096693
9117254
9158008
9164933
9176488
9186537
9207441
9207445
9216732
9216738
9226162
9257808
9268501
9269760
9270021
9278310
9286334
9286347
9293914
9305595
9305596
9310477
9324277
9332305
9345066
9354657
9369441
9371992
9373243
9373247
9379022
9389722
9419452
9430515
9454740
9454750
9458075
9479869
9529123
9540233
9545804
9546318
9548488
9590227
9590652
9592244
9613672
9614102
9620281
9620285
9651358
9654159
9657744
9664159
9665195
9682000
9720755
9731058
9731060
9737679
9743341
9769116
9787154
9808558
9834102
9841921
9918857
9923454
10048431
10049058
10080542
10083387
10086789
10087327
10090933
10192423
10194124
10194439
10210324
10213632
10216104
10233379
10340408
10378891
10378892
10400423
10409713
10446914
10453005
10457401
10460591
10473802
10477595
10482988
10498246
10505320
10554817
10560912
10572092
10573574
10594747
10626784
10637491
10640965
10671293
10687137
10691863
10698507
10700466
10720129
10720156
10724033
10738251
10749580
10764154
10766177
10786663
10803532
10813543
10828034
10842197
10845907
10848802
10848829
10861034
10861056
10861097
10866317
10881197
10886784
10902925
10910900
10913819
10923402
10974037
10981526
11009090
11012147
11021752
11027663
11044914
11049981
11090077
11090695
11091200
11091493
11091500
11099317
11120823
11133746
11145659
11159533
11159954
11167838
11222396
11225252
11236940
11237427
11266801
11266939
11290575
11290608
11303147
11313402
11319806
11349806
11359680
11369655
11399510
11403710
11427731
11442505
11455967
11455972
11468194
11484609
11535508
11585760
11587362
11602320
11640895
11672547
11675341
11684280
11710537
11719454
11721362
11721383
11739152
11747761
11753604
11756186
11861301
11877090
11895330
11918538
11924908
11927638
11929774
11940331
11947930
11956621
11971190
11981407
11983110
12000870
12009292
12010785
12015072
12034041
12036858
12042700
12060771
12070009
12075443
12096716
12099638
12115363
12121227
12124170
12124172
12124173
12126551
12145694
12145695
12176867
12183838
12188034
12200684
12201361
12223523
12231178
12239146
12239147
12351406
12357354
12357366
12373354
12384447
12387740
12393388
12393674
12397548
12398794
12399960
12400596
12406096
12406902
12417909
12424191
12443727
12450708
12468433
12468438
12471102
12481903
12482343
12492581
12513756
12515727
12515878
12522450
12529667
12529668
12531805
12536197
12551818
12551822
12566383
12580961
12614209
12615899
12620411
12626534
12634727
12644015
12645861
12646617
12648071
12663439
12670652
12676789
12681969
12691136
12692519
12698076
12707374
12738673
12750701
12759922
12780793
12791658
12796379
12798646
12801839
12804638
12815052
12816873
12829599
12842996
12854887
12874262
12874263
12898636
12899708
12926083
12930316
12935959
12951584
12960281
12969963
12970773
12973844
14500589
14504097
14554237
14555522
14562119
14566827
14592841
14595214
14604973
14604974
14610045
14614003
14614158
14627125
14630076
14640939
14654525
14670916
14670924
14676630
14716027
14726387
14732923
14737077
14759363
14764540
14977818
14977832
14981546
14982881
14984498
14996204
15003515
15004163
15010072
15032673
15034019
15036393
15036894
15044257
15054042
15059064
15061200
15078134
15105287
15120929
15124689
15126317
15128773
15147956
15158089
15166029
15167911
15178581
15179006
15180455
15180525
15185012
15186734
15190306
15201851
15214033
15226184
15228665
15234579
15242879
15242881
15245565
15251987
15253381
15256420
15257941
15277378
15289019
15304385
15329487
15343344
15345593
15345597
15352981
15355689
15362364
15374878
15374944
15384929
15384974
15390271
15470028
15473940
15496162
15498859
15510198
15536149
15572596
15574429
15583855
15585651
15588866
15604885
15618475
15625541
15625552
15626738
15645287
15650056
15652764
15667533
15674343
15674414
15710585
15718420
15728461
15735040
15755900
15761502
15769897
15770067
15781338
15797998
15799697
15815726
15830315
15838384
15851035
15863200
15877081
15889156
15905588
15914030
15921390
15921740
15931264
15955231
15956279
15959528
15966759
15972647
15973451
15976757
15978940
15982343
15996732
16010428
16025155
16029447
16029448
16033847
16034464
16038735
16042694
16076872
16081157
16091740
16103085
16104873
16105978
16115128
16116483
16146837
16146838
16146839
16146840
16148112
16150941
16163256
16184177
16185475
16210604
16213360
16234090
16239911
16250847
16263569
16266983
16270043
16271760
16272221
16291592
16304046
16320249
16321831
16321862
16326981
16330422
16330434
16368883
16371029
16380959
16410449
16417920
16418395
16418499
16424952
16432846
16446383
16447713
16473406
16487027
16502586
16503833
16528542
16528967
16533526
16557239
16571772
16573742
16579756
16580199
16598313
16603240
16618805
16619525
16627759
16631251
16639711
16642044
16644924
16651440
16651446
16684964
16708154
16715961
16722630
16757411
16757428
16761017
16761019
16787503
16790584
16790588
16809615
16838337
16840346
16857985
16857987
16861351
16863910
16867903
16868253
16869825
16873070
16902153
16911350
16912228
16920494
16920565
16938665
16949153
16953669
16956345
16962953
16971806
16982329
16990784
16990788
17036374
17047150
17050201
17056111
17064989
17066094
17079011
17105820
17118759
17119119
17124058
17128418
17131473
17145823
17156841
17182033
17184839
17202314
17205055
17205056
17209055
17210255
17229632
17230226
17233551
17235356
17235489
17268528
17303816
17312001
17315232
17330097
17330105
17332306
17339451
17346144
17356133
17359372
17360795
17379095
17379745
17387224
17392978
17426968
17442779
17446348
17454189
17456725
17485549
17487367
17498302
17504506
17540845
17554384
17579862
17584026
17598835
17600470
17606455
17620055
17620426
17650443
17655729
17668209
17671144
17690703
17695249
17704754
17708786
17708787
17708788
17708815
17724075
17763464
17764812
17768124
17805050
17827387
17851551
17851558
17855499
17881645
17881646
17889720
17910045
17922016
17936561
17939400
17940205
17942876
17943165
17943971
17954572
17957027
17960382
17965322
17967943
17971220
17972951
17983653
18024405
18024407
18025203
18031378
18067001
18067018
18067020
18068539
18068628
18071308
18081718
18094582
18156731
18160102
18175263
18178810
18184863
18192111
18192505
18199402
18230792
18239622
18245664
18261272
18282363
18299401
18303245
18305215
18309032
18341639
18342808
18343790
18368066
18373709
18383555
18393627
18394702
18452067
18464120
18469816
18473998
18477048
18483393
18490735
18495254
18503825
18509353
18523277
18537976
18540940
18556063
18566323
18573526
18582153
18598729
18600024
18605083
18606888
18608642
18625280
18628457
18641025
18663058
18664261
18670883
18691757
18729264
18760705
18797870
18800614
18820131
18825844
18835166
18854623
18922105
18925699
18955790
18977066
18977345
18981453
19016738
19016763
19029442
19035305
19052976
19052993
19064725
19075657
19085113
19144991
19144992
19151789
19162530
19176010
19176014
19181379
19181784
19183186
19184382
19188666
19204327
19236740
19274612
19276253
19279329
19289855
19296110
19308660
19330068
19345670
19388942
19389879
19389891
19395028
19411632
19426596
19438505
19448155
19452323
19463771
19465690
19466291
19467916
19477218
19494263
19529981
19540337
19540590
19541823
19549778
19557552
19562748
19602710
19603346
19625780
19635202
19646870
19654408
19665070
19671038
19672946
19683812
19684517
19687226
19693697
19700852
19714594
19738077
19754199
19765320
19775300
19808698
19830725
19830741
19840439
19844912
19847200
19852927
19853583
19878996
19921191
19934300
19941111
19946262
19958352
19965647
19965707
19968062
19995225
20001520
20004555
20007803
20015454
20018615
20019052
20031210
20035824
20039765
20065110
20066533
20081057
20083664
20096459
20111072
20119833
20133893
20137111
20142363
20148885
20153646
20159992
20302766
20354824
20357825
20360144
20370649
20393130
20417967
20435347
20439648
20456351
20457904
20472440
20483924
20504356
20510871
20514303
20515557
20520634
20520641
20561431
20567020
20571062
20622483
20622902
20627386
20651067
20652568
20656931
20670134
20678218
20684989
20693296
20701971
20705759
20731086
20733134
20733555
20740398
20803351
20807780
20807885
20815269
20846091
20861915
20872983
20873571
20875128
20875872
20924583
20933441
20938170
20951944
20966504
20971928
20981678
21048955
21067588
21082920
21082990
21093053
21114537
21114781
21115731
21120161
21120181
21129033
21143200
21144585
21156247
21171987
21173125
21180092
21228325
21242187
21242514
21245757
21262971
21263155
21268003
21269566
21270442
21272320
21288478
21298367
21319142
21324374
21332708
21338238
21357706
21359601
21387358
21389326
21393836
21395122
21423122
21429393
21436074
21447089
21453545
21461300
21466287
21482694
21487043
21516120
21516736
21520003
21523727
21523728
21527514
21536790
21537333
21539498
21546568
21552520
21586749
21589872
21604762
21606167
21621842
21628405
21665275
21666141
21674859
21683111
21685470
21696826
21705501
21708468
21726834
21729557
21744003
21747880
21765192
21767516
21768087
21779428
21779446
21789382
21791413
21802138
21807908
21813452
21816375
21816907
21820407
21848891
21859732
21860418
21860433
21868571
21881825
21895538
21907407
21907926
21908433
21928377
21967974
21967978
21970471
21980431
21996560
22033178
22040963
22044003
22050655
22053959
22058196
22068168
22078798
22099191
22104247
22117966
22126574
22126602
22129478
22132874
22142798
22148278
22150087
22187040
22231396
22231465
22245429
22261446
22289922
22289926
22291086
22323452
22339472
22343664
22354205
22368270
22372550
22378655
22390761
22391574
22402607
22409268
22411868
22422053
22432079
22438257
22452518
22454318
22458420
22463758
22469781
22471708
22481022
22487825
22504140
22504184
22514634
22517899
22527961
22532519
22547652
22585616
22591177
22627678
22643831
22659680
22674490
22674806
22681934
22684224
22686329
22688855
22689683
22705992
22721497
22726931
22727638
22733614
22734072
22736495
22741797
22766221
22775313
22778153
22784513
22797303
22797419
22800464
22807997
22820730
22829080
22829124
22829239
22829255
22858906
22875611
22895180
22906984
22911473
22914610
22915059
22927251
22929972
22942183
22942377
22952242
22958289
22958930
22962687
22966913
22967425
22970245
22972921
22990016
23009217
23012328
23036488
23040356
23043539
23082484
23086275
23090076
23103841
23115106
23124877
23135354
23159595
23167384
23168613
23190472
23216927
23238897
23246161
23246379
23257423
23257676
23263202
23264850
23276395
23300935
23321254
23328383
23335073
23340802
23355940
23359050
23362959
23363389
23370424
23377000
23377436
23384905
23385863
23392356
23411073
23412931
23430109
23431389
23437141
23473998
23478666
23479570
23480665
23497317
23497456
23508117
23511494
23519969
23528808
23530930
23540998
23548639
23565250
23567961
23584564
23613268
23616009
23618709
23631653
23650535
23666693
23687091
23690292
23703854
23707526
23708641
23722894
23727242
23737671
23740774
23741395
23759001
23759524
23763915
23771655
23772038
23774633
23783394
23793916
23796006
23808162
23815900
23815906
23816818
23829510
23837643
23840454
23846441
23846442
23873282
23878140
23906301
23907410
23929599
23936658
23936694
23943874
23967177
23969938
23977266
23978034
23995047
23996689
23998902
23999921
24005813
24030729
24040307
24046014
24054719
24067137
24085765
24090502
24116827
24144836
24145513
24156425
24160850
24164801
24175822
24184250
24184252
24184354
24192815
24223248
24227820
24240202
24255108
24260231
24263951
24268349
24269847
24282218
24288427
24308526
24313832
24319184
24323990
24324154
24333663
24367670
24390456
24400637
24408321
24416160
24444745
24453245
24463214
24468836
24495871
24498869
24525236
24526162
24530392
24532805
24573385
24574459
24582753
24591202
24598649
24608088
24608976
24619500
24623852
24633870
24639346
24641103
24661089
24665000
24666762
24677539
24678393
24682858
24689857
24689895
24696688
24724602
24724782
24733791
24735609
24737397
24737502
24739485
24744665
24767158
24767404
24779074
24786392
24801015
24813730
24849514
24854988
24855211
24859829
24881741
24883179
24888589
24895100
24895580
24898801
24951466
24959335
24972258
24981688
24992166
25015937
25016800
25024084
25044107
25052613
25053825
25060518
25068800
25083817
25085632
25089810
25092144
25100642
25105536
25108079
25145343
25145428
25155901
25183446
25215878
25216797
25231999
25234168
25237195
25240816
25270908
25280219
25281057
25281355
25286697
25287662
25295230
25301331
25326874
25332574
25336251
25338557
25371672
25379410
25400345
25400766
25406566
25417889
25430616
25441683
25445955
25456130
25456387
25487917
25519476
25527567
25530565
25531068
25534201
25547655
25550214
25578618
25597754
25598437
25605370
25640477
25662999
25665465
25666257
25677073
25679063
25691928
25697362
25713434
25762638
25765758
25775444
25793242
25797966
25800646
25818407
25826077
25833958
25837374
25847190
25848357
25854472
25896848
25912052
25912283
25948179
25957287
25971362
25976987
25992210
25999911
26012842
26029370
26051474
26054017
26055960
26062848
26078355
26081023
26104085
26108694
26111466
26118648
26134006
26139428
26142317
26157028
26163606
26172401
26172402
26191952
26199899
26206337
26208887
26212328
26221617
26233683
26234722
26237612
26244574
26260140
26263178
26286850
26292723
26294738
26299958
26341390
26342867
26365931
26382271
26384303
26385522
26400497
26410460
26411368
26418229
26438511
26446915
26450903
26452187
26462154
26475207
26487272
26497577
26500885
26505133
26515730
26521986
26523218
26526573
26547258
26547689
26551637
26563907
26566084
26567156
26584077
26590297
26590920
26601252
26607596
26608912
26617391
26622765
26625890
26630553
26644412
26669855
26676635
26681580
26684393
26686245
26692090
26692109
26781613
26782640
26785334
26808072
26822154
26832846
26847745
26848862
26851220
26852660
26865269
26870340
26884901
26886840
26891877
26893395
26895103
26896780
26903243
26904404
26907662
26915617
26916980
26925127
26932387
26974268
26995531
27003236
27030618
27040395
27046463
27058617
27060207
27071442
27074558
27087256
27090743
27093991
27099147
27103744
27125981
27132990
27133819
27137475
27150996
27150998
27158668
27175030
27177049
27181063
27187860
27190596
27210879
27220667
27236799
27248844
27256702
27263462
27264130
27266526
27268085
27271227
27280396
27300438
27315441
27323399
27329844
27331411
27346558
27358854
27373815
27374090
27387666
27391351
27408351
27416910
27416911
27434660
27435003
27435859
27436336
27450971
27454384
27458164
27460485
27460866
27465508
27468697
27480560
27496194
27505680
27511526
27517160
27535613
27540013
27590507
27617578
27626069
27636998
27643393
27666490
27670587
27671675
27708062
27735988
27748173
27748272
27748370
27751588
27760406
27773927
27773928
27775694
27778197
27791036
27795560
27797237
27797250
27868021
27870947
27872057
27872058
27879203
27881871
27893163
27906677
27908881
27911806
27919943
27931243
27993871
28000291
28013106
28024465
28034991
28038328
28043794
28052408
28061447
28076884
28077790
28086240
28088961
28088962
28089916
28102729
28107692
28108507
28108543
28119528
28125133
28127477
28142203
28159598
28164537
28164543
28194038
28196687
28211167
28213513
28223820
28238014
28254820
28271164
28276286
28278729
28283965
28294102
28297105
28318150
28358966
28407515
28418873
28419965
28421420
28432220
28450419
28470536
28487694
28490193
28496177
28498310
28516360
28522571
28523099
28538663
28546144
28552733
28565742
28576946
28580438
28581462
28598126
28601636
28607922
28616699
28618074
28625976
28627830
28637882
28637883
28644114
28645776
28667329
28667750
28669736
28673394
28673395
28727816
28727840
28746590
28748750
28751768
28751773
28759368
28760806
28793301
28794285
28799176
28811744
28830612
28858244
28863357
28876197
28881711
28894287
28895560
28914261
28917156
28937371
28945881
28947392
28956923
28960095
28960265
28961547
28967922
28972800
29025582
29034366
29037944
29051803
29055209
29059168
29062038
29069942
29070106
29074603
29079128
29080039
29090521
29117486
29120132
29120133
29137217
29164965
29165010
29172276
29175091
29179430
29183886
29187377
29209600
29209657
29231051
29240787
29242299
29251252
29257272
29262547
29285262
29285788
29286055
29296796
29296841
29312564
29316714
29317685
29330388
29330746
29336115
29339551
29343975
29357250
29372308
29383835
29386373
29398797
29409989
29416667
29423758
29431743
29437468
29463558
29463564
29471895
29472720
29487300
29498106
29498296
29507660
29509276
29521250
29530994
29531216
29544132
29551024
29558838
29563490
29572360
29604902
29615816
29634689
29643105
29650728
29665898
29669779
29672049
29682194
29691342
29699481
29702736
29705536
29716633
29727493
29733074
29744585
29747291
29748445
29773106
29773601
29784639
29786546
29806049
29843647
29854425
29857559
29859851
29859852
29875101
29880609
29892279
29894944
29907544
29950146
29950203
29959200
29976747
29986851
30028037
30046393
30055376
30076182
30081867
30082225
30111869
30112274
30117185
30118842
30122013
30147364
30159298
30180463
30181385
30230610
30250637
30254964
30270754
30275197
30282797
30302212
30320942
30332834
30341082
30344754
30346304
30364182
30369187
30372491
30372901
30382485
30389660
30410361
30412661
30420889
30441973
30450160
30466756
30472492
30503388
30506467
30508668
30514174
30514344
30521114
30539781
30541869
30544932
30552988
30553002
30555035
30559310
30563875
30565931
30568173
30572745
30578743
30590794
30596405
30607022
30623626
30630980
30639533
30651634
30661740
30674471
30681373
30695511
30703688
30706524
30710101
30729065
30737839
30753289
30755706
30770553
30774683
30775946
30792203
30800259
30809038
30814087
30820040
30828789
30860598
30862120
30881390
30898762
30923103
30923106
30926392
30931863
30939008
30940564
30944098
30944659
30946869
30953031
30953707
30953928
30975911
30997851
30998142
31034300
31035172
31040234
31066629
31069015
31073070
31076446
31088841
31089248
31089274
31102119
31103903
31104446
31104447
31109905
31122910
31134509
31147598
31173645
31175001
31185600
31186273
31190985
31201827
31203997
31207462
31207705
31217189
31232619
31237017
31238330
31243041
31244095
31244296
31267996
31279288
31281512
31285539
31286998
31302157
31309543
31310323
31320594
31342980
31350825
31387917
31395582
31395602
31408808
31432396
31434952
31435156
31437132
31454267
31462456
31466809
31467532
31470848
31471587
31473943
31479709
31492033
31511612
31515354
31515455
31528345
31533545
31545219
31548092
31550496
31559849
31565544
31571509
31572552
31575669
31591496
31606550
31614258
31619996
31628845
31636908
31645666
31648336
31648488
31650168
31665578
31669649
31670517
31692922
31700594
31718764
31722002
31723823
31730602
31730679
31751472
31752581
31756575
31756944
31762943
31765477
31778791
31779982
31787614
31790499
31807186
31808872
31816063
31817795
31821677
31826241
31834935
31839044
31853441
31872224
31893105
31904486
31908039
31912423
31919040
31919472
31921380
31943762
31943770
31955503
31963113
31970530
31977039
31981494
31985218
32005917
32009807
32021432
32024878
32033928
32034660
32040554
32072142
32085993
32102366
32103499
32109580
32109679
32113783
32134197
32149729
32154636
32155324
32163103
32170661
32173273
32180839
32185622
32199135
32203582
32208491
32215183
32218221
32241850
32243389
32243411
32247263
32272419
32277682
32282883
32283751
32284743
32296014
32299905
32308425
32308588
32314599
32315388
32319665
32321249
32327472
32330242
32332018
32333156
32338093
32349415
32366841
32368486
32374198
32378574
32384149
32388535
32391628
32393312
32394450
32395555
32396937
32397025
32409689
32414851
32418523
32425393
32428520
32447933
32460405
32473792
32476519
32495317
32513964
32518207
32533751
32536235
32543003
32547322
32547718
32552928
32565734
32567045
32581359
32583303
32584418
32589720
32592688
32598759
32603763
32628327
32629802
32637351
32668024
32673171
32680424
32694757
32696696
32697348
32703795
32712325
32714530
32722211
32722298
32748108
32754299
32757669
32761105
32765864
32767634
32791048
32798390
32798396
32811837
32812818
32815753
32817816
32818246
32825035
32832025
32833902
32843624
32850078
32852395
32862867
32866288
32887750
32891702
32898396
32898697
32940858
32941638
32944043
32949053
32955823
32975130
32975953
32984009
32998330
32999332
33003568
33017662
33032648
33035616
33042924
33049054
33067575
33067941
33075166
33076970
33078658
33091616
33106623
33109387
33116779
33119202
33123895
33142043
33142418
33149267
33166908
33167505
33182501
33189657
33190441
33194747
33211832
33212779
33213500
33218150
33232940
33242449
33254022
33255818
33256378
33280474
33283233
33287892
33288862
33289421
33331926
33340276
33368797
33368881
33373830
33374216
33385697
33390479
33391463
33393294
33410599
33415016
33415071
33425766
33436370
33472354
33494808
33504139
33514926
33516985
33517277
33519816
33542854
33550446
33563904
33568357
33574648
33589748
33592069
33593383
33594943
33598693
33609315
33613897
33618754
33623141
33631087
33632926
33637883
33647817
33654204
33658483
33664580
33678591
33681815
33684908
33691697
33719439
33737834
33761599
33762101
33777220
33780043
33781547
33787984
33790903
33792225
33792628
33796529
33797247
33799721
33800974
33810248
33811005
33811956
33817952
33830077
33831397
33836835
33846544
33851200
33853481
33877294
33879026
33891709
33911198
33925552
33956058
33971801
33990705
34002025
34003103
34024909
34034609
34035227
34045454
34062461
34070902
34074182
34097779
34099621
34101344
34103301
34106908
34108128
34111291
34121593
34136754
34169421
34172833
34194582
34217323
34230878
34232981
34245496
34249005
34254530
34268710
34272482
34289175
34292677
34299222
34303121
34316017
34322291
34348451
34348456
34357678
34360855
34362479
34363558
34363960
34365291
34376373
34400415
34417240
34424108
34439083
34446858
34459465
34466057
34479037
34486940
34487021
34490088
34497236
34504649
34515081
34518298
34521806
34525176
34550682
34551341
34555701
34583130
34584238
34592761
34594375
34595412
34595955
34635505
34641328
34653270
34660293
34661152
34665271
34671057
34671120
34686913
34690101
34694800
34710737
34711001
34732043
34732858
34749571
34750506
34754929
34760927
34767637
34768286
34774343
34808460
34811450
34820336
34831215
34835169
34835225
34853270
34854880
34863627
34865571
34876631
34877799
34896257
34903841
34944800
34959180
34978724
34981510
34981560
34987015
34992684
35019216
35024433
35033885
35048553
35053612
35059910
35062934
35063965
35067150
35072369
35076348
35078381
35081255
35081962
35086749
35089228
35092883
35114569
35121932
35130342
35135952
35138851
35140465
35148084
35149666
35169285
35180490
35182882
35198371
35219054
35221695
35227060
35228711
35246156
35249471
35256594
35258791
35267421
35267471
35281004
35294914
35311954
35323440
35326743
35332831
35337118
35339838
35339926
35344039
35349331
35354918
35387132
35387260
35395091
35395959
35402842
35402847
35412895
35422094
35429905
35436158
35453402
35456436
35460465
35464162
35483923
35485701
35486475
35489222
35496349
35499387
35501304
35511790
35523692
35531760
35532877
35544407
35549749
35565314
35571096
35578930
35580565
35625776
35626079
35637252
35639283
35656547
35680852
35681796
35736066
35739428
35739513
35741439
35745866
35760968
35784907
35794565
35794567
35795913
35796012
35797240
35806293
35810308
35845019
35846029
35849791
35851970
35857193
35857899
35869985
35876828
35884458
35887060
35900493
35901509
35906348
35906694
35922444
35922945
35923716
35932378
35943684
35950535
35958243
35960851
35960871
35981498
35999260
36005562
36010999
36012751
36036884
36044389
36050712
36072760
36073548
36077850
36078163
36097605
36104354
36106982
36107965
36108424
36112677
36119822
36131612
36153154
36159964
36163632
36185253
36191408
36198439
36198550
36200423
36200426
36206490
36214866
36215147
36220999
36226489
36226495
36230640
36261597
36276757
36287540
36289703
36293442
36293564
36297550
36307762
36315929
36316776
36347926
36362264
36376378
36378495
36384254
36399923
36403191
36406948
36407352
36411731
36434435
36440328
36444394
36451749
36452504
36473282
36474506
36481875
36485125
36485136
36494771
36495539
36497281
36498916
36504282
36504887
36509894
36518702
36526260
36526736
36532642
36539954
36542496
36550214
36551616
36555494
36555810
36564312
36567628
36579805
36582421
36594901
36605494
36612069
36627146
36638621
36644989
36646299
36651264
36652946
36655425
36691065
36697489
36708283
36709189
36713392
36727398
36727917
36738279
36739272
36739348
36765475
36779591
36794507
36803956
36808479
36808557
36809943
36815379
36816441
36819163
36823555
36831653
36853451
36865133
36874106
36878064
36923638
36933629
36937459
36951883
36958526
36965174
36966261
36976323
36977512
36989958
36993676
36995071
37007116
37012202
37013044
37019445
37019911
37028555
37036626
37060505
37066885
37067758
37085610
37088992
37108788
37116522
37116523
37116684
37140277
37142889
37144777
37145493
37147301
37147424
37157016
37163357
37163951
37173186
37190162
37190240
37202100
37207502
37227794
37245251
37246158
37254813
37255338
37272204
37272552
37296951
37297842
37300744
37327602
37333339
37339930
37341821
37345485
37348260
37356962
37356985
37361897
37379267
37384044
37391442
37392657
37414062
37426684
37433680
37435718
37438819
37446914
37457126
37460273
37465589
37465857
37485552
37485586
37486624
37503022
37515369
37519024
37532412
37535845
37540457
37552323
37558736
37575212
37578642
37581981
37584545
37587502
37603683
37606386
37621257
37637651
37643957
37647654
37658530
37659198
37662831
37671476
37696819
37704613
37704893
37715270
37717880
37731695
37737688
37752234
37759959
37760526
37781631
37783807
37788644
37793868
37815132
37838343
37846681
37847357
37849810
37866334
37866827
37872917
37892567
37899297
37910046
37926079
37932786
37935978
37939390
37945814
37951217
37953577
37958832
37971283
37975931
37985498
37987760
37992684
37995643
38000356
38001685
38007585
38007910
38024637
38037057
38042648
38044999
38049152
38049555
38056299
38073116
38094300
38095349
38104314
38109859
38112559
38112995
38124780
38132393
38146352
38172329
38179723
38182819
38187048
38195923
38199214
38201486
38203816
38213738
38215358
38231480
38232704
38266104
38270941
38277619
38284896
38288901
38291741
38295280
38324741
38327131
38329292
38330848
38332531
38334474
38334500
38347921
38349260
38387337
38389894
38406539
38443705
38447999
38468840
38471061
38476887
38495876
38502195
38542393
38563968
38564252
38567798
38569858
38580614
38625438
38630133
38633126
38638836
38641704
38648559
38652676
38654593
38655686
38660842
38663769
38666914
38692232
38693626
38696033
38696205
38705564
38720016
38737911
38738062
38744144
38748404
38751627
38775115
38782575
38791898
38794229
38811818
38820938
38828446
38829139
38852814
38869359
38871487
38876894
38878515
38879112
38879649
38884787
38889505
38891959
38895091
38899336
38904445
38911560
38915288
38917943
38926354
38944027
38951063
38968731
38972060
38978049
38978738
38987440
39007347
39008456
39015500
39019012
39022363
39043965
39067406
39068406
39073493
39080258
39083709
39091016
39094274
39098020
39105739
39113090
39118482
39126219
39157616
39167766
39168022
39169685
39180903
39182032
39183099
39192394
39192400
39199635
39211920
39231699
39236794
39237634
39246183
39258312
39263622
39265176
39265252
39273395
39273530
39274131
39285195
39287653
39293215
39317884
39320066
39331039
39348668
39358294
39364317
39367118
39381060
39388660
39392050
39395205
39396074
39405072
39408703
39418643
39424958
39425929
39427515
39441158
39455536
39471012
39478693
39479813
39490342
39495225
39506591
39511220
39518156
39526420
39533519
39533673
39536858
39538314
39541573
39548634
39562656
39563805
39568426
39569546
39589257
39589497
39592591
39601658
39602994
39607871
39614924
39627603
39628312
39639655
39640233
39643798
39648426
39653657
39658655
39661129
39666851
39682214
39687070
39691247
39697705
39705732
39708925
39711880
39718422
39721590
39723366
39733588
39756787
39760702
39763167
39765355
39773519
39775763
39800921
39806020
39813767
39813774
39833282
39834628
39841016
39849166
39861158
39863894
39866089
39870768
39875995
39882647
39882651
39885312
39885639
39885663
39896109
39905002
39906260
39911116
39922322
39955584
39963240
39990165
40002262
40058315
40063243
40075701
40076904
40081102
40081307
40085277
40089460
40091927
40092706
40097915
40099461
40100228
40100393
