1326822
1331648
1407557
1425409
1462767
1603323
1603331
1612649
1660958
1745403
1761754
1827665
1908066
1966043
1978288
2115643
2494661
2498162
2515037
2845402
3099293
3258745
6323327
7475225
7482953
7498410
7533060
7593360
7605939
7625243
7663880
7668153
7700853
7753494
7953655
8070392
8095702
8114760
8125225
8183563
8221135
8232942
8255396
8264230
8314857
8345107
8374734
8395570
8531143
8563722
8581468
8680425
8725293
8782081
8783197
8820968
8830995
8855197
8866694
8875316
8930328
8944413
9052801
9092881
9120437
9147381
9151758
9191092
9284509
9305758
9331175
9427521
9484827
9514510
9666136
9723028
9771565
9882143
9928825
10022350
10203146
10209238
10333272
10368064
10392849
10417174
10522822
10718316
10777594
10789833
10894939
10930557
10958117
10980557
11025647
11118135
11259766
11282356
11287108
11376594
11597586
11707641
11849137
11916245
12138252
12214413
12376177
12518680
12536430
12652650
12687275
12725157
12752381
12806176
12941470
12942541
14521984
14521986
14625389
14966381
15026136
15099693
15129159
15188457
15207331
15589036
15590158
15597914
15670982
15693287
15744039
15859433
15893889
15922071
15960981
15961245
16041511
16084591
16309718
16412033
16569048
16621044
16651408
16672717
16687291
16706358
17012821
17156921
17216716
17312986
17393330
17488621
17499645
17506500
17531293
17573884
17761543
18371188
18576208
18589755
18622811
18774655
19133651
19151755
19269029
19329434
19473999
19536505
19557575
19570917
19634930
19839013
19912880
20359502
20619839
20654555
20851150
20980388
21147707
21219483
21290679
21290680
21290693
21290706
21480856
21543245
21679285
21683143
21914507
21969367
21978922
22108803
22142706
22164238
22179056
22308434
22321930
22354777
22454638
22723319
22772468
22975436
23022365
23121125
23251272
23400877
23562910
23593403
23595228
23643710
23688493
23744317
23810250
23973846
24002149
24085434
24118230
24322891
24378831
24379408
24398786
24477193
24493893
24553288
24587880
24604526
24652774
24715476
24909488
24936376
25102410
25153722
25175497
25241022
25254975
25384976
25428830
25545333
25574600
25598242
25721790
25762495
25784959
25794160
26018137
26135557
26170849
26173738
26264387
26410393
26571389
26649942
27073439
27102414
27142675
27167092
27276555
27485165
27513954
27668889
27837029
27864060
27936169
28319094
28356389
28439463
28463404
28466382
28584965
28924143
28948579
28973134
29039998
29066822
29080084
29150442
29195879
29228352
29266025
29331016
29350772
29422527
29434321
29487594
29518052
29748675
29789579
29796618
29858576
30013671
30016495
30114390
30115879
30124866
30303565
30315111
30349341
30361264
30390108
30646972
30654976
30684762
30851324
30893847
30898623
30935763
30940833
30967896
31001200
31057556
31081202
31131716
31212688
31229900
31245295
31248836
31261535
31274473
31490237
31546083
31614751
31630605
31649527
31728912
31749608
31768625
31805395
31937587
31967339
32108038
32187958
32280695
32296036
32315985
32366023
32408074
32454462
32482537
32487998
32534225
32542935
32755622
32809063
32812641
32922605
32949999
33034932
33191393
33316624
33318581
33393145
33424022
33488601
33503437
33559830
33653978
33731128
33753088
33805552
33816070
33836600
33841653
33927635
34044030
34073549
34171102
34315853
34349849
34359927
34371462
34383804
34448010
34527766
34610301
34707101
34784719
34837706
34840330
34881661
35082159
35169853
35184892
35186653
35227807
35230703
35239793
35312198
35464092
35537818
35563910
35568340
35579162
35580072
35621221
35635207
35638324
35641944
35725623
35778268
35831439
35911630
35921380
35927320
35941292
35964190
35971133
36008878
36010586
36099089
36139169
36233028
36298249
36311860
36387600
36511116
36609277
36630355
36632999
36661544
36698183
36700987
36703199
36712525
36911952
36994778
37016468
37027988
37058370
37138755
37182560
37239427
37353480
37368333
37382830
37460318
37461273
37480633
37481710
37538766
37549548
37553246
37560339
37581569
37603719
37660502
37670804
37742888
37965313
37978927
38003034
38043266
38063270
38107383
38242196
38317846
38346375
38398367
38410462
38440920
38488430
38517374
38561069
38566572
38567514
38640092
38683127
38761633
38818568
38826208
38874870
38964056
39007035
39042389
39136847
39153434
39214274
39223812
39261458
39261637
39265353
39292359
39298064
39335925
39377746
39451071
39523120
39523692
39583007
39655935
39701736
39758236
39837316
39972074
39981914
39999929
40005815
40017009
40031833
40076314
40089488
