7826704
9885561
10391903
10455108
10704825
10849428
10991949
11027663
11035047
11287610
11334882
11335710
11340297
11449275
11572860
11701952
11782427
11830491
11861309
11895767
11971018
12058075
12124177
12140767
12464621
12595575
12640133
12819203
12821647
14508511
14656892
15010462
15170389
15240750
15750601
15833084
15952937
16009726
16198316
16253990
16278304
16314834
16365455
16369543
16736498
16873377
17053833
17310989
17323176
17353274
17374739
17499196
17553421
17558859
17604604
17894413
17998934
18235045
18272374
18586679
18644434
18697750
18853460
18854865
19118509
19118819
19172738
19204163
19233262
19262956
19276544
19342374
19438505
19509136
19523899
19838208
19845770
19881546
19924507
20087860
20161778
20335178
20502503
20888920
21108942
21118992
21285854
21292300
21636860
21653832
21930791
21996746
22851227
22856364
22858987
22859374
22871571
22926523
23045700
23231021
23401857
23525328
23546585
23607741
23724096
24161894
24327320
24385586
24998422
25029990
25598421
25852062
25853819
26045784
26095858
26126641
26611835
26644359
26657155
26754532
26773044
27025927
27026230
27035789
27125306
27282405
27311772
27544933
27840422
28000880
28096188
28202507
28258085
28295819
28320126
28329685
28412750
28420432
28477539
28687632
28842424
28960030
29137268
29326440
29781037
29951493
30088171
30127957
30326469
30720118
30755611
30755818
30936879
31002135
31194976
31698596
31723823
32263369
32269703
32437087
32522441
32545165
32619126
32888136
32901879
33171874
33189795
33215398
33331110
33637697
33660813
33827252
33865919
34146905
34726254
34736535
34903841
35088894
35178865
35322464
35332933
35411035
35523947
35577506
35895897
35958936
36007472
36102314
36248894
36421826
37085900
37321605
37387851
37914735
37937666
38586211
38705456
38740466
38916228
38995439
39149852
39248342
