8838318
12759536
18330691
21083380
21159145
22307269
22421249
22733540
22758774
23464620
23572068
23599145
23634288
23650591
23778528
23802749
23825798
24137342
24141786
24423917
24563540
24797109
24823460
25280020
25304237
26275246
26368812
26399561
26645730
26778290
26825879
27058448
27089234
27148356
27239460
27259057
27308390
27334330
27438697
27498141
27913609
27914687
27990554
28012237
28106494
28120216
28176280
28248732
28444874
28700778
28809862
28881731
28982892
29209985
29490280
29659033
30204251
30601884
30763678
31173078
31189994
31239162
31310691
31338849
31394807
31614358
31707589
31726051
31838126
31872050
31887832
32064597
32180285
32310862
32771470
33053353
34040639
34260077
34345456
34353217
34385710
34568004
34750314
35080323
35212356
35351629
35580369
35642348
35693877
35715928
35777808
35804836
35877357
36440997
36835134
36970776
37053535
37284406
37750536
37802293
37802294
37813580
38126027
38233483
38505749
38910853
39347525
39518110
39647344
39654261
39924540
39938999
