8825633
17720980
18326504
18330691
18719078
19078957
19445628
19551532
19654573
19936769
20562673
20631239
20714830
20805136
20865267
21056896
21072599
21378004
21487925
22307269
22550165
22653968
22733540
22758774
23159116
23443802
23464620
23572068
23572156
23599145
23634288
23650591
23656586
23685997
23778528
23825798
23904987
24090900
24141786
24423917
24563540
24591764
24595385
24882515
24937456
25030020
25280020
25304237
25363280
25374402
25653058
25695059
25955651
26113083
26275246
26363170
26368330
26368812
26397223
26399561
26544768
26763459
26775782
26778290
26957145
27057633
27058448
27089234
27148356
27239460
27259057
27265506
27308390
27348266
27498141
27914687
27919468
27974237
28079102
28084343
28106494
28248732
28369206
28422819
28444874
28454448
28486107
28571101
28700778
28779688
28809862
28881731
28982892
29059311
29209985
29332123
29570931
29725622
29878304
29975248
30204251
30315589
30320917
30387498
30422215
30537484
30558566
30597540
30601884
30773340
30870248
31173078
31189994
31213897
31239162
31320995
31324725
31336681
31367589
31394807
31452255
31527657
31532024
31533929
31614358
31663661
31680437
31692010
31707589
31726051
31730812
32064597
32253686
32314513
32435453
32453908
32613723
32691561
32725658
32933997
32954611
33022225
33126538
33361125
33421174
33568347
33707187
33807071
33993733
34040639
34231495
34353217
34385710
34389658
34670408
34931368
34939927
35053574
35065460
35075133
35104000
35181742
35212356
35293080
35512098
35580369
35635655
35642348
35692773
35693877
35697803
35764070
35804836
35835335
35869673
35906786
35997986
36162600
36405075
36437928
36440997
36596361
36777504
37024491
37053535
37098137
37240145
37284154
37314637
37606556
37713310
37750536
37802293
37802294
37858338
37872018
37894940
37921444
38003630
38013159
38126027
38175637
38233483
38360887
38486999
38532508
38837501
38910853
38917801
38948880
39108722
39238337
39343803
39347525
39429164
39518110
39551602
39647344
39652028
39804140
39924540
39938999
