1904395
9322912
10097123
10716699
10729789
10913164
11056047
11889554
12376090
12819140
12897124
14561710
14962976
15166122
15273687
15331575
15537666
15564881
15592469
15711092
15800843
15817905
15883378
15915160
16099856
16264125
16442859
16462745
16484323
16575178
16575180
16789629
16831926
17062894
17067777
17299070
17317779
17405843
17566083
17588669
17594522
17600468
17651445
17878646
17982386
18038328
18094621
18162102
18182455
18192900
18252944
18372788
18372789
18553568
18597624
18617581
18694911
18697996
18796523
18806481
18812479
18842685
18951142
19073398
19092779
19136681
19381884
19407493
19412439
19423757
19449667
19530187
19557586
19593725
19658058
19826830
19844212
19858129
19890024
19900597
20008020
20015054
20026012
20061437
20336923
20346714
20398730
20427508
20427744
20443919
20444925
20531296
20537689
20642365
20803660
20804925
20807523
20841428
20887824
20972248
20979189
21169072
21214909
21340160
21351142
21455290
21488135
21521295
21523828
21664251
21677417
21775669
21812029
21835143
21910239
22016347
22114321
22140064
22215617
22245114
22259056
22277900
22300135
22355676
22374786
22378814
22492776
22564667
22589743
22612068
22674477
22859495
22903279
22954004
23039881
23065660
23132697
23199214
23208952
23226156
23281139
23335286
23337932
23352791
23370769
23403822
23412865
23424688
23498145
23503642
23536913
23548772
23623851
23649963
23748904
23752180
23796510
23822972
23839232
23844573
23846778
23863715
23884777
23926390
23962387
24057249
24061513
24076664
24107509
24112376
24145653
24312577
24423294
24470207
24498230
24498386
24517547
24525507
24525511
24680967
24755784
24850831
24878042
24897499
24898823
24925222
24938521
24986238
25005735
25078603
25219572
25241742
25269528
25288233
25320151
25367961
25393586
25435574
25464124
25466964
25479586
25502941
25530484
25594858
25603460
25656048
25659103
25710380
25740075
25752801
25762030
25796395
25802348
25802881
25840541
25851935
25867268
25882888
25952723
25970689
26116601
26160192
26188235
26248895
26257060
26350188
26401884
26479409
26488942
26506885
26574629
26743443
26788326
26819647
27058263
27077715
27154293
27170606
27186325
27253667
27313744
27425121
27428667
27438523
27494389
27512631
27514845
27718288
27756094
27864998
27871293
27895044
27977634
27995180
28084650
28160572
28164369
28258512
28285720
28323910
28334704
28395381
28453643
28483487
28526814
28588314
28666639
28666644
28711660
28741526
28776576
28868010
28889026
28939416
29056280
29072892
29104223
29115102
29158412
29179855
29224258
29268950
29320763
29340017
29445425
29464731
29488004
29605945
29693731
29796909
29861426
29909118
29941928
29941929
30060753
30111377
30142336
30204251
30349702
30365517
30376114
30442414
30616679
30670014
30736805
30745729
30767161
30814395
30879148
30962325
30962326
31025231
31124412
31148202
31215057
31267263
31297884
31315768
31362300
31374326
31452264
31546270
31624069
31696922
31726379
31793173
31799082
31852070
31860119
31886927
31910104
31939093
31947640
31977320
32110670
32123532
32271406
32271425
32313379
32318528
32337648
32337806
32380172
32436958
32531271
32538432
32647264
32700107
32760762
32762003
32865862
32866120
32980117
32996421
33005298
33082481
33144428
33180333
33237605
33247854
33269569
33272697
33359054
33422028
33438968
33565803
33574833
33609098
33657695
33677588
33686791
33752302
33914475
33959533
33997150
34029697
34095483
34149849
34220953
34299200
34321018
34327978
34400688
34528398
34587755
34614324
34620690
34674710
34711663
34722286
34791361
34851063
34994589
35012940
35018527
35052777
35104666
35188590
35197096
35198712
35220829
35226254
35296306
35328106
35347857
35357904
35440027
35483883
35523104
35600030
35672467
35733339
35745791
35811283
35857671
35857672
35857673
35857674
35859320
35871092
35879396
35927642
35946511
35966069
36036334
36151521
36157792
36297195
36407415
36428574
36584997
36593655
36669868
36789419
36833251
36853809
36905238
36941703
36965665
37003989
37139639
37198972
37249323
37440712
37465347
37509688
37531781
37548842
37828397
37906994
37908988
37920253
37926762
38097740
38103632
38107305
38245923
38290008
38319157
38319286
38343695
38464029
38492686
38529810
38572379
38664677
38668383
38827318
38828417
38840411
38900943
39017772
39030358
39071491
39104441
39117798
39121438
39135681
39219164
39277181
39305132
39340996
39357190
39369632
39413348
39435876
39456695
39496820
39513543
39541438
39678607
39684386
39736869
39762174
39800353
39910084
40002298
40050874
40077847
