17055459
18000218
19279407
19593893
20354164
20563252
20686609
20959490
22239913
22867946
23154545
24470238
24984703
25311788
25621293
25714996
25744720
26227221
26447616
27273304
27387124
27415424
27599526
27715394
28088789
28270740
28316092
28653505
28849235
29283424
29636387
29949874
29992578
30143543
30417009
30474109
30474284
30497053
30655793
30901718
31001473
31115523
31276604
31296130
31318114
32028854
32060421
32115889
32157214
32339486
32410473
32539924
32547082
32719397
32758941
32766708
32865178
33063832
33187367
33654219
33680947
33753999
33788883
34350749
34553078
34819098
35027543
35255904
36413416
36735162
37248411
37248414
37467514
37534091
37587912
37673874
38335844
38386274
38426412
38448858
38602327
38634049
38769895
38854942
38942137
39006081
39377225
39550386
39812615
