15719395
15981102
16315267
18852354
18932008
19936977
20033742
20576277
20682308
21130530
21159074
21314327
21443865
21790007
22057101
22413565
22626030
22970250
23514933
23525328
23658955
23729362
23951236
24033914
24113128
24497730
24779391
24929537
24984063
25344882
25420549
25535399
25920742
26186530
26267417
26386043
26496802
26650936
27109835
27470346
28053206
28242499
28662458
28952285
28952290
29100974
29191219
29234702
29742424
29761559
30050316
30112104
30144430
30556871
30623492
30806153
31166939
31354196
31665698
31801236
31882353
32029792
32300640
32515311
32546976
32698955
32991030
33654220
34026071
34070360
34158631
34162557
34196102
34719326
35005835
35747513
35821283
36649031
36819133
36979891
37047730
37146915
37355149
38015391
38290604
38321571
38748370
38762650
38814517
39166606
39337715
39472663
39542141
39866224
40105984
