9521869
11827466
12865760
14556246
15987678
19205026
19897463
21328569
22048961
22578324
23225380
24974848
25284716
25429715
25480810
25913238
26216516
26285132
26320362
27194223
27272985
28024705
28212274
28424317
28448514
28676218
28880959
28982856
29305905
29568691
30531019
30992691
31011227
31161074
31171854
31374066
31418010
31520790
31874549
32034314
32313931
32349160
32722121
32907914
33101065
33208191
33636181
34036345
34113352
34248934
34497477
35039450
35668777
35891648
36049655
36114454
36175547
36600564
36853782
37014168
37489594
37626769
37707678
37709781
37713154
37713484
37854159
38019906
38097729
38125083
38416640
38450767
39024039
39778513
39864622
40007754
