9441765
23079654
23116151
23414300
23429371
23758177
24162739
24285547
25200322
25389051
25442495
25479829
25994230
26084471
26231952
26376656
26399631
26457357
26487540
27026412
27061725
27219822
27298407
27311324
27392443
27499898
27694942
28105671
28211081
28476232
28484590
28505000
28506301
28545165
28663993
29063183
29206281
29254795
29446514
29609578
29970305
30046846
30111355
30742944
31015476
31109382
31139567
31254135
31285528
31288308
31784095
31942419
32019606
32490171
32766947
32965767
33021329
33152826
33186344
33336742
33433639
33560458
33677880
33707617
33991114
34053821
34136349
34264394
34344600
34347625
34667098
34747078
34782425
35606633
36230759
36617452
36619849
36656301
37470622
37524847
38176583
38798502
39440520
39627236
39751690
39789738
39977933
40107010
