9520398
9571167
9724795
9823308
10846170
10880258
10888886
11118440
11285237
11493709
11564889
11571273
11593411
11959842
11960997
12045192
12124384
12198165
12200149
12354758
12370815
12426395
12450794
12466959
12574125
12616525
12727880
12789259
12847090
12969522
14506733
14673164
14734806
15042618
15043985
15077161
15130752
15273251
15298701
15316101
15361834
15451426
15668237
15869883
16043219
16172792
16267399
16416968
16431920
16638200
16762839
16850746
16870149
16909123
16960727
17008050
17079440
17226765
17239852
17369852
17395887
17626016
17707923
17716875
17720775
17850504
17897615
17996965
18060775
18068699
18182289
18193082
18264140
18304810
18372343
18381445
18394702
18451879
18501342
18550396
18552382
18588874
18611949
18619497
18622014
18622015
18687323
18789002
18806873
18851995
18951790
19081376
19138845
19165610
19181930
19182791
19193804
19351825
19362090
19412887
19454368
19503085
19503603
19637353
19818845
19947584
20037577
20037816
20049841
20080132
20154723
20404188
20438716
20464640
20478393
20511365
20571512
20616024
20676135
20731616
20802485
20924032
20930523
21059642
21093383
21106524
21123453
21124297
21127047
21176959
21184735
21197454
21270520
21344388
21420382
21423190
21445062
21463644
21475895
21521687
21527555
21622623
21685935
21737614
21972143
21974802
21983014
22028823
22036763
22147512
22156375
22180294
22223663
22266280
22318606
22344732
22393235
22419072
22496552
22496786
22517765
22542627
22570599
22590724
22731250
22751130
22797919
22860916
22865885
22867868
22918830
22984607
23019017
23027620
23060449
23104175
23109994
23110022
23110024
23242655
23280436
23312906
23386123
23421821
23436026
23437037
23440245
23449471
23456364
23564453
23585133
23612983
23627572
23667588
23684218
23706636
23835259
23836017
23852118
23888688
23932364
24010203
24027299
24036913
24040068
24058639
24111946
24165128
24201285
24239178
24240174
24249678
24265759
24376786
24449838
24463822
24475290
24525021
24550390
24589606
24658119
24681565
24686813
24690943
24731470
24760871
24762689
24763403
24789730
24865773
24890342
24900838
25015091
25071017
25093853
25173798
25178657
25203139
25240053
25270209
25333902
25341045
25348016
25382558
25405810
25548579
25561363
25593344
25605023
25606026
25648995
25653165
25688158
25753134
25789466
25794974
25801958
25808664
25950477
25972164
26024595
26033389
26078221
26098774
26111147
26129908
26161119
26174178
26184924
26186538
26297832
26303947
26336583
26347123
26352599
26375799
26406915
26549310
26565999
26588579
26622943
26639180
26655717
26657418
26663087
26697414
26733201
26764010
26797758
26812044
26832969
26936390
27029072
27082454
27086779
27092878
27165113
27171263
27188282
27246204
27267461
27333946
27353169
27377864
27378074
27501845
27517492
27534825
27635759
27668885
27669993
27672210
27694895
27694949
27698906
27721407
27761832
27761834
27857213
27871855
27903773
27928959
27940549
27941310
27959513
27977115
28004751
28046085
28107582
28119431
28123637
28169279
28186506
28245922
28250112
28276480
28300292
28337219
28344354
28411180
28424407
28429760
28450117
28469799
28473661
28481295
28485501
28489564
28507518
28533418
28579617
28624794
28648457
28663197
28672879
28696290
28713342
28716899
28720877
28767587
28779562
28780164
28821396
28829415
28842672
28867608
28944862
28964722
29058807
29080797
29113455
29128366
29140459
29170627
29193405
29207042
29224834
29277783
29328474
29374219
29437043
29447615
29448109
29472538
29477655
29481474
29484736
29518312
29537214
29561664
29579541
29622785
29635894
29641990
29645094
29660306
29669932
29685969
29732991
29803790
29842805
29845424
29855565
29890207
29896413
29914980
29948514
29988076
30060952
30071534
30086304
30108795
30115891
30203485
30209338
30248347
30251407
30267710
30280780
30322885
30403176
30414852
30421914
30463940
30496041
30592280
30662396
30669676
30670829
30701667
30709655
30718031
30782261
30786008
30799937
30814129
30842103
30867763
30879863
30913399
30916347
30926862
30941832
30951404
30973934
31022463
31054509
31071955
31091225
31108155
31119861
31165775
31168029
31177123
31214192
31226417
31256937
31271872
31272794
31304633
31322450
31337976
31393052
31400279
31400937
31411124
31440094
31450981
31493239
31533525
31537983
31637215
31648544
31662025
31692265
31704828
31746377
31754335
31799598
31849603
31859017
31861435
31862129
31864766
31874856
31883829
31913353
31923609
31950542
31964588
32005967
32013726
32101746
32103894
32113161
32219100
32227584
32269697
32277440
32324261
32328646
32361064
32409664
32424276
32435375
32449313
32515311
32525044
32528830
32536999
32546700
32557953
32591593
32596952
32606772
32636357
32641996
32664214
32743904
32767431
32824279
32874829
32914392
32945468
32950972
33007982
33052246
33071792
33151304
33187090
33221374
33356953
33359242
33378032
33414424
33417763
33426312
33453248
33482915
33498747
33505958
33510945
33516884
33526073
33539818
33541085
33550188
33555624
33566202
33588178
33596966
33625798
33627504
33715270
33732332
33757583
33849645
33859766
33864382
33865221
33867143
33885658
33929667
33949290
33976119
33981482
34003109
34004248
34041236
34059632
34073721
34179318
34193554
34210825
34232065
34242623
34245815
34245919
34264338
34284046
34381129
34385547
34409025
34409595
34450641
34459501
34465322
34475055
34477002
34478925
34494550
34540896
34610961
34624666
34638996
34653945
34667186
34668144
34676033
34738621
34803511
34815344
34837887
34890513
34924813
34925033
34929181
35044827
35072921
35095417
35104240
35148729
35159343
35172152
35175762
35285407
35293758
35298895
35305483
35321026
35417530
35419467
35420781
35443136
35452995
35467871
35501151
35501375
35584683
35652621
35679794
35689852
35737257
35743829
35756488
35760306
35781538
35794630
35821006
35836520
35864549
35871293
35958929
35975032
36009610
36047206
36067301
36082664
36120375
36129197
36130928
36175163
36220390
36230720
36255623
36255639
36263220
36274467
36282138
36287107
36290368
36382553
36396626
36412121
36424383
36499624
36537660
36542845
36548122
36581861
36646675
36653355
36774842
36881716
36921705
36951067
36982769
37022596
37121053
37149887
37149988
37158154
37164303
37206002
37207962
37230466
37244179
37266450
37266748
37291119
37291137
37291337
37304547
37306047
37361037
37382754
37414747
37441600
37488358
37491525
37492092
37528157
37561334
37563109
37580347
37600507
37625658
37640195
37661113
37667133
37689331
37690423
37716547
37732405
37745794
37759078
37760477
37776441
37796122
37818082
37820557
37821774
37829572
37878419
37903184
37903187
37921375
37996815
38015530
38028583
38062013
38067162
38069395
38093901
38162580
38229308
38229760
38244809
38250727
38253639
38254102
38269100
38329647
38382623
38403721
38474606
38476167
38492338
38504444
38505872
38523117
38604377
38608232
38647380
38653973
38678233
38679196
38680105
38686917
38706347
38760541
38768680
38798357
38798619
38812060
38829740
38847852
38865202
38870352
38874468
38916813
38921561
38965576
39008242
39010083
39024795
39029901
39075515
39103111
39198847
39224519
39260334
39262494
39345537
39384195
39412213
39426946
39471311
39499531
39525004
39533309
39553425
39580799
39582290
39587443
39630033
39656097
39671488
39679961
39704107
39719596
39720671
39721452
39723246
39729811
39762891
39809587
39819707
39838504
39861822
39888307
39891718
39927772
39936776
39936865
39939761
39985345
40052602
40058317
40059271
40067382
40078575
