9782097
10545197
10888872
11395507
11564889
12437980
12840003
14673164
15144953
15456770
16595694
16642021
17043312
17322895
17352740
17452977
17909008
18182289
18212746
18264134
18298800
18314102
18421014
18495085
18508077
18583969
18817512
18834886
18851967
18951790
19041327
19047631
19057998
19138845
19362090
19372552
19412887
19424149
19486889
19503085
19528037
19892411
20190809
20346000
20388487
20392638
20398369
20404188
20421305
20511365
20534591
20571512
20616024
20716118
20802485
20833366
20924032
21093383
21094147
21197454
21270520
21290163
21315782
21332579
21383775
21423190
21445062
21447001
21527555
21685935
21713366
21959976
22005302
22016339
22066420
22132221
22147512
22223663
22344732
22421405
22492270
22493095
22532304
22733364
22811558
22864611
22933299
23159608
23170236
23175521
23195070
23253383
23280436
23359715
23436026
23516383
23612983
23625969
23627572
23696608
23706636
23975430
24010203
24040068
24105979
24200999
24218540
24239178
24240174
24265759
24316720
24390319
24448241
24449838
24451372
24525021
24595367
24606669
24616922
24681565
24760871
24763403
24788349
24900838
24936141
24958469
25139823
25178657
25203139
25219501
25438060
25473896
25486475
25511602
25525429
25548579
25609639
25642316
25648995
25655932
25688158
25697359
25704882
25705589
25808664
25809288
25923460
25934799
25972164
26063464
26129908
26144283
26174178
26194454
26287468
26352599
26380735
26411366
26481530
26586441
26603102
26617781
26676829
26683361
26721795
26729194
26809128
26815200
26934447
26962001
27082454
27145860
27207921
27246205
27266347
27432453
27641328
27665474
27673327
27693786
27721407
27729849
27959513
27982079
28002023
28028031
28107582
28123574
28177689
28178518
28202389
28235656
28332438
28402861
28411180
28511026
28526090
28538837
28560068
28592694
28671300
28737824
28783139
28785170
28793257
28839465
28849783
28883660
28939339
28960099
28962688
28982113
28982677
28985013
29042277
29104538
29113816
29145147
29164959
29170627
29184483
29326587
29344006
29456664
29472538
29481474
29482000
29520110
29599503
29634586
29641990
29654189
29751548
29782855
29845424
29896413
29932788
30025863
30034392
30038413
30050113
30109767
30142192
30252960
30266498
30303525
30332739
30358442
30363984
30369061
30375383
30401942
30407865
30452948
30453545
30483749
30509303
30614229
30618185
30669676
30680006
30706385
30709655
30737378
30796006
30806031
30818224
30841579
30846681
30909413
30916359
30926862
30958531
31009642
31022463
31024248
31032867
31056842
31108155
31191307
31254352
31281447
31312074
31324142
31400937
31465536
31473194
31493239
31512115
31524278
31545224
31545402
31627491
31630802
31713888
31727867
31746362
31796106
31799598
31805977
31836675
31864766
31950542
31988453
31993801
32103894
32110804
32127777
32145408
32160709
32199975
32239566
32269608
32292495
32335896
32367603
32415988
32469696
32637573
32643879
32698523
32758486
32777446
32847971
32866518
32913546
33164209
33209977
33216461
33235333
33267897
33310041
33325150
33369138
33415668
33498747
33510050
33614251
33629464
33630168
33652374
33668324
33718133
33725236
33741723
33750441
33797132
33802405
33849645
33907245
33926524
33986954
34027048
34077868
34105828
34111829
34242623
34253688
34314854
34369292
34369509
34403101
34423867
34586697
34655688
34662251
34676033
34722210
34890513
34903606
34914969
34974051
34979835
35018231
35047050
35055045
35060363
35084460
35143520
35260183
35263606
35286011
35475037
35494464
35499365
35574586
35576810
35608750
35611803
35622272
35753429
35764883
35789977
35794812
35877665
35892859
35902549
35916536
35926274
35974388
35981056
35981887
36012370
36070969
36107384
36173315
36222945
36240996
36255639
36257688
36262388
36265406
36267089
36269541
36374790
36400181
36401579
36408590
36622073
36640195
36793108
36849955
36859770
36968022
37021908
37046620
37074817
37076890
37160584
37163306
37205635
37230466
37248230
37291337
37306006
37312162
37345209
37401867
37429454
37488358
37495623
37507403
37528657
37543278
37563109
37593015
37598220
37716965
37797690
37806058
37921375
37949308
38008034
38028583
38048978
38056200
38059332
38087046
38105511
38125349
38134358
38143381
38240850
38253639
38334013
38354035
38358584
38375511
38395201
38413797
38444939
38491171
38518654
38595289
38645677
38753158
38793560
38804602
38815686
38822351
38835191
38869375
38874468
38918851
39027246
39037973
39063083
39070057
39098591
39147759
39170824
39192337
39224519
39243399
39258325
39313115
39357831
39372775
39471666
39479811
39566266
39583632
39604351
39619613
39682714
39747742
39755172
39832064
39861822
39870585
39875048
39927772
39928532
39950833
39957695
39995119
40021665
40049049
40050614
40062365
40065544
40078459
