10748098
11018260
12578979
12641737
14668799
16221676
16822951
17258370
17949687
18216015
18292392
18632988
18946175
19071119
19124542
19328241
19351956
19920351
20042720
20378760
20413433
21642422
21953612
21954104
22243740
22301920
22360269
22648949
22692128
22914591
22933299
22983445
23252603
23424201
23867755
24092570
24120667
24191246
24207022
24209626
24301067
24594363
24706304
24732133
24920159
25011668
25129440
25158672
25174744
25271055
25452308
25512013
25531695
25997799
26032075
26061431
26131280
26157139
26357899
26433268
26443543
26471090
26647181
26704363
26704971
26747087
26993777
27177225
27212032
27246208
27572323
27614433
27931227
28029254
28230854
28235630
28332716
28343149
28414307
28440397
28472784
28505206
28917297
28957664
29109977
29223407
29229738
29326587
29339432
29396145
29447134
29508277
29522762
29620443
29633255
29907596
30013077
30091005
30151243
30483749
30672184
30738045
30843886
30851335
30906439
30910408
30962285
31002870
31052182
31255170
31354789
31565858
31690832
31696766
32050699
32311345
32485181
32519437
32612176
32714604
32715940
33000885
33148508
33166591
33360932
33377659
33380803
33411316
33414476
33419772
33421591
33673279
33772088
34000432
34021541
34097993
34125448
34178647
34656705
34841436
34990588
35022732
35087146
35265200
35316648
35396379
35472557
35574707
35900603
35998371
36075570
36102738
36124413
36156247
36175163
36183679
36257380
36263180
36267769
36910848
37002470
37400677
37415735
37498654
37520700
37589886
37667300
37742129
37777035
38079211
38102691
38173411
38206179
38411349
38461415
38681576
38776988
38999998
39127342
39151879
39190549
39243916
39304061
39659899
39875704
40112929
