9464271
9501169
10393429
10491319
10575214
10809664
10944117
11466315
11470869
11804585
11931768
12370291
12628926
12853483
12972430
15043985
15169878
15561719
15583844
15805470
16129885
16371367
16533812
16712523
16730330
16849648
16982804
17007107
17244530
17635519
17694085
17849419
18241676
18309295
18367159
18542060
18619497
18625706
18769117
18787408
18789002
19032343
19121623
19204783
19341714
19349466
19350613
19430493
19637353
19952854
20049841
20200160
20417177
20473547
20563766
20636436
20691163
20731616
21030595
21059642
21075309
21173110
21177250
21228185
21289184
21314984
21324898
21346816
21521655
21624135
21695276
21808063
21884971
21884981
21900149
22002311
22230954
22347433
22395468
22561686
22570481
22590724
22613758
22647876
22802645
22890609
23073827
23079660
23292142
23297220
23402757
23506836
23575859
23627572
23639777
23729004
23798429
23867991
23905631
23921131
24010878
24062260
24268577
24286308
24286324
24324066
24419085
24594842
24618901
24760274
24811789
24865773
24922625
24982244
25056306
25088465
25161285
25196196
25261965
25305081
25380050
25467131
25521755
25548579
25592718
25644061
25666992
25678599
25750266
25892518
25911107
25915022
25973054
25983734
25991668
25997740
26077467
26126538
26211746
26293611
26356530
26388957
26395281
26432290
26539968
26542778
26704017
26712002
26712006
26745602
26776516
26832331
26859354
26918727
27031333
27065869
27068467
27177472
27246206
27248326
27279370
27288453
27326936
27462923
27522258
27542279
27573569
27651463
27709267
27729849
27733359
27764807
27864346
27866836
27904654
27924874
27956629
27965534
27991918
28062671
28074065
28089218
28094813
28106794
28170378
28188262
28293439
28300292
28338101
28462918
28490812
28533215
28697498
28733645
28771976
28819194
28840938
28860191
28864822
28890149
28916805
28923385
28928640
28935703
28943357
28957873
29035278
29088860
29211617
29212474
29245911
29262547
29334665
29376873
29449454
29464997
29481474
29484387
29523594
29555935
29558042
29634312
29665367
29680858
29689264
29703924
29736733
29757434
29774080
29776446
29802126
29861165
29977916
30019025
30034549
30044204
30053564
30066852
30127218
30171982
30179749
30184502
30317579
30317681
30347434
30378138
30397132
30402512
30428023
30429652
30459282
30463906
30517863
30583572
30618185
30626694
30626716
30657451
30670333
30775317
30804042
30824609
30906786
30912164
30996783
31000586
31025088
31054509
31097476
31101061
31142847
31192452
31268609
31302139
31358320
31362948
31387873
31390528
31391414
31430896
31481898
31498540
31561534
31597362
31669733
31692090
31693860
31701491
31757939
31844300
31858687
31858814
31883490
31883511
31914678
31915197
31930541
31949131
31988453
32024543
32060229
32107550
32142834
32152128
32163814
32190700
32277440
32374402
32395570
32398667
32404892
32411606
32421493
32441763
32455774
32467224
32513988
32527949
32592806
32655129
32679145
32686908
32731255
32749115
32760002
32803489
32840532
32841218
32863951
32900932
32934224
32958744
32961570
32966974
32971093
32971411
32982168
32999044
33017618
33048450
33067876
33123128
33143661
33178617
33203425
33293505
33298132
33299646
33311522
33312721
33335670
33359392
33414413
33454009
33462516
33529911
33549119
33602824
33620678
33634377
33637528
33639591
33667999
33727043
33755722
33756273
33795998
33909924
33939832
33982231
34111442
34120025
34146461
34148362
34244427
34284078
34339713
34354990
34398198
34427099
34481934
34497374
34520758
34658308
34698870
34717237
34758400
34764819
34765514
34772407
34780724
34857762
34918039
34936297
34972530
34980138
34981019
34991620
35025075
35025700
35110603
35126526
35158730
35178888
35187863
35251047
35306425
35320455
35371279
35414011
35468964
35484920
35619945
35641805
35709754
35722872
35765155
35810999
35876658
35947794
35981887
36046456
36175803
36201274
36218239
36266728
36345150
36397300
36499148
36518188
36602872
36640904
36656870
36745702
36794012
36801398
36846090
36894687
36898011
36920044
36930718
36931496
36995068
36997050
37030059
37048093
37072432
37171575
37244125
37311416
37322264
37327970
37345556
37382436
37404376
37414914
37415101
37423931
37455638
37466915
37475799
37513880
37539293
37572669
37591442
37608752
37655754
37660352
37666082
37674539
37698830
37700429
37721401
37735154
37735473
37741229
37751740
37752418
37788331
37802020
37865047
37886504
37890360
37937774
37944681
37977544
37992458
38034086
38094462
38140000
38151197
38159175
38164847
38176919
38218010
38229760
38244157
38322347
38430456
38446877
38588421
38589547
38641373
38679196
38715787
38746349
38755146
38757181
38766057
38782893
38789434
38805168
38809951
38837887
38838144
38841423
38843356
38873766
38892038
38903915
38984942
38989157
38997746
39019716
39031090
39045886
39047608
39047730
39050859
39059479
39079624
39088352
39098678
39107280
39117798
39143689
39167605
39191338
39198723
39211129
39216772
39261913
39277018
39287372
39287437
39331726
39347955
39388266
39391308
39396403
39448421
39499531
39505146
39513228
39524785
39656097
39663332
39710831
39738540
39744685
39764880
39802703
39803453
39825365
39832202
39847509
39864688
39938455
39938798
39945346
39976862
39978120
39985345
40006729
40009679
40054811
40097842
