10487761
10523670
11304536
11470791
11474199
11504882
12032081
12641737
12663674
12709441
15036687
15467736
15537533
15767461
16293940
17145876
17559812
17873280
17949687
18045992
18250163
18489729
18498087
18614528
18632985
18780762
18820298
18850004
19013255
19071119
19115247
19131628
19389706
19509297
19672313
19888759
20034059
20097749
20116378
20383178
20506506
20691407
20843176
20846395
21118993
21324893
21464227
21554860
21571862
21773810
21917920
21953612
22042619
22360269
22389387
22466704
22648949
22658415
22753018
22826225
23063464
23141539
23149916
23169640
23188045
23236169
23252603
23271793
23434587
23456936
23480850
23550098
23652597
23747726
23941879
24023888
24075665
24079712
24086512
24216484
24278330
24302884
24308964
24349558
24460257
24579951
24663010
24715439
24768298
24896240
24900734
24905014
24934156
24944198
25103231
25193329
25205686
25265947
25395162
25447540
25472719
25475100
25504437
25529628
25557107
25685691
25728750
25748626
25752481
25759639
25854767
25871743
25873202
25903105
26074448
26161557
26206152
26272629
26414199
26437241
26441331
26455434
26540094
26619800
26732138
26759025
27054781
27106144
27150631
27182943
27196750
27239042
27246207
27295551
27320207
27333946
27466189
27488535
27660204
27661135
27766571
27785754
27884425
28093566
28127553
28154524
28157489
28177888
28319066
28336812
28342984
28471397
28548935
28635037
28677757
28688716
28743754
28776259
28849081
28884332
29039602
29109977
29256967
29472596
29477142
29529137
29544022
29614314
29800227
29845301
29886060
29893594
29917181
30057418
30068332
30094957
30106218
30121575
30131570
30134825
30145794
30155966
30195792
30208931
30226605
30272277
30284520
30315623
30319457
30427927
30503143
30587671
30643696
30661366
30684894
30742020
30787615
30788946
30843886
30848064
30867818
30963560
30968599
31009659
31028063
31040226
31066043
31078585
31222836
31242129
31248594
31273193
31320633
31492495
31588631
31595884
31618641
31696766
31703394
31708743
31742248
31784580
31817742
31846720
31914654
31923455
31947925
31960421
31968660
32000889
32153359
32158233
32236769
32354322
32432407
32453574
32519437
32592806
32694866
32726753
32780359
32783961
32818796
33080273
33099316
33116874
33148508
33215410
33232741
33276563
33297600
33400954
33416147
33461610
33537682
33542203
33590335
33611674
33691773
33724469
33767916
33840739
33845782
33859551
33864612
33966634
33976387
33999989
34057022
34118928
34119632
34150044
34276308
34326647
34339801
34359722
34369661
34462830
34526481
34550356
34605906
34832949
34853524
34980076
35070761
35091534
35141965
35142084
35158201
35169129
35170869
35211755
35242053
35312836
35369902
35392987
35404896
35408999
35439761
35554780
35602496
35637410
35729156
35732117
35780770
35792020
35814270
35836883
35840562
35847036
35854140
35864951
35928746
36002666
36028735
36076547
36087562
36095956
36098485
36150380
36234785
36255627
36301023
36331820
36544821
36613534
36628205
36644540
36762207
36806965
36812872
36859315
36877841
36999421
37010483
37013891
37020696
37023940
37041276
37052456
37068338
37096653
37149664
37261502
37400747
37414410
37446153
37553012
37559436
37640194
37711168
37727811
37739049
37769062
37843550
37922559
37947639
38031987
38045244
38057370
38095017
38167120
38199310
38217540
38254955
38281192
38297362
38326336
38467717
38478029
38479721
38578832
38657041
38663474
38668845
38743613
38760744
38782158
38799986
38874468
38879481
39050159
39065718
39073525
39198677
39254519
39281832
39295955
39326322
39375302
39481602
39539173
39581920
39598328
39662718
39705143
39732306
39745887
39766786
39806528
39850265
39878815
39895575
39921539
39927774
39981903
40066659
40103178
