11535832
12054582
12706107
17101791
18480421
19879272
20413433
20525065
20525066
20636436
20947501
21953612
22032556
22306652
22776031
23449258
23671795
23784969
23828597
24101673
24427341
24650256
25388417
25760078
25793404
25873389
26093197
26347468
26380023
26483211
26621503
26721262
26865248
26992905
27033599
27100479
27240213
27246212
27312341
27333946
27434014
27494404
27642596
27799148
27833022
28145521
28220539
28267394
28436693
28572913
28669958
28733598
28783689
28975602
29520069
29651704
29691366
29713186
29936177
30031609
30186385
30565168
30656483
30674723
30679521
30715128
30887246
30919159
31078148
31099456
31320610
31354789
31365693
31451695
31500558
31659325
31712770
31904179
31907648
31922233
31974610
32223145
32277440
32284067
32402768
32461635
32554611
32585591
32620134
32677473
32702412
32715940
32853095
32945466
32961570
32977608
33042272
33079409
33513699
33584204
33693951
33869307
33963859
34006836
34175397
34290714
34424139
34764804
34823425
34872444
34906623
34935488
35116547
35201422
35203583
35239708
35250927
35592642
35710300
35714152
35894849
35897045
35927544
36004468
36078104
36322813
36358336
36821782
36857949
37230975
37250142
37324938
37625608
37690046
37748211
37818566
37869960
37942644
38053201
38093179
38218381
38321909
38421101
38491522
38528189
38669967
38672510
38765789
38920983
38940872
38967258
39021502
39088948
39302542
39698913
39833449
39939701
40002674
