1334253
1370501
1370768
1386343
1412934
1467788
1531136
1531960
1535333
1616943
1719465
1720571
1788509
1827664
1833076
1836544
1837206
1837217
1837534
1889684
1976230
2148475
2533227
2680901
2692563
2981896
3070389
3265677
3279116
5603315
5981283
5981284
7500831
7534016
7542257
7545374
7554499
7555716
7556452
7556648
7565584
7590606
7590618
7608139
7611461
7629381
7640453
7641817
7649790
7678533
7679901
7683618
7720585
7731718
7744374
7747995
7748783
7756992
7822285
7862451
7866434
7869590
7895151
7961992
8062221
8062829
8077049
8104462
8117273
8163548
8165564
8165566
8165832
8175699
8183564
8208549
8253265
8302589
8302603
8347597
8349603
8360254
8380733
8380735
8380737
8380738
8380739
8380740
8380741
8380742
8380743
8380744
8380745
8380919
8385239
8385241
8405677
8422543
8422544
8422545
8422546
8422547
8422548
8422549
8527900
8527903
8532715
8570207
8573112
8576580
8578595
8601419
8601590
8602860
8623236
8631159
8639257
8647632
8662798
8682590
8702427
8719877
8753370
8760601
8764230
8786175
8853431
8860660
8873773
8886986
8918464
8930021
8936993
8947043
8952317
8954728
8957065
8997394
9008328
9010033
9010472
9012785
9045942
9070247
9094433
9102306
9125730
9135079
9221809
9223667
9227267
9240448
9244408
9247333
9271668
9275531
9281366
9352114
9365519
9365521
9367820
9403566
9405310
9407027
9412656
9414451
9426201
9439642
9440692
9443912
9444958
9450538
9457467
9458319
9471475
9473336
9473690
9477330
9479623
9509309
9524762
9524765
9524767
9524769
9524770
9524772
9524773
9524774
9540971
9542659
9543179
9546344
9569039
9570740
9583349
9617322
9617441
9625824
9634946
9641168
9644763
9647782
9648913
9660257
9660480
9665815
9678607
9694510
9695731
9697873
9707175
9730144
9740609
9759374
9764829
9767528
9772281
9777710
9777945
9788258
9789329
9792464
9794909
9798673
9804260
9815967
9817523
9825897
9843777
9844139
9846810
9856833
9868302
9881707
9886295
9927158
10022739
10074906
10079225
10192796
10195568
10219907
10220746
10223185
10329045
10356543
10362361
10381371
10389763
10399964
10425198
10430176
10430367
10470094
10476782
10476908
10487611
10498872
10502410
10504466
10508482
10515437
10518504
10521801
10567320
10571413
10572104
10576502
10588883
10589808
10593866
10600235
10603302
10629560
10633078
10635980
10639617
10641789
10646779
10662507
10673746
10674388
10685632
10699931
10702398
10702399
10716612
10725250
10732770
10734310
10752688
10753438
10753869
10762618
10771688
10775840
10777703
10807402
10813189
10816614
10819474
10825239
10832594
10849094
10873600
10875891
10878450
10907122
10928998
10944610
10965088
10967068
10970810
10985963
11005571
11021210
11026258
11029614
11032833
11033029
11053031
11054808
11056016
11095971
11106926
11112425
11118060
11118451
11120758
11164712
11168514
11239771
11254878
11258464
11259105
11292600
11313945
11329134
11341767
11375907
11388419
11399647
11416216
11426944
11436357
11446769
11477552
11478803
11506966
11508578
11509947
11519823
11525273
11557528
11572935
11578019
11593357
11597120
11678646
11729097
11733063
11745410
11746672
11748645
11766356
11779153
11779195
11798188
11803465
11819485
11821989
11827067
11829525
11832492
11842942
11854908
11864613
11900489
11932952
11956329
11976737
11977584
11981563
11984946
12006644
12042032
12051906
12061140
12064460
12076276
12106690
12114654
12118367
12124772
12136432
12151533
12163028
12168776
12198770
12201209
12237111
12244132
12356817
12368906
12386291
12388161
12407445
12445825
12456016
12464636
12473536
12479984
12482909
12485843
12499930
12500176
12500177
12503114
12518391
12519121
12520544
12527708
12529966
12533838
12536083
12542830
12556381
12569082
12573464
12586590
12591328
12591478
12594808
12595276
12595309
12601028
12613501
12637990
12645668
12645900
12691160
12709413
12728249
12784998
12807719
12817761
12824898
12837037
12845672
12865405
12883672
12918110
12919890
12955882
12983366
12996466
13028293
13056638
13107530
13116841
13120878
13121048
13130665
13207379
13283054
13435710
13463225
13547320
14349578
14517207
14519594
14523898
14559181
14560616
14600031
14602140
14617781
14627990
14630698
14633723
14635512
14647442
14662118
14665430
14675313
14697335
14701703
14761880
14960804
14965340
14970860
14973553
14983012
14984318
14996914
15002602
15017381
15033702
15041826
15042617
15059978
15061664
15072590
15118756
15122328
15149317
15149635
15153617
15161915
15167892
15171368
15172968
15180586
15192042
15197407
15221943
15229174
15230691
15230692
15240106
15254691
15264243
15269987
15288476
15293345
15312347
15312691
15326485
15337340
15337781
15339794
15341989
15385963
15452053
15468059
15480739
15492846
15526350
15548598
15555922
15559622
15580170
15585262
15590419
15608673
15629435
15665032
15670492
15678502
15686627
15712383
15717924
15718506
15720819
15724248
15726641
15735664
15748432
15760460
15765978
15772690
15777506
15779147
15782129
15796042
15821103
15826299
15856015
15860217
15875782
15878756
15882257
15882298
15905856
15913806
15915498
15918987
15942139
15963637
15978816
16081063
16106403
16116166
16130275
16146767
16149467
16189274
16211585
16215993
16247031
16251021
16258259
16270396
16288983
16289895
16303922
16304052
16407846
16421510
16449979
16466829
16469408
16469527
16476577
16498238
16523909
16530761
16557597
16618788
16620780
16621453
16627068
16648972
16684952
16697971
16709175
16710352
16723436
16728464
16736998
16740060
16757549
16790083
16807517
16839638
16840440
16856909
16861072
16870139
16885537
16898227
16951184
16958060
16977794
17006643
17032116
17046752
17124385
17138824
17158954
17167976
17179234
17204543
17214965
17216187
17223129
17244893
17258200
17261188
17294746
17299990
17312501
17322284
17344479
17369861
17372907
17382307
17384262
17395903
17396032
17428964
17466941
17534699
17545596
17583691
17593080
17595766
17598453
17626784
17667909
17672890
17682865
17688880
17709889
17726293
17764530
17870532
17872495
17884290
17888399
17923118
17935811
17942284
17961621
17967179
17969361
17975841
17981628
17981681
17981731
17996483
18032545
18046454
18053801
18059365
18063891
18096875
18174191
18187039
18198349
18215136
18231911
18251163
18288214
18312940
18355439
18365869
18386047
18396786
18424072
18480548
18485891
18495274
18501120
18505893
18508717
18560414
18564920
18613405
18632202
18646602
18664639
18689603
18774952
18781954
18784816
18795698
18812567
18813782
18816607
18822206
18844210
18941460
19003131
19032678
19060265
19075511
19098908
19125958
19135973
19151759
19159612
19184289
19188684
19193779
19234748
19281453
19301208
19303398
19321255
19341507
19347810
19357348
19391129
19393645
19397476
19415747
19434765
19447220
19470725
19515904
19535512
19576567
19577663
19578789
19589612
19595710
19614922
19615360
19628037
19638428
19661350
19808973
19817696
19834131
19853606
19853659
19910109
19921488
19941340
19961885
20007454
20021260
20021363
20029653
20033752
20061536
20061986
20070396
20071691
20072693
20104519
20143305
20157762
20160093
20197308
20206988
20215403
20222723
20303741
20357818
20385211
20442248
20442310
20466058
20473907
20488537
20508974
20536384
20551596
20554918
20558345
20568106
20575593
20580899
20596656
20655987
20661229
20670691
20677010
20703323
20714284
20716641
20726333
20809501
20814222
20830759
20835261
20841608
20850432
20852387
20872950
20883426
20889201
20952508
20960760
21040934
21075102
21076937
21091638
21094130
21098338
21105966
21131364
21134835
21146749
21147098
21165643
21168200
21190524
21220474
21251050
21283737
21284996
21292466
21292498
21293003
21321190
21327916
21347565
21360304
21364031
21382341
21423210
21427651
21447729
21459729
21504235
21548996
21586278
21595927
21604493
21609022
21631393
21643626
21650050
21658389
21658720
21679239
21703184
21709616
21748667
21775482
21777195
21779788
21782801
21806057
21830426
21843593
21847116
21897747
21920521
21922134
21931759
21945764
21946856
21973114
21992464
22035268
22071625
22085542
22124844
22127603
22136730
22146948
22172411
22203985
22242160
22245998
22252121
22269210
22282252
22286923
22310878
22383739
22426494
22427375
22476563
22480414
22506988
22521434
22525273
22530990
22551933
22570218
22592212
22623728
22629409
22689693
22690849
22713485
22718393
22719942
22730814
22740630
22744972
22763439
22783404
22789825
22802413
22829713
22850551
22906984
22911543
22927965
22934600
22935325
22962472
22962849
22970283
22971619
23028692
23035711
23045285
23049908
23064365
23064758
23094709
23123275
23148778
23157548
23173910
23196477
23206615
23212923
23224784
23233163
23270462
23296269
23314853
23320110
23320251
23333744
23334786
23359207
23388504
23404631
23438512
23453860
23484149
23495770
23499762
23532910
23533466
23536720
23537747
23549785
23554631
23576023
23578062
23583448
23584443
23606971
23607294
23618858
23618918
23632198
23652468
23667593
23675430
23690929
23701640
23722408
23723997
23749170
23825437
23840329
23840657
23851271
23886856
23898085
23901039
23934122
23934123
23946654
23951486
23954444
23966791
24012221
24012497
24018067
24023510
24023761
24025166
24034993
24055447
24081687
24099107
24100611
24105670
24126105
24137203
24137336
24142532
24160245
24167653
24177224
24188107
24188213
24190239
24218051
24223113
24254555
24258345
24297483
24302189
24327602
24366484
24371262
24378092
24392874
24412205
24434899
24469707
24490163
24502539
24517345
24518591
24535868
24551032
24562934
24618323
24626561
24634221
24634942
24648895
24663077
24665413
24766640
24766643
24772104
24782653
24803406
24828661
24851274
24858137
24859116
24865428
24867356
24875027
24887242
24909849
24914814
24930887
24952592
24953371
24956865
24959005
24959084
24963356
24965570
24969882
24970050
24975581
24983493
25057499
25057941
25072025
25116684
25119536
25130970
25198505
25212607
25217525
25231402
25244939
25249767
25253431
25257141
25276829
25323938
25338771
25339500
25342043
25346127
25354395
25362352
25380300
25381264
25382190
25385280
25436000
25447308
25464847
25482018
25490933
25503558
25522765
25534569
25539852
25553470
25593982
25610321
25643632
25660117
25662495
25668102
25685159
25727320
25727843
25736907
25738887
25762344
25775951
25794904
25806180
25816892
25868725
25884729
25898827
25905717
25906153
25908849
25910030
25913693
25933295
25936889
25946048
25948211
25952648
25952685
25967746
25969653
25971889
26000320
26001768
26025956
26033355
26041563
26045672
26052252
26062519
26063323
26084015
26090722
26097553
26099836
26108037
26116550
26122834
26135603
26141862
26146811
26148348
26165838
26191485
26194009
26210452
26239146
26252654
26254225
26259977
26290021
26296757
26310485
26317169
26332121
26381016
26381405
26406104
26413995
26435753
26445298
26452771
26466964
26496080
26507644
26531163
26538296
26561593
26567452
26667487
26674641
26676905
26694987
26697215
26702356
26712116
26739889
26779287
26822708
26851630
26853514
26864936
26875548
26876216
26889658
26893768
26919096
26934743
26957017
27001313
27057357
27068941
27072686
27077227
27121052
27130674
27139908
27147579
27170665
27175600
27299574
27370607
27377850
27401557
27423905
27434585
27468961
27489582
27525306
27526674
27533117
27562622
27566180
27610241
27683052
27703380
27706656
27752816
27753513
27785366
27818495
27833804
27864331
27893712
27904666
27917866
27922052
27922668
27923392
27936052
27941320
27982133
28075467
28076931
28138035
28151481
28164089
28209091
28216143
28220125
28243116
28243120
28245809
28253717
28258248
28306033
28314274
28325853
28336955
28336956
28339025
28341789
28358369
28429746
28440510
28445144
28445365
28459804
28472534
28475121
28536396
28536400
28536401
28536404
28536405
28548070
28548071
28548072
28548074
28548075
28548076
28553955
28554854
28559461
28587113
28588734
28621236
28627727
28653669
28696366
28717459
28738343
28766361
28780159
28788083
28802255
28819999
28826691
28829835
28830652
28842595
28888686
28895412
28968967
28969681
28983602
29017538
29035637
29058790
29069737
29079780
29099290
29100344
29115510
29140428
29203124
29210059
29228696
29229125
29231907
29238047
29253515
29272787
29337876
29343699
29355494
29363547
29377496
29396852
29408570
29416603
29435059
29442198
29455657
29462806
29463284
29490341
29499193
29510550
29557914
29558956
29568363
29596781
29664235
29672588
29718063
29735799
29771943
29781036
29787588
29844434
29855336
29890304
29893934
29917165
29932234
29939324
29943841
29946484
29993037
29996622
30004628
30010249
30056064
30069449
30089804
30090230
30094412
30103949
30108016
30108175
30134579
30136190
30155985
30158543
30158635
30174328
30186533
30214428
30216802
30309648
30314527
30318169
30320342
30322054
30344691
30352967
30360560
30370177
30370662
30374460
30404949
30441809
30458591
30513872
30514177
30518672
30536302
30536581
30542465
30544501
30550211
30551376
30569179
30592626
30631034
30636579
30644548
30650495
30658864
30662594
30684191
30692872
30697920
30729951
30761258
30786811
30816491
30845150
30863626
30886866
30897285
30898885
30924490
30929159
31024074
31096000
31097203
31097204
31104010
31115492
31116909
31121879
31126298
31130723
31149143
31161784
31196968
31200059
31212972
31254927
31283912
31287821
31350657
31356563
31367190
31376938
31414268
31440058
31441380
31452933
31512514
31555539
31590238
31615815
31621900
31662522
31706116
31781338
31781561
31807006
31851933
31852353
31881656
31895808
31904616
31910350
31920638
31933903
31940827
31949706
31954718
31994979
32041944
32068091
32083078
32117721
32117981
32143478
32155364
32166604
32197426
32200404
32203220
32204446
32206115
32245503
32258116
32270431
32273721
32320127
32348173
32377724
32416690
32428505
32435640
32471962
32521918
32522589
32539223
32556102
32556674
32595785
32607415
32626713
32630328
32642717
32719547
32719548
32722178
32736659
32746905
32747750
32780756
32782528
32788873
32793700
32795289
32799870
32800944
32818116
32823931
32827692
32867602
32875492
32921552
32943844
32946618
32974185
32983173
32995116
32996054
33039386
33061433
33066121
33072555
33075668
33087321
33114380
33121208
33123991
33125120
33155201
33195182
33198383
33212946
33233528
33244265
33271944
33301375
33353116
33425885
33451139
33455972
33461297
33493531
33497758
33500715
33511065
33564620
33635004
33639217
33648801
33658044
33670243
33675999
33705609
33718248
33726499
33738970
33747095
33751856
33760164
33785936
33793358
33797312
33834037
33860789
33907848
33917539
33955799
33972651
33976695
34016572
34017448
34066892
34123781
34145400
34165951
34179015
34183949
34190691
34199452
34200459
34261467
34278495
34298732
34363605
34373466
34378358
34383876
34391780
34408780
34435890
34457228
34475057
34486197
34502141
34526445
34536514
34539876
34569818
34671470
34681875
34685551
34748934
34771620
34771724
34780743
34781148
34789086
34819402
34853656
34854998
34902246
34906135
34925346
34930225
34952869
34957110
34976187
35004859
35013115
35081970
35089464
35093804
35114998
35124365
35180125
35195773
35204839
35227290
35281743
35348758
35366545
35370682
35419590
35422866
35422931
35434974
35449152
35568918
35579772
35582373
35630066
35669512
35675576
35680840
35693705
35721345
35723810
35778602
35802495
35805126
35864504
35867025
35869872
35889092
35903536
35968938
35986321
36007867
36030968
36068644
36109787
36122781
36145603
36172902
36174555
36175465
36176729
36182093
36205124
36212453
36227576
36232122
36251346
36259314
36338759
36359733
36371988
36387562
36405055
36497083
36510636
36538176
36573461
36586496
36598356
36614199
36627004
36636782
36683507
36708441
36799689
36823441
36826582
36834782
36842767
36933378
36943063
36975520
36993315
37061723
37075136
37162666
37183948
37265438
37285749
37345079
37354984
37367059
37409941
37429874
37460872
37461623
37483113
37500798
37504277
37509533
37547131
37550007
37642183
37684411
37756146
37793560
37818074
37844446
37883762
37887325
37926332
37939094
37957870
37973952
37981065
37985931
38023701
38043723
38056156
38072402
38164089
38178184
38206928
38212428
38269272
38304814
38307791
38336745
38364458
38389786
38442547
38473413
38485737
38495649
38605010
38629372
38654922
38676400
38756586
38766356
38791500
38815722
38882007
38895378
38918984
38935609
39000441
39002784
39049677
39058749
39167646
39170483
39201787
39216686
39234273
39297318
39307751
39348986
39363292
39397450
39409898
39415900
39457044
39479394
39488714
39552932
39563422
39610526
39691765
39705305
39723905
39751636
39792166
39793641
39800475
39802634
39838598
39853766
39856684
39919409
39981519
40006411
40025174
40041965
40072405
40076928
