63373
77055
83025
84411
90060
91170
91219
93026
93282
93796
93797
94706
137597
146925
278998
282620
287067
310125
356051
358729
473356
480486
511160
538825
552938
601846
643855
673828
699957
709593
730169
730170
734743
752497
846701
889587
919796
919797
924539
1025818
1203939
1251439
1272392
1283748
1317015
1350870
1353477
1364975
1385373
1464554
1481202
1589035
1671666
1672123
1691230
1695395
1701168
1713409
1926359
1926529
1944739
1950645
1977680
1979875
1980160
2000377
2019116
2057716
2088481
2152019
2189736
2228047
2426907
2431514
2440801
2461903
2462591
2481593
2568338
2583224
2650215
2665937
2666813
2705241
2714852
2715979
2741166
2763506
2777338
2792489
2813433
2841643
2858760
2883113
2897792
2908510
2955573
3001712
3011632
3013813
3054252
3091712
3158099
3252430
3274633
3274841
3283236
3286582
3460268
3460331
3461893
3477527
3479750
3492838
3498440
3733208
3760563
3863359
3863816
3869877
3871424
3917284
6085058
6094960
6137649
6165999
6181038
6187013
6193088
6197424
6210236
6327536
6333424
6339936
6367774
6377075
6416783
6454280
6455396
6572621
6574616
6581653
6586008
6597332
6598514
6605905
6608913
6785965
6806937
6806938
6806939
6911137
6919388
6930337
6957374
6958639
6974159
6976390
6985212
7000762
7034534
7038984
7050716
7193647
7216322
7266480
7268900
7314067
7401381
7444379
7444380
7482511
7517915
7521976
7524186
7532677
7543776
7558929
7591872
7605780
7638858
7650366
7666396
7681814
7691718
7691734
7698817
7716543
7743181
7747590
7751163
7751638
7759130
7761979
7792765
7797264
7819142
7826137
7839346
7842529
7846047
7871521
7871530
7878657
7891730
7897214
7901282
7903491
7907762
7908064
7908465
7910590
7961560
8016085
8046332
8046333
8106270
8108881
8145038
8146859
8155602
8193569
8204347
8204903
8206526
8213969
8225441
8274743
8276469
8307788
8367462
8438279
8454208
8537112
8537116
8550101
8550106
8560446
8590548
8610358
8624811
8655357
8740766
8743295
8757948
8760827
8769479
8777725
8795144
8795146
8795148
8803534
8813735
8813736
8813741
8838352
8838356
8843876
8847228
8851728
8851729
8855291
8858286
8871631
8879234
8881033
8884339
8896172
8897608
8913654
8929712
8941327
8942075
8952961
8960910
8981922
8988545
8988546
9002446
9008312
9008315
9027969
9028546
9029102
9041786
9045932
9071023
9072006
9084804
9089095
9090002
9098933
9098940
9110928
9127143
9129972
9144467
9144523
9151388
9153558
9164941
9174142
9174150
9174154
9174155
9177776
9189221
9211752
9234490
9243753
9243757
9243761
9243763
9252123
9271831
9328792
9331945
9331947
9331948
9331954
9331955
9349618
9349620
9349624
9356041
9366414
9382929
9435344
9448031
9455497
9462176
9550331
9551902
9553160
9568801
9583805
9583813
9587742
9601944
9620914
9634472
9634482
9634500
9672152
9680137
9694251
9694354
9694362
9708421
9709196
9710228
9712356
9714480
9753343
9756406
9756408
9756409
9796857
9802606
9839551
9864030
9864040
9864041
9864187
9878435
9887352
9935159
9949944
9951811
10027785
10079292
10090611
10090614
10090615
10090621
10203015
10203017
10203021
10205273
10319616
10321954
10323342
10323345
10332211
10357388
10363989
10372543
10394052
10395101
10395111
10405941
10440244
10473091
10488752
10501844
10513667
10513813
10519372
10532548
10668965
10674970
10674978
10703602
10703610
10703615
10703617
10703618
10746794
10746795
10748881
10754307
10759778
10773349
10777103
10795827
10823832
10824408
10837522
10852387
10852391
10852392
10885568
10885570
10912510
10954160
10970102
10975842
10980349
10991760
11019922
11019923
11019924
11019925
11034563
11069086
11098929
11098936
11098938
11098939
11118029
11132148
11144290
11144296
11144297
11144298
11163085
11169263
11169264
11182229
11212166
11237810
11241274
11243241
11260514
11260516
11261929
11285130
11295475
11380943
11380950
11380951
11380953
11390038
11390040
11426025
11485622
11511817
11528504
11529916
11556970
11556971
11556973
11556974
11556975
11556976
11556977
11580853
11580855
11580856
11600222
11673303
11703824
11703826
11703827
11703832
11782279
11796635
11840459
11844147
11844148
11862397
11862403
11875033
11888582
11929593
11943262
11972884
12010826
12023403
12028538
12028544
12028545
12028546
12028547
12042320
12074714
12074716
12095703
12117677
12134147
12135437
12135438
12135439
12144620
12144628
12144629
12144630
12209364
12244206
12358855
12366789
12366790
12376754
12392514
12428239
12438586
12445310
12472663
12492815
12507825
12513748
12558815
12559623
12591737
12618907
12622774
12622780
12622781
12622782
12632458
12648281
12648285
12651070
12694576
12734905
12744741
12750360
12768035
12827665
12859596
12883350
12944976
12956878
12956882
14518277
14530653
14551603
14617040
14617052
14628741
14634146
14651530
14673570
14675390
14730240
14969773
14981767
14989719
15009810
15014000
15016610
15024131
15104676
15104681
15113903
15140036
15140039
15140040
15140041
15167284
15191523
15191531
15194283
15220037
15304009
15361129
15361131
15386946
15494511
15496205
15496207
15564887
15585327
15592417
15607813
15641063
15657948
15663750
15713219
15713220
15713221
15728986
15730521
15730522
15730523
15743917
15784466
15816891
15853905
15853906
15853908
15854279
15896200
15896207
15896210
15902698
15935892
15952117
15972670
15982260
16029430
16029431
16029438
16029440
16061008
16081817
16101835
16177631
16206270
16210659
16212528
16305683
16305687
16305689
16305692
16305694
16439971
16441496
16441497
16441498
16441499
16451199
16451204
16456786
16511044
16511201
16511245
16547245
16573564
16573566
16573567
16573568
16629946
16634873
16634874
16634875
16634876
16671946
16681910
16682496
16698437
16707616
16712651
16720220
16774537
16774547
16774548
16792512
16856341
16866895
16866896
16866897
16870575
16883538
16883542
16883565
16893385
16893390
16948646
16960807
16981842
16984278
16984282
17021858
17024283
17026471
17026473
17057332
17082617
17092263
17109469
17145369
17176447
17176448
17182537
17197814
17204191
17251285
17257321
17257325
17257326
17294180
17317695
17357107
17389025
17389026
17389027
17389028
17403783
17459926
17462508
17462513
17493154
17496894
17498277
17498278
17499403
17507468
17509004
17538883
17559582
17559586
17559587
17610423
17610425
17620730
17631508
17661919
17665402
17665436
17697703
17708822
17767549
17767554
17767560
17767561
17767562
17767563
17885623
17892322
17911249
17927682
17927687
17947671
17956684
17971054
17989047
17989341
17999652
18004301
18007983
18018760
18025891
18088484
18158593
18179646
18184080
18186795
18191729
18192896
18194362
18194363
18256392
18257897
18257898
18257899
18275350
18312592
18320121
18329312
18331525
18331526
18346031
18346033
18380778
18384486
18385451
18397188
18426680
18451182
18489435
18497950
18517005
18538615
18540051
18547316
18554245
18578977
18612636
18614872
18614879
18637831
18646257
18647362
18647363
18668120
18670229
18680694
18700875
18718856
18721280
18721281
18764811
18784465
18785891
18815309
18830248
18852879
18855540
18923406
18925686
18937794
18941220
18945768
18945771
18982067
18987644
19000131
19000135
19000137
19000138
19000147
19002350
19018717
19024262
19035480
19039607
19046303
19104471
19115972
19116110
19140836
19140837
19140838
19143813
19144089
19167445
19210881
19243901
19254263
19293478
19307327
19317749
19317750
19317751
19317752
19326018
19350520
19362996
19364518
19386719
19392795
19392805
19392852
19480851
19483685
19493234
19493237
19493239
19493240
19494300
19497036
19497038
19497042
19497044
19514905
19536542
19553774
19585509
19624484
19624614
19624616
19655145
19693088
19696695
19712599
19725900
19727231
19735312
19737367
19744147
19759140
19765260
19775373
19778320
19804562
19838694
19839743
19843277
19843279
19845900
19845901
19845902
19845903
19845914
19891998
19893203
19895570
19904197
19909081
19915237
19935381
19953493
19953499
19963027
20002212
20002608
20008523
20032103
20047642
20061407
20073992
20112406
20144493
20196821
20196827
20196828
20331833
20345870
20345939
20375757
20403139
20403146
20410273
20412464
20421748
20449807
20492592
20492601
20504258
20518835
20531935
20534626
20536533
20545900
20545901
20545904
20554495
20574122
20579313
20579314
20588164
20636283
20636284
20638093
20654669
20663100
20663102
20679961
20686036
20696916
20718873
20727118
20727119
20833111
20854198
20863862
20875418
20919920
20925049
20934997
20954305
21044129
21059238
21071176
21091860
21092021
21115730
21145594
21151380
21156191
21162913
21167154
21169036
21169235
21173336
21176383
21182748
21199389
21204807
21208379
21214529
21216202
21221482
21244392
21252404
21280120
21289376
21299535
21299536
21299537
21299538
21306565
21334226
21371238
21376098
21382176
21388359
21388360
21397523
21411516
21418777
21422676
21424386
21428768
21430058
21443637
21447138
21457150
21471235
21481192
21498667
21501120
21510768
21521028
21521179
21533899
21568943
21585707
21613398
21614583
21623728
21644226
21671889
21672159
21676164
21681058
21707541
21707543
21707544
21707545
21732916
21742300
21751569
21752903
21762112
21790514
21797986
21801154
21802805
21819546
21848471
21848472
21859427
21859429
21870185
21896406
21899519
21906289
21983724
22004985
22009320
22010883
22026283
22027386
22050210
22053601
22072759
22082086
22090105
22092085
22121262
22122527
22130070
22138519
22145976
22171541
22188278
22197535
22225986
22229760
22238317
22258364
22277675
22283394
22304574
22309845
22320938
22321938
22322005
22324941
22348415
22378157
22419570
22420902
22426166
22429379
22445844
22456594
22469255
22492862
22533645
22536779
22572536
22607317
22617051
22646321
22670471
22671774
22671860
22672657
22678898
22690825
22706990
22715903
22761389
22784404
22803579
22808100
22811521
22811530
22818943
22826228
22831830
22833576
22861687
22862996
22880104
22896606
22897419
22909208
22913841
22924625
22931407
22931674
22933291
22937739
22953618
22955130
22973023
22978467
23015131
23020308
23020614
23025739
23032409
23033925
23066948
23079801
23095315
23103378
23121897
23130842
23137327
23137328
23148633
23190492
23209413
23215727
23216290
23216291
23216292
23240628
23278360
23278383
23280169
23289951
23291545
23291587
23322470
23328091
23329888
23350729
23360107
23365442
23368875
23398512
23398513
23430249
23488468
23488570
23489407
23510421
23510422
23510423
23512513
23524147
23527627
23527687
23530700
23541086
23568728
23574607
23581490
23588310
23590408
23600531
23604100
23610150
23611625
23611695
23646955
23649893
23669020
23677320
23692434
23695185
23701165
23706613
23712485
23731569
23776170
23804219
23826632
23829937
23830516
23840581
23849069
23849072
23849073
23849074
23849075
23864638
23864640
23873822
23884208
23895569
23924588
23929683
23952339
23978718
23981744
23984333
23992015
23994585
23996708
24010680
24032727
24032728
24032729
24032730
24033231
24049102
24055898
24062861
24116700
24116845
24131020
24131024
24131719
24147826
24152261
24164327
24225276
24245727
24286123
24294213
24308748
24330837
24339913
24341671
24349220
24352471
24355009
24355010
24364037
24372479
24372507
24390323
24397893
24399721
24401193
24438354
24453969
24456416
24461007
24490069
24495143
24495217
24496695
24498994
24499003
24501417
24533711
24561393
24566094
24571604
24591375
24597466
24598676
24600035
24611956
24646331
24646443
24657622
24673500
24673548
24716975
24718028
24728879
24731753
24732692
24734173
24740510
24758262
24762167
24762294
24781922
24790147
24798939
24849492
24852052
24853499
24861233
24871931
24876276
24887019
24898791
24917365
24952211
24956250
24972136
25019531
25040587
25087472
25099164
25099678
25119925
25139336
25146482
25154780
25187353
25187890
25187947
25201286
25209151
25220565
25220653
25239464
25243341
25243920
25257159
25266342
25268942
25286002
25287978
25303297
25305317
25305458
25313587
25324664
25330014
25336318
25345715
25346417
25355835
25367758
25417750
25418108
25428396
25430685
25449091
25458913
25461248
25477316
25515401
25545232
25566896
25582161
25597903
25626601
25626607
25626608
25626609
25626610
25637665
25647819
25657656
25674551
25677350
25720508
25740999
25752521
25757697
25786573
25853623
25855358
25874872
25877443
25889603
25899922
25918017
25922880
25929284
25929998
25934581
25938071
25953150
25964089
25970075
25976429
26012363
26024233
26033882
26036218
26046290
26068923
26089339
26094938
26103897
26104483
26104872
26105122
26116952
26123124
26176813
26189967
26197994
26198536
26198648
26216666
26230858
26232127
26239417
26241854
26261890
26265056
26302685
26309788
26314461
26332256
26341061
26355081
26360328
26372480
26399227
26399967
26427335
26459025
26488421
26514328
26528326
26546620
26554739
26588705
26593755
26599303
26613595
26652271
26653889
26663557
26669670
26672749
26680341
26738064
26748477
26750774
26758079
26771445
26787826
26811146
26812266
26812436
26814412
26814413
26814414
26819491
26833762
26833795
26843514
26846461
26864906
26888996
26889905
26889906
26889907
26898380
26899015
26916975
26919077
26924125
26924246
26924358
26927288
26937673
26946153
26951820
26959357
26962229
26969000
26990143
26990239
26990365
26996548
27016176
27016630
27020614
27027663
27027819
27028549
27054813
27060468
27069083
27095065
27096699
27100735
27110896
27125551
27136421
27140171
27150443
27162004
27195528
27196420
27200837
27217550
27228481
27229616
27238407
27238608
27252503
27254288
27273892
27273911
27280749
27297335
27302621
27312672
27346697
27374116
27378606
27396352
27397872
27403179
27428175
27452348
27471060
27486401
27500238
27503676
27506946
27511726
27514362
27515058
27522952
27527109
27544047
27546346
27558172
27562712
27572139
27572333
27577955
27580953
27581230
27593217
27601175
27623983
27638468
27666425
27667739
27677256
27679987
27695917
27739251
27762497
27784392
27807939
27807949
27815653
27820121
27821669
27826965
27835909
27860403
27863124
27891765
27900264
27903797
27916277
27920218
27925411
27986689
27987261
28025876
28032474
28059981
28063628
28074596
28102040
28102041
28102043
28156057
28164462
28194880
28194922
28205408
28205426
28220673
28221394
28233472
28239990
28244262
28247302
28251814
28251818
28251826
28251834
28251835
28266141
28266175
28289388
28296350
28297416
28303164
28303671
28317339
28337861
28346659
28346841
28358139
28369189
28371263
28371366
28371391
28371442
28374532
28382760
28383785
28386763
28397230
28399804
28401740
28417556
28419176
28425190
28436205
28440597
28446606
28464478
28508589
28520356
28520363
28520374
28520526
28544591
28552904
28561491
28570299
28572484
28579988
28594280
28598323
28603523
28604502
28604557
28608477
28618376
28629910
28691368
28691398
28698724
28715111
28719057
28726310
28727910
28732216
28734101
28749551
28776969
28846201
28857441
28858431
28870516
28878089
28884955
28884963
28884973
28885988
28898393
28919349
28931918
28941324
28950417
28957559
28963780
28968792
28980457
29021373
29024525
29030947
29037440
29052888
29053440
29075265
29081127
29086483
29152893
29167337
29176400
29193787
29226308
29233746
29238301
29243881
29278462
29278463
29292580
29298994
29316353
29316354
29330418
29338738
29341472
29359334
29381263
29383457
29392141
29417749
29430879
29437277
29457701
29458119
29461980
29463951
29483183
29498488
29512326
29516629
29518861
29520980
29521000
29541460
29541744
29546073
29604171
29624904
29629814
29632046
29632144
29642234
29653021
29669837
29673585
29676515
29685430
29687622
29687633
29696818
29706602
29741477
29745049
29760718
29765217
29766667
29766670
29781226
29781810
29782330
29783490
29793265
29800753
29802769
29803000
29808606
29896767
29896839
29908012
29920973
29962021
29962113
29970431
29989547
29995954
30003680
30003685
30039596
30051604
30063114
30064915
30071035
30073774
30079505
30080910
30083702
30093366
30117674
30119146
30123266
30128813
30147699
30148856
30156043
30178986
30187685
30193812
30219764
30221491
30226017
30226020
30239157
30242287
30249546
30251449
30298511
30381887
30383576
30387330
30414209
30421561
30456834
30467995
30471205
30478997
30479027
30479071
30487790
30488574
30488584
30498034
30509441
30514861
30516023
30529060
30537382
30548224
30549246
30558329
30580048
30592160
30607451
30613583
30614213
30614219
30614223
30629812
30647027
30651100
30663280
30666811
30697973
30758654
30761133
30772367
30773826
30773829
30784218
30784222
30793531
30801945
30801947
30808881
30833945
30844087
30850646
30868741
30868764
30884197
30891935
30916737
30934611
30950225
30971914
30972788
30985007
31017802
31020805
31036109
31067502
31074116
31087521
31092671
31099982
31107301
31112676
31125505
31128893
31131386
31131999
31147565
31158306
31177886
31206740
31207158
31218812
31218830
31218839
31237089
31263447
31271260
31296658
31308200
31333001
31338977
31341940
31345234
31347303
31368243
31369201
31373778
31378082
31389158
31416185
31448545
31448576
31500584
31502376
31513650
31515918
31523927
31523935
31527904
31530632
31549414
31552488
31574587
31589373
31589376
31599086
31646075
31646624
31647545
31658186
31669248
31671235
31674741
31677233
31677237
31705619
31733047
31749313
31784043
31849190
31854515
31858700
31858728
31874134
31877499
31880073
31880082
31880091
31891446
31896765
31900977
31902620
31908130
31944588
31965740
32024660
32026562
32026578
32026596
32027661
32034888
32058826
32079059
32107663
32112449
32130375
32132995
32133321
32146745
32161166
32166893
32166905
32167971
32173028
32179147
32180492
32185889
32194036
32212153
32212215
32212252
32212264
32227685
32228349
32243683
32246554
32250019
32258586
32265295
32266164
32274884
32304174
32321820
32321889
32343878
32350076
32359785
32367625
32396657
32433341
32445233
32453265
32457602
32468727
32468733
32472479
32483623
32506816
32519474
32535989
32594661
32619904
32654384
32673392
32700588
32713116
32717807
32726429
32736206
32750095
32758551
32759969
32760139
32772470
32772485
32772490
32776680
32779346
32779366
32779377
32779747
32783392
32798270
32809632
32817371
32827172
32827191
32829521
32856412
32882093
32882097
32883310
32888428
32892374
32896263
32911791
32937013
32951323
32951345
32963330
33002278
33002326
33006203
33027551
33034154
33044391
33046728
33052024
33052027
33058539
33064728
33067923
33067926
33084217
33112057
33119109
33121238
33124572
33124768
33127653
33136758
33146354
33151039
33184986
33191668
33217035
33227170
33231367
33232586
33241897
33241909
33241916
33245199
33258295
33278000
33300274
33301641
33306271
33320202
33369190
33369193
33381897
33423361
33448675
33474840
33481054
33486836
33490092
33527766
33534957
33565229
33570839
33608873
33624425
33624445
33633747
33694299
33709549
33734973
33755346
33763800
33773810
33790206
33824430
33896122
33966912
33968060
33977659
33979465
33979480
33987957
33993644
33995375
34013653
34017337
34095496
34155829
34183176
34199710
34200121
34211107
34212523
34213582
34219434
34236775
34237195
34255438
34258292
34265169
34294032
34335681
34342381
34369093
34370780
34375040
34381365
34383999
34388308
34418323
34418327
34420256
34442381
34480424
34488672
34499816
34518303
34523962
34529780
34553372
34589428
34601827
34605218
34607724
34617404
34617408
34626094
34628728
34632733
34643924
34668335
34676687
34687155
34702346
34714103
34717040
34717045
34729959
34732240
34732918
34738333
34743419
34761547
34773447
34786879
34793581
34805368
34816623
34816768
34837669
34837673
34889079
34925382
34931475
34931486
34933431
34967141
34968777
34997829
35000291
35001543
35055355
35064637
35067003
35103404
35118681
35122707
35156330
35167196
35169303
35173258
35173732
35197811
35263511
35277460
35277931
35302720
35322240
35343094
35343103
35346235
35347873
35366796
35371095
35384393
35411691
35426261
35450046
35478491
35484931
35524579
35524588
35524970
35536653
35546473
35559596
35615765
35632760
35642560
35644930
35652705
35689823
35695202
35730418
35734977
35743726
35754201
35769987
35770788
35788088
35789073
35791679
35818906
35865943
35916638
35921356
35924313
35963284
35964029
35968750
35973978
35991872
35998066
36003520
36004445
36008984
36045609
36054158
36054328
36056234
36056764
36056772
36057006
36086925
36109290
36115212
36169168
36175364
36176736
36181248
36181406
36184867
36191668
36205591
36214675
36220922
36239076
36263028
36268644
36269604
36295572
36313369
36314108
36357177
36377987
36382584
36394208
36397642
36401794
36412840
36416147
36423715
36433729
36433730
36433733
36465028
36477533
36478419
36479611
36479837
36479925
36479930
36506572
36519698
36544248
36549550
36583370
36593647
36594565
36607232
36627743
36628984
36661044
36700199
36718102
36722668
36725456
36729770
36751704
36754838
36778211
36790080
36802125
36825393
36855232
36862897
36863950
36881872
36899812
36910436
36929133
36951653
36951758
36961294
36965123
36974778
36979965
37005006
37088472
37105568
37127537
37128644
37140714
37143388
37157978
37158193
37204151
37226667
37266468
37277844
37294011
37296297
37315573
37316959
37322806
37322815
37329308
37329314
37337661
37339910
37356951
37381595
37403803
37424405
37431702
37489550
37491128
37491449
37506179
37507492
37526141
37526185
37528668
37530072
37539787
37549678
37549885
37551036
37552102
37563781
37597015
37602773
37605363
37640436
37641458
37661116
37664904
37686141
37702112
37706247
37721356
37745505
37749977
37750483
37756371
37767641
37789123
37816628
37828799
37830976
37876030
37877523
37916649
37919886
37920125
37937176
37942853
37947244
37950589
37950822
37964703
37972805
37977914
38003572
38006337
38009819
38027017
38044756
38050529
38050734
38055372
38073134
38073446
38093509
38123661
38123794
38146367
38151427
38171559
38174637
38174641
38180300
38192166
38206925
38225876
38273424
38273443
38285781
38293994
38299424
38304991
38305001
38305022
38305067
38312011
38318504
38318996
38319000
38319014
38342774
38342777
38358015
38358022
38358082
38358086
38372573
38372598
38377523
38380725
38385410
38415927
38432202
38433661
38433666
38433683
38433704
38439829
38448373
38450869
38470352
38488701
38494835
38494862
38494874
38514059
38516935
38525129
38526388
38527170
38568109
38568169
38570725
38575363
38575367
38575371
38578246
38605632
38628599
38629729
38647270
38657484
38674456
38699847
38699849
38717780
38720181
38728374
38733237
38733995
38737448
38809622
38837883
38863977
38887159
38887163
38887196
38902151
38920247
38923223
38923829
38934046
38936820
38940584
38969149
38982856
39024572
39027459
39041326
39054740
39056461
39075611
39083376
39085372
39091265
39107575
39144953
39148314
39168118
39173948
39189310
39189316
39201523
39225154
39227306
39234810
39234823
39250760
39257586
39279448
39291331
39291352
39291394
39307922
39307952
39340166
39352213
39353751
39415733
39435905
39447189
39462169
39462170
39464636
39470037
39470051
39470134
39487235
39528316
39530176
39532435
39532513
39564862
39564896
39564904
39581702
39581703
39581747
39581764
39586937
39616531
39637323
39637352
39637360
39651149
39663186
39663884
39663906
39694829
39738923
39745346
39790056
39807663
39807680
39808847
39821665
39821706
39823129
39823178
39824805
39865476
39865482
39865483
39865489
39877107
39890193
39902628
39907075
39933834
39933879
39957298
39959993
39962889
39971734
39971743
39991868
40004750
40009505
40009510
40010968
40033746
40052385
40052457
40071325
40071333
40081912
40095446
40095764
40095779
40095785
40097865
