59406
79614
332508
385661
452102
601843
737011
941130
1326579
1383381
1518825
1681598
1712857
1919042
1931912
2000377
2071937
2208226
2228047
2246509
2341305
2428127
2461903
2479626
2592018
2714852
2714853
2732471
2787363
2840670
2843461
2881885
2894398
2906921
2908490
3264088
3422224
3456979
3474809
3760563
3863816
4016859
6178178
6384034
6961580
7250815
7499177
7561674
7594568
7629517
7650491
7716543
7760000
7817383
7839350
7839353
7839355
7860363
7897214
7912861
7917991
7962778
8082899
8225443
8265660
8265661
8434400
8463124
8493555
8525478
8542963
8629311
8630400
8657616
8662075
8727205
8760827
8769479
8777725
8864176
8872174
8881033
8883300
8932842
8953412
9008311
9008313
9057668
9062969
9063641
9075934
9089101
9091671
9098932
9126959
9211742
9212365
9234483
9243768
9328330
9378975
9412710
9458108
9458115
9458116
9459510
9501290
9551969
9670929
9686604
9753057
9768753
9802605
9826699
9894855
9894860
9918403
10090622
10092549
10321964
10360639
10366797
10371359
10429764
10436180
10488744
10527390
10527401
10532548
10545595
10573701
10773694
10777095
10792283
10801386
10820396
10833373
10888604
10912513
10954160
10958350
10967567
11009104
11053636
11054049
11122018
11158412
11529487
11571460
11580854
11737349
11756001
11959352
11961234
12028535
12028546
12072195
12144631
12218090
12445324
12472664
12486241
12492817
12653732
12730526
12776912
12823445
12956878
12962836
12974800
14504099
14617049
14716759
15104682
15140043
15191522
15191523
15191952
15195077
15214895
15288178
15316337
15361130
15477349
15494480
15663747
15896199
15943912
15982262
16185272
16235096
16254274
16272320
16284396
16297191
16313304
16365741
16439971
16441500
16451207
16490887
16532020
16571410
16571411
16642438
16720218
16774537
16774539
16914567
16948654
17008885
17043286
17082605
17166285
17176449
17207712
17339492
17389017
17445181
17445209
17597093
17617375
17666781
17711411
17767564
17900285
17947671
17956861
17971053
18005090
18069932
18158964
18263639
18289678
18297378
18301071
18308713
18322206
18369457
18380775
18451182
18523244
18566368
18671674
18673537
18841361
18937795
18982067
19017302
19046303
19050382
19242058
19317753
19392803
19392983
19422666
19493241
19624482
19631389
19656140
19667963
19744147
19775374
19776241
19789864
19806582
19837691
19858347
19935663
19936734
20104487
20226825
20347497
20403144
20456039
20463068
20638093
20643584
20652381
20663101
20663103
20727113
20805421
20860769
20870028
20887384
20935255
20953190
21067287
21076072
21134695
21145594
21155723
21159685
21182081
21185937
21248048
21299541
21355865
21388355
21407082
21410657
21412248
21438860
21457146
21457148
21499264
21501119
21542807
21585707
21614583
21615337
21623729
21625020
21644237
21658009
21702759
21707537
21707538
21732916
21749330
21762110
21801155
21871938
21873457
21887282
21896007
21907013
21909837
21912600
21931540
21946379
22007928
22035606
22069276
22092085
22113476
22169310
22182809
22219647
22251067
22333575
22391192
22443801
22445844
22474021
22489950
22512642
22548719
22569429
22571741
22671707
22676066
22703169
22708704
22772445
22772778
22803655
22836042
22861357
22883433
22923051
22924534
22931314
22931917
23184486
23189078
23231474
23347123
23370861
23398510
23398514
23440333
23517117
23517135
23535199
23536655
23555244
23559252
23581625
23588886
23593939
23611695
23686481
23701417
23745573
23776170
23849069
23861805
23901134
23974321
23990973
24029270
24031002
24031003
24033148
24078689
24102105
24112141
24131025
24131084
24206340
24248364
24324648
24355011
24355012
24369161
24397554
24438379
24486575
24500399
24600518
24641547
24641579
24646360
24651768
24738691
24748496
24763033
24785948
24791935
24798939
24804568
24842861
24849334
24860572
24904572
24911933
24951171
24961144
24986480
25040351
25043727
25083782
25099155
25119924
25188020
25311805
25315749
25323824
25329633
25345492
25360136
25386183
25454626
25477316
25493653
25515183
25597904
25633660
25715101
25724317
25752196
25752445
25754797
25786572
25916270
25961063
26011760
26031704
26031759
26068923
26103897
26106958
26123223
26145227
26206121
26239392
26302874
26311903
26372271
26383988
26403607
26416275
26470763
26500904
26514239
26527563
26575988
26600554
26613595
26672749
26775778
26796545
26814415
26891255
26898108
26898229
26898764
26945896
27005780
27018403
27029435
27029519
27038214
27042744
27083073
27088383
27098306
27108779
27132688
27150703
27168457
27172837
27173922
27173934
27189829
27196943
27283262
27297019
27345146
27378606
27440494
27461839
27476722
27517034
27521484
27620973
27631728
27647648
27746218
27751789
27781414
27817866
27820121
27870487
27880898
27891821
28018351
28032472
28051183
28069185
28085643
28122963
28130758
28155256
28164469
28185362
28207934
28211903
28214848
28233426
28233429
28233436
28239960
28294583
28340094
28352266
28494720
28510343
28536356
28556612
28589707
28604557
28639429
28649982
28651467
28655516
28685972
28695291
28704647
28707428
28722359
28727268
28757723
28757734
28776961
28858436
28904123
28916719
28941475
29024503
29031612
29045069
29056010
29064167
29070683
29129607
29183862
29205643
29259305
29292864
29316312
29322676
29329284
29330418
29352510
29354123
29356391
29356447
29381262
29386826
29389075
29394008
29419929
29445759
29454820
29483183
29489900
29549179
29549293
29575749
29589160
29653015
29653025
29653026
29663681
29668091
29691996
29696810
29706602
29708653
29732717
29749712
29770606
29786690
29797428
29797462
29848119
30008647
30009551
30014581
30037793
30076588
30079569
30091237
30102364
30115775
30117301
30117305
30117310
30117311
30155344
30180214
30232844
30237582
30245869
30270560
30298049
30335851
30386333
30387320
30389493
30456834
30479018
30516004
30549255
30574149
30578879
30592160
30614660
30614763
30632305
30663252
30663259
30666815
30680818
30684310
30711514
30729752
30734511
30734534
30740928
30761133
30767404
30784221
30784232
30790477
30797824
30809016
30811900
30816615
30824816
30873762
30878674
30884165
30895729
30950228
30950236
30953389
30983156
30994858
31018729
31020796
31026377
31026382
31066090
31068685
31069965
31095889
31099975
31099988
31111661
31122742
31123311
31138701
31199874
31202168
31217245
31240861
31271521
31345234
31361395
31392831
31397064
31403556
31414581
31419085
31444867
31448515
31469248
31574588
31577860
31578687
31587504
31589363
31589367
31589371
31596039
31596055
31605430
31622048
31628763
31628782
31705617
31777841
31816192
31858743
31880087
31900975
31921098
31955530
31998314
32014510
32026583
32026622
32027612
32034867
32038904
32103570
32107874
32107885
32166898
32166903
32184413
32219494
32246525
32250040
32301271
32309433
32309910
32359785
32436047
32462789
32475075
32495991
32501836
32506489
32524773
32548894
32602630
32643305
32662221
32665270
32696602
32709981
32741120
32776665
32776682
32776699
32779345
32779382
32790229
32808735
32808740
32812704
32827190
32829508
32882109
32953771
32954667
32955526
32983108
33002319
33031103
33034132
33040435
33052032
33103851
33134369
33179403
33189423
33191648
33232566
33233780
33241910
33252547
33273184
33297781
33306255
33306271
33306272
33314121
33373499
33448705
33474823
33496082
33539638
33571387
33576168
33603436
33609016
33609331
33622787
33624426
33632228
33743181
33837659
33846289
33860619
33884773
33890413
33890725
33905752
33966354
33968060
33977152
33982439
33991724
33993655
34019735
34028196
34028995
34144634
34212537
34220799
34231340
34237196
34259388
34310775
34314104
34314108
34323024
34329542
34346567
34365629
34374228
34408565
34464355
34476909
34486232
34490415
34498811
34512729
34580106
34601820
34622578
34628731
34632709
34632728
34636170
34651459
34687163
34687266
34693638
34717049
34729956
34745129
34816623
34831331
34870902
34951134
34951148
34953063
34967136
34979057
35025144
35040281
35103412
35114151
35138045
35169303
35185875
35191207
35218167
35244979
35261184
35302719
35332691
35362231
35379174
35436392
35437912
35439359
35475545
35475667
35524576
35524580
35546473
35546684
35587797
35615764
35615765
35616011
35616014
35620939
35620967
35620970
35622939
35644950
35650170
35709162
35715452
35716014
35717614
35724923
35758046
35766332
35788088
35863458
35894030
35904780
35904808
35906815
35911762
35912367
35920676
35943384
35945188
35960731
35965393
35965422
35965429
35979851
35981387
35998091
36038505
36059062
36066974
36087312
36088573
36114742
36151063
36161710
36178732
36178735
36181396
36222333
36269608
36278774
36293011
36293373
36303272
36321531
36325330
36327384
36394354
36401793
36412259
36423071
36444555
36448291
36478103
36478375
36479613
36479839
36479930
36499177
36507493
36519698
36536540
36544258
36565033
36566984
36572447
36585824
36607232
36617635
36617676
36617998
36624054
36635211
36645221
36700199
36718609
36727219
36737403
36787908
36802125
36811830
36826011
36841930
36846874
36889808
36951618
36951653
36951755
36960339
37009751
37016741
37016746
37016809
37038212
37067784
37070805
37127356
37128652
37128674
37144512
37161669
37226401
37226569
37226587
37370209
37381693
37403805
37424405
37465164
37493056
37515486
37528566
37551036
37553900
37649248
37680174
37681350
37697931
37710038
37750469
37767552
37771174
37827836
37827845
37849763
37853599
37877552
37884160
37929983
37933693
37942829
37962009
38031660
38051972
38081589
38081659
38174646
38174647
38201263
38212252
38225870
38273454
38327766
38336855
38342776
38342849
38358079
38358085
38372565
38372574
38372585
38372615
38372620
38403861
38403864
38470345
38492472
38507215
38516860
38526343
38526346
38526347
38526370
38566358
38566402
38568113
38568169
38568176
38575364
38575366
38645783
38647251
38699815
38720178
38733240
38743055
38746992
38747041
38786080
38813593
38813595
38837619
38880985
38887196
38887852
38887867
38887920
38923200
38924641
38982842
38993138
38993151
39016219
39052836
39073028
39073238
39087256
39101357
39106544
39107575
39132706
39132716
39148296
39189433
39201523
39234798
39257885
39273630
39279454
39291294
39291365
39307952
39337964
39352205
39363806
39363820
39365900
39462176
39465553
39501766
39501806
39616522
39616525
39616530
39637325
39663186
39663889
39694855
39694867
39731480
39790061
39807661
39822151
39865470
39865478
39865484
39888277
39902636
39933884
39957065
39957098
39971744
39995023
40004750
40009512
40033702
40033704
40033736
40033737
40033751
40052356
40071343
40071351
