1386162
2474080
7518549
7556072
7760820
8065331
8180393
8639829
8700228
9032268
9103674
9366523
9398602
9571207
9694729
9704006
9742120
9864177
10073576
10202154
10216071
10330184
10504033
10518215
10627534
11223263
11416141
11417493
11486032
11607821
11778280
12111652
12606578
12655355
15070701
15147370
15665112
15804067
16206189
16531271
16600109
16707273
16814730
17183364
17555106
19887369
19954622
20062079
20147975
20519628
20686175
21072044
22743623
23181981
24284116
25740828
25776104
26214592
26588248
27522003
27894958
28571757
28627280
28728518
28754776
29334255
30628662
30765470
31058556
31118247
31320364
31733150
31735627
32245383
32289442
32391417
32637414
33099483
33640284
33880339
33979320
34233449
34499717
34876631
34991659
35907039
36001860
36374958
36548013
36553362
36806200
36958694
37392046
37709768
38426288
38569552
38711550
39145779
39164324
39414614
39494255
39864063
39872516
39911115
