10587858
10807546
10840995
12442280
15305805
15841481
16241915
16917892
17828387
18003757
18439548
18439552
18513302
18513305
18586913
18838325
18949455
19150152
19388975
19490620
19646202
19672314
19794065
19924231
20031592
20210571
20393147
20546258
20705777
20716378
20724646
21051477
21062467
21105491
21182953
21195701
21208426
21224407
21498636
21521320
21566527
21647738
21648289
21677039
21683639
21700917
21761282
21823540
21874357
22110178
22341299
22350134
22360925
22395466
22445113
22517943
22802087
22808921
22849862
23009393
23157689
23274891
23517481
23548576
23551881
23610083
23628452
23674172
23707370
23771925
24000294
24014008
24069322
24323243
24442509
24567025
24732972
24915262
24933231
24974685
25174781
25233928
25414397
25483937
25501962
25753245
25793983
25837654
25863539
25987348
26240958
26274031
26307397
26347889
26431509
26446475
26472090
26479152
26756620
26822262
26853433
26942212
26981542
27084450
27240623
27321323
27445006
27460564
27648140
27807544
27819122
27899486
27981551
28035729
28116330
28170077
28222501
28292020
28299548
28395978
28410371
28593615
28656277
28712822
28766492
28791380
28865121
28866868
28934671
28938416
28943452
29066969
29100339
29145164
29169850
29222740
29289833
29371776
29408271
29424957
29466992
29493090
29541223
29597128
29666556
29762827
29844095
29895593
29948406
30074477
30121369
30155490
30185552
30214238
30287671
30293189
30404566
30421137
30455330
30507613
30581769
30778899
30814848
30953348
30963309
31103629
31109344
31166087
31214998
31243821
31257539
31363388
31374199
31483937
31517624
31576961
31737858
31739614
31754975
31804362
31810492
31825269
31827397
31915469
31949497
32001615
32017842
32100228
32110048
32154941
32161757
32236961
32238361
32319789
32325080
32325224
32336754
32395877
32661107
32684311
32706998
32779194
32801777
32833553
32910913
32958620
32958621
33004870
33024199
33125127
33245425
33250700
33348945
33363396
33368532
33432369
33448691
33459938
33472456
33472798
33603481
33752475
33755848
33765222
33990627
34035238
34037532
34194751
34202200
34234870
34440499
34582629
34719039
34729750
34772911
34939081
34951657
34968487
35081418
35089870
35092904
35109885
35122907
35184384
35188404
35238956
35299962
35317157
35327967
35328643
35383587
35412067
35466084
35539662
35551682
35571408
35619319
35673428
35836869
35873425
35918471
35944095
36068963
36104811
36189138
36202974
36216889
36230970
36257325
36275161
36323883
36361808
36430456
36566600
36649380
36782183
36825600
37137894
37219942
37226652
37396173
37396188
37492105
37669939
37798422
38062804
38093550
38176619
38228910
38238822
38270262
38311659
38494066
38523849
38654006
38668386
38750616
38825059
38830515
38875310
38909044
38933924
39008714
39089324
39170165
39408812
39420387
39421536
39630369
39711726
39953309
39974881
