1349574
1395719
1470178
1544320
1631055
1684858
1861864
2191303
2247480
2406196
2406716
2494654
2643097
2668964
3125552
3131765
3655436
3853036
7485261
7777511
7824279
7842005
8098541
8221670
8276407
8385520
8420993
8703128
9150488
9290958
9537281
10931682
10980135
11017143
11303621
11668501
12589428
12941805
12968441
15314658
15517309
15592510
15950068
16043511
16170316
16329078
16353156
16372351
16443854
16568090
16835863
16881968
16969868
17054105
17164262
17230190
17250658
17412879
17436253
17601930
17671181
17979197
17987514
18247425
18268007
18355852
18642361
18818716
19035362
19191262
19206176
19213030
19322062
19416908
19438459
19669404
19855393
19995790
20012784
20062883
20301680
20425820
20503341
20871217
20979192
21072204
21170325
21244382
21312086
21418173
21438134
21514184
21521744
21607592
21633259
21686750
21771097
21834037
21850009
21931711
22085642
22087699
22093452
22096025
22113246
22172840
22199277
22221894
22225809
22261753
22294102
22317973
22345164
22473992
22488832
22495892
22618666
22683711
22707223
22820081
22821884
22926243
23046202
23076528
23096712
23150177
23324159
23335589
23337891
23342156
23376849
23380875
23427275
23498955
23512660
23599145
23666916
23676667
23739246
23884457
24006476
24123531
24129065
24169525
24213576
24222113
24240680
24243633
24259709
24277618
24309939
24341335
24390138
24442446
24628623
24637993
24641407
24752661
24890286
25013182
25070542
25072932
25097040
25132659
25133308
25272152
25521407
25677562
25695772
25795707
25893378
25902334
25902427
25914166
25933688
26001911
26165597
26203562
26254261
26267765
26281467
26400620
26419841
26452271
26544513
26561417
26582644
26674223
26675036
26713101
26773571
26804118
26858456
26872011
26888048
27067779
27074337
27074591
27108388
27175596
27185863
27195699
27560370
27655692
27694096
27725900
27798864
27834733
27942419
28002430
28027064
28139825
28141901
28162272
28247919
28295558
28328122
28337834
28371260
28390077
28455154
28489335
28510514
28515318
28554764
28600956
28661467
28736904
28768863
28799801
29097261
29131373
29135520
29172991
29193020
29206715
29254681
29349077
29430633
29556290
29669480
29731980
29739933
29760048
29901113
30049443
30115483
30191474
30345469
30373874
30387498
30398985
30585117
30585133
30647878
30664540
30670749
30741938
30767209
30787043
30864170
30865897
30937994
30994537
31021405
31041834
31050682
31160609
31301988
31309433
31310691
31355369
31428295
31528689
31534544
31600639
31637524
31685810
31795565
31805975
31867792
31873167
31879129
31887226
31960612
31979384
32026292
32062610
32342612
32391119
32499600
32557577
32559010
32636318
32681669
32727882
32760207
32792500
32859224
32896008
32896589
32970285
33036162
33064725
33161608
33239721
33259250
33307231
33316010
33394311
33549031
33628034
33750196
33811046
33908086
33932139
33977491
34109654
34222845
34246740
34261040
34389744
34412857
34496925
34508588
34547823
34553752
34601768
34618388
34700281
34972725
35062725
35230976
35247914
35324017
35393630
35459782
35534540
35567308
35621690
35764878
35794829
35923912
35975910
35981076
36165724
36330334
36337898
36358305
36398204
36480093
36603172
36606310
36635501
36743926
36753744
36826006
36835200
36896710
36943390
36995904
36996116
37075955
37081180
37153521
37170693
37182578
37194190
37216340
37255533
37272688
37333975
37339176
37399401
37406309
37427101
37458522
37503077
37550582
37636262
37665491
37735286
37820992
37881200
37902037
37909292
37918550
37939409
38013513
38018302
38021173
38219706
38338389
38400910
38415356
38420094
38428143
38452464
38558293
38595321
38672653
38757223
38886790
38923026
39041273
39085078
39118085
39152269
39164809
39184150
39196610
39233490
39287844
39461378
39463147
39696662
39839721
39872300
39879704
39894825
39912655
39913299
39954354
39971340
40000861
