1406583
1871105
7565675
7702609
7733868
7760831
7842723
7892235
7935474
8065924
8455624
8689410
8817481
8926630
9059991
9182569
9222609
9268023
9296388
9306693
9359399
9359875
9359877
9499401
9535217
9535852
9664071
9668612
9727490
9801140
9920768
10064819
10224227
10334908
10529368
10545106
10561509
10600494
10632574
10702402
10816597
10888672
11005380
11005381
11048707
11189448
11320084
11423124
11426935
11477707
11527157
11820785
11866474
11907057
12107049
12112007
12235201
12813038
12832060
12843283
12887064
12904207
12948605
14502236
14532117
14554099
14643030
14707147
14994269
15081420
15358168
15457556
15476319
15706094
15777846
16051598
16136991
16184768
16278218
16278678
16303760
16306048
16336210
16497816
16579653
16630884
16678833
16706107
16713599
16806072
16855393
16926161
16938384
16944601
17024176
17213196
17216044
17293484
17310987
17347150
17652588
17688194
17884799
17897941
18056375
18059335
18233954
18257221
18270585
18398426
18434628
18601956
18657505
18682744
18703420
18793336
18794143
18813348
19179333
19190998
19335068
19337383
19609719
19818013
19820069
19844581
19852939
19935870
20021227
20052290
20180806
20198330
20459615
20622894
20817114
21044828
21072667
21098017
21106074
21155232
21155271
21162300
21189066
21229611
21299508
21361146
21417720
21455770
21480429
21557666
21784850
21803736
21814572
21834787
21898223
21915348
21932106
22042860
22077664
22118669
22121189
22215620
22426029
22443056
22477622
22510478
22515443
22526392
22528049
22549481
22613625
22750029
22753951
22768106
22804234
22847003
22863008
22940245
22945628
22970306
23180277
23213399
23261432
23264262
23293686
23300438
23321918
23349863
23352416
23386620
23388456
23395854
23447536
23519122
23541557
23587601
23587726
23615731
23733891
23869008
23869022
23902341
23948296
23959823
23983126
24090933
24106905
24123326
24127737
24140345
24146635
24285117
24296267
24361604
24376402
24384723
24412756
24421309
24467529
24478344
24504023
24516381
24599545
24619424
24763051
24786827
24831003
24849358
24853175
24894977
24951438
24954509
24970820
25024384
25078989
25083868
25118604
25167838
25199502
25205676
25298398
25310819
25352760
25356557
25380824
25425574
25430510
25437552
25450459
25465722
25537516
25560907
25601714
25631374
25679764
25688804
25720964
25762445
25804640
25811962
25816751
25840992
25854583
25883027
25982096
26053851
26108999
26159920
26178611
26184999
26193369
26209979
26212861
26245696
26251235
26298773
26320184
26344102
26397138
26427350
26503960
26505425
26530275
26541406
26597576
26631063
26652992
26675369
26754925
26785146
26890141
26910317
26952354
27043084
27070384
27173427
27216866
27226156
27296951
27320198
27457810
27643574
27657062
27659916
27689811
27713164
27746890
27755964
27777286
27809308
27831465
27846364
27889440
27922674
27966061
27997575
28004573
28049024
28104499
28115653
28183717
28183718
28194040
28246289
28369544
28383811
28415561
28439947
28445500
28453931
28484363
28487934
28547133
28618124
28638149
28678786
28686674
28724629
28724966
28783244
28859986
28887499
28889000
28890254
28893714
28903330
28951485
28970536
29059166
29088759
29131275
29141850
29158484
29177647
29203710
29207593
29213328
29247221
29257252
29268782
29273620
29285313
29296831
29301698
29339121
29341886
29391353
29393852
29395071
29398920
29440176
29494616
29562166
29590106
29626503
29632240
29661622
29678661
29704482
29710398
29715263
29725069
29733381
29734798
29752334
29788061
29930764
29962860
29979776
30014253
30114749
30131848
30186748
30216506
30284149
30305397
30307772
30316516
30324758
30326922
30332327
30338738
30339219
30356024
30455644
30467350
30480104
30563406
30566508
30586869
30605679
30631061
30696859
30701477
30772489
30787218
30865631
30884523
30887707
30929917
30931649
30941017
31023025
31044428
31054961
31150929
31183804
31239354
31244938
31395030
31409638
31466795
31497221
31535651
31540279
31541723
31552827
31614463
31624991
31657478
31669744
31673056
31699156
31744878
31752429
31775331
31815039
31825792
31899217
31965439
32015439
32097779
32141563
32205456
32207633
32282939
32297210
32297212
32297214
32297218
32302062
32331382
32334836
32396525
32457290
32490574
32502335
32503939
32571938
32607595
32620236
32626739
32627093
32653364
32735771
32838807
32861670
32905882
32959058
32965646
33025381
33067759
33098823
33177089
33182370
33193707
33208463
33296942
33318173
33324588
33377734
33381262
33407730
33422093
33488801
33527316
33547955
33593922
33679132
33907289
34056708
34061198
34067147
34071490
34085409
34107992
34127794
34131081
34131443
34140641
34176092
34188043
34191586
34198675
34203709
34204112
34239690
34273469
34315398
34331200
34337672
34358923
34363098
34388375
34434877
34469721
34504645
34530848
34539881
34636194
34771616
34780715
34783017
34783649
34845419
34845571
34915192
35006040
35069934
35080342
35092510
35181617
35202821
35217815
35218516
35248747
35256776
35268755
35294249
35311075
35326716
35434944
35456403
35485710
35534773
35540693
35580988
35659731
35670111
35681472
35717249
35720321
35906200
35948068
35950214
35954175
35959699
35961437
35989156
35995906
36010586
36010849
36030825
36121714
36170373
36200687
36203316
36227087
36245043
36316305
36357766
36359900
36396925
36421020
36431071
36482717
36536996
36586067
36598250
36622366
36688547
36688821
36700826
36724961
36741074
36785616
36834675
36892215
36971000
36976734
37009226
37017629
37018978
37064870
37092382
37114961
37118827
37153737
37168572
37221363
37224019
37308449
37351671
37409787
37425817
37467033
37468051
37506505
37540428
37556001
37652083
37686660
37707683
37766982
37783225
37797799
37837696
37890164
37894333
37937642
37949687
37973875
38048852
38059913
38081808
38135652
38164224
38333010
38351137
38366111
38366389
38381577
38417690
38458311
38464125
38474017
38521474
38537598
38641046
38658217
38748048
38758542
38859866
38915574
38935089
38985769
39049197
39122169
39127336
39201764
39223374
39223375
39223962
39243039
39243335
39266731
39296120
39350280
39386472
39447861
39495731
39525584
39547404
39554167
39651147
39663263
39675530
39682216
39738787
39754217
39760245
39776250
39798875
39831777
39850800
39863754
39894093
39932399
39987503
40116098
