1644826
3861566
8369302
8661695
12923220
16232608
18985363
19117336
19228619
19246647
19340432
19350208
19359588
19378339
19411854
19435942
19458374
19469031
19543740
19554337
19585679
19744125
19755387
19765000
19798509
19847448
19877121
19903171
19915484
19933982
19935646
20044756
20077503
20102524
20107228
20127344
20129244
20129251
20130071
20131059
20133500
20160062
20171147
20171178
20174854
20190607
20227034
20305482
20335593
20368538
20368543
20376084
20376086
20410924
20427748
20431032
20459648
20473936
20494930
20508616
20514489
20534697
20538800
20559394
20560678
20567020
20576929
20603105
20651067
20651083
20659156
20661018
20667415
20678218
20702649
20725730
20727073
20805365
20847279
20849763
20872044
20874727
20884716
20886613
20944672
20946881
20955413
20962861
20975057
20975740
21045145
21069360
21079649
21088844
21129061
21130701
21173122
21233841
21301070
21316759
21326241
21344322
21346257
21352804
21356389
21437454
21446021
21481010
21494763
21506885
21516462
21524095
21539821
21569770
21598255
21625441
21637286
21643842
21647152
21647154
21690245
21717448
21760534
21781445
21873548
21885076
21889610
21904853
21913188
21922591
21929658
21955926
21971842
21997850
22015945
22020830
22025148
22025298
22033490
22052461
22057234
22057236
22074484
22076165
22080945
22101433
22116548
22147457
22166263
22172803
22192702
22197544
22199315
22213873
22217666
22238333
22281465
22291938
22322613
22323113
22338155
22343889
22385787
22392125
22396072
22397365
22426639
22427879
22432788
22447191
22489043
22520341
22528790
22616558
22683334
22687971
22688054
22752145
22752663
22763442
22772731
22772980
22779686
22781348
22781800
22790483
22821382
22825915
22844452
22869205
22885298
22886134
22904127
22922798
22922872
22925884
22929312
22945896
22975371
23001033
23011765
23035067
23041832
23071358
23072665
23079654
23111198
23111200
23135354
23187294
23192014
23203443
23204232
23226625
23232569
23235339
23307057
23330999
23361281
23365461
23370430
23373447
23412777
23429602
23438035
23451042
23469962
23485467
23485734
23486687
23486690
23494632
23512379
23527265
23532369
23541771
23558169
23561624
23588371
23598960
23600211
23619925
23681562
23731180
23732524
23745251
23750482
23757293
23782684
23793099
23817809
23840696
23877318
23881452
23894344
23904262
23905201
23934175
23934769
23949914
23954893
23988086
23996483
23999439
24019001
24033106
24049096
24068788
24077805
24077826
24089051
24098815
24117486
24138309
24149775
24150401
24252742
24305712
24305719
24311631
24324372
24328739
24328749
24328750
24328751
24344214
24362902
24376688
24384677
24405933
24443894
24473683
24510240
24528069
24531386
24532263
24557705
24565682
24590270
24606448
24606602
24616312
24668804
24706357
24722048
24739516
24748374
24748470
24752661
24755473
24760710
24771584
24777756
24810474
24832620
24857351
24868540
24876103
24887327
24887488
24889502
24895549
24900389
24903073
24912510
24970694
24986863
25005896
25008158
25035396
25040869
25043048
25074540
25092143
25135281
25164322
25170661
25185195
25205290
25218477
25224277
25243911
25277207
25283382
25295857
25324168
25324972
25330901
25330902
25391653
25398939
25398942
25427834
25432631
25455102
25469243
25471051
25486927
25500080
25511738
25523507
25524848
25556921
25567591
25567592
25583779
25586680
25605197
25634750
25638561
25648147
25678837
25706986
25732040
25739786
25759018
25769499
25778530
25786545
25790191
25836588
25849072
25849605
25882048
25895133
25907263
25909875
25921144
25950388
25960387
25964867
25980580
25987093
26006098
26016385
26018396
26045167
26046462
26049021
26109200
26115961
26125858
26130305
26161668
26185030
26189213
26220392
26228814
26243269
26276726
26316565
26328938
26331834
26337623
26338964
26363012
26368816
26381180
26395639
26405082
26409566
26414224
26436839
26466372
26473790
26485760
26486081
26508204
26524018
26524630
26562302
26582645
26603354
26617931
26618343
26669865
26678339
26695622
26703962
26770405
26787889
26858939
26860959
26918938
26927556
26934681
26935296
26943899
26980223
26985452
27064021
27071442
27097804
27125548
27144334
27153165
27154922
27155448
27158682
27161253
27163884
27245312
27245697
27268645
27270908
27275230
27300198
27344556
27354064
27409829
27424808
27428487
27430238
27437179
27441955
27460417
27466707
27468718
27478330
27505668
27522495
27529619
27548812
27553275
27553586
27567961
27568035
27568302
27571882
27575502
27576872
27595804
27621679
27622339
27626306
27638721
27651340
27655638
27664011
27693047
27696222
27713914
27735988
27758882
27780605
27782828
27796734
27820599
27834733
27848136
27877908
27923831
27978414
28002956
28004160
28011762
28052098
28091987
28110298
28122345
28124097
28125199
28132785
28148827
28178660
28194056
28197303
28197780
28202508
28214089
28218607
28232670
28236063
28239274
28251430
28302331
28330869
28339651
28345823
28353033
28373671
28402860
28403884
28404805
28427200
28445981
28465358
28467784
28484589
28498812
28534152
28544751
28549927
28552826
28564604
28578659
28601826
28625978
28652247
28653623
28663574
28665384
28667042
28672945
28710497
28711227
28735489
28735491
28748342
28869450
28873367
28899049
28901861
28915660
28916733
28928859
28945860
28948065
28988652
29016996
29026176
29027701
29039582
29056515
29057061
29057925
29062039
29064021
29074637
29079473
29090344
29091765
29097607
29115585
29122763
29130549
29137396
29138945
29146074
29164635
29169920
29172136
29180699
29255149
29259030
29274134
29285579
29288440
29288860
29328863
29339439
29358170
29366652
29367755
29378948
29396064
29414139
29417954
29427004
29440182
29453678
29459034
29460200
29472349
29479068
29519794
29527387
29535392
29545335
29550762
29562167
29572492
29576625
29581779
29619216
29625108
29635257
29643764
29651790
29660019
29662077
29662659
29670690
29676036
29682047
29718366
29719265
29723602
29738972
29743236
29761368
29761621
29770368
29777252
29844869
29846902
29849122
29859360
29860938
29863707
29871612
29871819
29874711
29879375
29921847
29925981
29953478
29953513
29971034
29994582
30004704
30034587
30034612
30052515
30122995
30131249
30140044
30171025
30176240
30184215
30194745
30221786
30231226
30250611
30254149
30260154
30260155
30266754
30266764
30278918
30299371
30305430
30340751
30352944
30355481
30358592
30358614
30388142
30391048
30404018
30405699
30413349
30414094
30416682
30426720
30427756
30428017
30511933
30529899
30539794
30573870
30575118
30579273
30596429
30622284
30634740
30669568
30698743
30720071
30735871
30738431
30755816
30759236
30760578
30777207
30791611
30822797
30838489
30857299
30878893
30889491
30935002
30943868
30948344
30988238
31014573
31028406
31028664
31068366
31086759
31110157
31121195
31141785
31145495
31151327
31152217
31153561
31186757
31208797
31211872
31218281
31221981
31240473
31240524
31242696
31248444
31257503
31275753
31278288
31292202
31300360
31324855
31325170
31328182
31371348
31405148
31406254
31408165
31413655
31450822
31475115
31479414
31485826
31504231
31505989
31518680
31548295
31548536
31561044
31561286
31566052
31570703
31586149
31591388
31607296
31615936
31632056
31637414
31685963
31727689
31727977
31733634
31740784
31741126
31745125
31746408
31768950
31806013
31810230
31824866
31827136
31836442
31841594
31855307
31861486
31865175
31869219
31881020
31888244
31888670
31889470
31897644
31905004
31935911
31960518
31966064
31971798
31983120
31983428
31984581
32010615
32020473
32035087
32071674
32107549
32110969
32141187
32166993
32170402
32186930
32190803
32208352
32208957
32211103
32215616
32218467
32224866
32241846
32274701
32293336
32296873
32296913
32311879
32312817
32313423
32333643
32359929
32366697
32380538
32416072
32417712
32433536
32447938
32504153
32559177
32563269
32575619
32582544
32642696
32643682
32647705
32705169
32716208
32727816
32729303
32729927
32733012
32742729
32742915
32758465
32758466
32785780
32796956
32824685
32856872
32872536
32878781
32884284
32891974
32921406
32942564
32948843
32950635
32958546
32978444
32990028
33043739
33050528
33066633
33069188
33070553
33095353
33101674
33109851
33109852
33112940
33115694
33121211
33138036
33147752
33163535
33180422
33186344
33221817
33222166
33228806
33229627
33247679
33248711
33254233
33255417
33262701
33282092
33284943
33289434
33292606
33302429
33332283
33387682
33400009
33408906
33425744
33427658
33457062
33468990
33470039
33472598
33489866
33493139
33493392
33494038
33504762
33516867
33529962
33535038
33535600
33550363
33552543
33553421
33574648
33575999
33578097
33580980
33586600
33622704
33631386
33634261
33649794
33669525
33709779
33735687
33740099
33760141
33762734
33772143
33787635
33795525
33810170
33832922
33846618
33850278
33865962
33867843
33887545
33898313
33925547
33929516
33937440
33941203
33951927
33980169
34014286
34017068
34020723
34027408
34038049
34039720
34060283
34065652
34069550
34070746
34078652
34083508
34095766
34098063
34123575
34136522
34143606
34145795
34162262
34170697
34173871
34186176
34234856
34250481
34257620
34267303
34270876
34291337
34298788
34329662
34335021
34348994
34424450
34439934
34440884
34462665
34466221
34503108
34528398
34535560
34554208
34582629
34586841
34587990
34588213
34595478
34624834
34651186
34695176
34716958
34737211
34739683
34767259
34775641
34790172
34794176
34814054
34826036
34850159
34853984
34859824
34871733
34933728
34941573
34951647
34967233
34974243
34994649
34995947
34997121
35046058
35047830
35128264
35128400
35143931
35154988
35165037
35166065
35173295
35197370
35198082
35198955
35257150
35259259
35261853
35262523
35273342
35296436
35323882
35350224
35351982
35353219
35372066
35381077
35381683
35398668
35402587
35419733
35443108
35448183
35450359
35459936
35460975
35467128
35486703
35488886
35509721
35551192
35565263
35574540
35582888
35599302
35606665
35639513
35660795
35681100
35722822
35723131
35738587
35740557
35741254
35743098
35765075
35767448
35767449
35767450
35802554
35816267
35840577
35858227
35866817
35872783
35877430
35902443
35931821
35934766
35938721
35972438
35977494
35996504
36011350
36033919
36039055
36056177
36062346
36063222
36064577
36091829
36108424
36128131
36153582
36159801
36160383
36182816
36188571
36201590
36246217
36257911
36286062
36287540
36290297
36292072
36303770
36326618
36335135
36348001
36352097
36353533
36355448
36355572
36360312
36367045
36370742
36410274
36493798
36503457
36526609
36551690
36551714
36566048
36580017
36601689
36621781
36630991
36633771
36689074
36692427
36709157
36712042
36724515
36740223
36744320
36750709
36756391
36757619
36778762
36810519
36815747
36816966
36823302
36828361
36831536
36831729
36835465
36841018
36841772
36854124
36871981
36906285
36926116
36941703
36942363
36968138
36969331
36970174
36974551
37014667
37016139
37034685
37039952
37077830
37083507
37102976
37131619
37131765
37144386
37149859
37162029
37168376
37209613
37227789
37249659
37250582
37272516
37278280
37324217
37324278
37354775
37374260
37400643
37433029
37454032
37456829
37457302
37469494
37481865
37505929
37528157
37528722
37534525
37537750
37544875
37554212
37559682
37577695
37599456
37642636
37648148
37649709
37704495
37716816
37735426
37746298
37746315
37850447
37877960
37880243
37883975
37917187
37934582
37952042
37962597
37981573
37988281
38009114
38009118
38010220
38014031
38015561
38019246
38026690
38086797
38091010
38091408
38117484
38166539
38168519
38170705
38172700
38172718
38248076
38260668
38261864
38272925
38273856
38278469
38278871
38280407
38281628
38285799
38286053
38286269
38322174
38326661
38331418
38444421
38446419
38464189
38469458
38496920
38518408
38547421
38559270
38566776
38572065
38582508
38622131
38628602
38640348
38651495
38660411
38678597
38684041
38684319
38710674
38712107
38747392
38751104
38751398
38760850
38778261
38791049
38796421
38804345
38805913
38839702
38843355
38851781
38883785
38897973
38903071
38903086
38909340
38982076
38991060
39015644
39036962
39038392
39039166
39048562
39055544
39097182
39117967
39140289
39149696
39152110
39152244
39192927
39251618
39256086
39271346
39273177
39277608
39298928
39306640
39314068
39318042
39332936
39353390
39407401
39411882
39422678
39457569
39506075
39546097
39565200
39584448
39596246
39605316
39615653
39626209
39634128
39689747
39701584
39710967
39747799
39767640
39783768
39793065
39828078
39836922
39864140
39872214
39892383
39906459
39911703
39917990
39925152
39929766
39949830
39955197
40028796
40075667
40096893
40100120
40104804
