1939242
3982412
6353627
8369302
8954790
9244391
16232608
19228619
19350208
19458374
19469031
19530255
19554337
19765000
19877121
20107228
20130071
20131059
20160062
20171147
20227034
20305482
20368543
20376084
20410924
20421455
20427748
20431032
20508616
20538800
20567020
20659156
20678218
20727073
20847235
20872044
20884716
20929316
20929327
20946881
20955413
20962862
20975057
21130701
21173122
21233841
21250968
21454467
21504050
21596855
21598255
21625441
21637286
21643842
21647152
21647154
21885076
21889589
21889610
21904853
21997850
22020830
22033490
22057234
22057236
22080945
22180306
22215888
22338155
22397365
22416140
22489043
22494415
22520341
22616558
22683334
22781800
22886134
22922872
22929312
22950897
23071358
23111198
23192014
23226729
23232569
23263745
23330999
23365461
23376717
23524262
23532369
23558173
23782684
23815907
23894344
23949315
24033106
24049096
24065765
24065766
24067491
24098815
24132108
24138309
24172328
24328739
24328750
24328751
24344214
24344754
24374336
24440599
24443894
24460285
24532263
24589777
24722048
24868540
24887488
25040869
25092143
25398939
25398940
25469243
25486927
25495392
25557279
25753205
25795706
25836588
25987093
26007236
26125858
26178471
26189213
26228814
26331834
26464666
26553750
26562302
26590767
26617922
26669865
26782630
26865387
26898144
26943899
27087448
27113762
27118404
27142242
27151043
27245697
27249600
27325105
27422206
27435003
27469509
27591990
27621679
27649069
27913435
27956631
28084339
28193778
28193779
28218607
28280273
28415887
28461409
28493366
28514606
28536275
28549927
28554049
28588020
28601826
28653623
28687222
28735491
28748342
28798056
28900470
28915660
28928092
28938192
28945625
29064021
29090344
29162772
29164635
29172136
29184081
29243965
29288860
29290954
29346477
29456784
29465809
29522183
29527922
29567975
29603332
29660504
29742078
29761621
29769206
29851927
29861476
29863707
29874711
29913148
29981867
29987482
29987523
30013198
30013764
30046144
30128035
30131249
30176240
30206411
30240866
30299371
30334576
30340751
30360730
30427756
30455381
30508699
30510081
30539794
30634740
30719396
30765493
30791611
30952970
30967620
30998101
31055247
31064654
31105869
31121248
31187320
31240473
31257503
31376482
31418360
31450897
31479775
31503005
31530011
31542634
31599393
31615936
31632056
31685963
31810230
31814054
31876581
31896809
31932841
31963812
32016578
32089268
32145771
32224436
32245484
32296936
32300452
32313423
32333643
32358888
32457458
32474846
32476550
32604058
32629801
32679449
32742915
32764267
32853879
32882760
32900482
32952848
33001279
33005899
33017591
33165095
33173219
33184958
33186344
33219380
33400143
33455080
33500247
33516867
33602884
33713004
33753768
33801781
33898313
33916579
33929516
33941203
33976256
33981605
34083508
34095766
34162262
34166768
34186176
34221866
34265800
34271087
34274946
34289383
34315110
34321240
34349242
34407254
34418838
34427990
34434337
34462665
34513821
34616365
34672961
34743189
34870324
34922009
34966098
34994649
34997121
35052866
35078972
35091680
35122691
35143931
35255310
35313945
35351982
35381077
35386849
35447240
35486703
35527145
35544578
35574540
35714312
35738587
35800733
35814829
35844705
35917200
35973199
35995176
35996504
36038039
36056177
36063728
36064577
36150050
36205257
36222504
36251752
36264618
36286062
36293442
36304962
36335650
36360312
36367045
36401762
36484830
36510691
36537260
36574188
36633887
36637036
36653133
36736318
36739363
36743971
36754028
36778762
36831011
36922683
36925557
36942631
36946516
36968138
36978833
37044373
37052935
37077830
37227789
37248298
37272516
37315653
37384044
37462435
37706660
37757538
37871309
37882467
37900854
38009542
38012788
38166539
38167476
38181579
38229490
38238853
38269085
38281628
38318159
38347540
38507688
38547578
38564986
38653782
38658533
38662383
38679688
38736691
38751104
38802896
38805913
38819218
38928223
38953374
38960475
38980314
39055544
39072736
39113352
39152244
39157630
39191169
39256649
39318125
39346744
39363743
39407401
39409901
39432585
39439062
39455897
39459528
39560957
39615653
39689747
39744828
39788270
39808159
39842530
39892383
39913887
39917990
40062188
