1313971
7587382
7661405
7789178
8378091
8390684
8402901
8806828
9375298
10640145
11316729
12354161
12407708
12491250
12604614
14671200
15499378
15752742
16569742
16715137
16886151
17259557
17442315
17476475
17486080
17600529
17626744
17707215
17956593
18249219
18493663
18538283
18683043
18990245
19003523
19174523
19220583
19302825
19574224
19610618
19714501
19732452
19767315
19851056
19877134
19955558
20162573
20233590
20351332
20432247
20625407
20647220
20817523
20819078
20837466
20883644
20962017
21056085
21078151
21148487
21197570
21204214
21304894
21340542
21340604
21388493
21396585
21447702
21447712
21494688
21600935
21611203
21620944
21659463
21695430
21729677
21732141
21734071
21804605
21807868
21843050
21868553
21942521
21967153
22042973
22065603
22130793
22132081
22133293
22218435
22238194
22239439
22245152
22261717
22351760
22424712
22438913
22454081
22479204
22479716
22493363
22555179
22562956
22572840
22625652
22652659
22684254
22738321
22799881
22810805
22855581
22871572
22892600
22901623
22903739
22909219
22936109
23056576
23060553
23117852
23172312
23242155
23243309
23314677
23330847
23365645
23375101
23383308
23402816
23416929
23507142
23535923
23651613
23658296
23688189
23696648
23741071
23780396
23819040
23820243
23831640
23861392
23861714
23863897
23873272
23950876
23974362
24013232
24030073
24033502
24045180
24065146
24108072
24135282
24139236
24210543
24210909
24260287
24292683
24296753
24324762
24336047
24379526
24392142
24434591
24488410
24492468
24566683
24571711
24595282
24655723
24758241
24770843
24801045
24809298
24818842
24848710
24849545
24863809
24874051
24875127
24931256
24965872
24973425
24997432
25040157
25090459
25092896
25092925
25096247
25101918
25102325
25110823
25153223
25157758
25170759
25184138
25186968
25202993
25238791
25274331
25305490
25320355
25344917
25362932
25367936
25400749
25414803
25425114
25465188
25474488
25492481
25609710
25693802
25749031
25780292
25801198
25866162
25885794
25900182
25950762
25964777
26025408
26052929
26075254
26080834
26119932
26173023
26190015
26195122
26252249
26259806
26265685
26290394
26304632
26337161
26359102
26430715
26438154
26452103
26475121
26554308
26554827
26557760
26561558
26563994
26567220
26577700
26663878
26682991
26689622
26695144
26708715
26722410
26738606
26851511
26862168
26887513
26899323
26901531
26936292
26980747
27028822
27044882
27048245
27105537
27105918
27126374
27160688
27179633
27185872
27196766
27255663
27285981
27299695
27350269
27354148
27358721
27418340
27460078
27468875
27470393
27487118
27502396
27508021
27532210
27586516
27625849
27836546
27861515
27914008
27923977
28017727
28051262
28094184
28094870
28193878
28202495
28207927
28213921
28223169
28277190
28290552
28343662
28364785
28382840
28395282
28403518
28407051
28417283
28418902
28439706
28479199
28498399
28500773
28515443
28533226
28613101
28624790
28655914
28729397
28739729
28742836
28757207
28795385
28800315
28816378
28822014
28823963
28873464
28882129
28898232
28899882
28945762
28947975
28954282
29017894
29028222
29099264
29139225
29156819
29160127
29160922
29178948
29190911
29204986
29217764
29225052
29225160
29226546
29262508
29272313
29290648
29331887
29353882
29421153
29435821
29455661
29470850
29507664
29518496
29558395
29559623
29572229
29581736
29599290
29620219
29621572
29642855
29644076
29663740
29716918
29731738
29735545
29738863
29743295
29779108
29805566
29886785
29888103
29892839
29893377
29896311
29941485
29951828
29990869
30013477
30053089
30056117
30089593
30119207
30126838
30146725
30161025
30195750
30217735
30237504
30240970
30300116
30350263
30354209
30365147
30376373
30397176
30414542
30485837
30521861
30559857
30632644
30639046
30647104
30664191
30675224
30833419
30859796
30903488
30926641
30941978
30942430
30965609
30979001
31010847
31042587
31048033
31092619
31102265
31126198
31128030
31129148
31140856
31185266
31216925
31234291
31235784
31240707
31267557
31269290
31318893
31354352
31366500
31377314
31416841
31426421
31443963
31496145
31538301
31539124
31586944
31604579
31617439
31680140
31687025
31724454
31731883
31738383
31743769
31807627
31823290
31918102
31933818
31941753
32029900
32030864
32037650
32046161
32107851
32142859
32150843
32190664
32194644
32194978
32256788
32271414
32284739
32309172
32343508
32349525
32356191
32371878
32376245
32428851
32482028
32482188
32494007
32509208
32555542
32570949
32581853
32606920
32620624
32627028
32634806
32644822
32694968
32697974
32700452
32701997
32705168
32724414
32734536
32754602
32758622
32841331
32847606
32850334
32863763
32877816
32887025
32911689
32913456
32945416
32987303
33075426
33085926
33095440
33103413
33138224
33145961
33168159
33173731
33273014
33349156
33380522
33403501
33425108
33500625
33527184
33530159
33542215
33562061
33571556
33575257
33575847
33591952
33612293
33621401
33674953
33723215
33743517
33749521
33753875
33773190
33829270
33841659
33892274
34024251
34031486
34035852
34036380
34074726
34075028
34093664
34097060
34110249
34126893
34131104
34165167
34185427
34322776
34333424
34383203
34438446
34440118
34481934
34600083
34614499
34616159
34623606
34672999
34678598
34706132
34747545
34761108
34761583
34776628
34831014
34837929
34845162
34854210
34876132
34893758
34899908
34921013
34964902
34968461
34982265
34988853
35007429
35030978
35091507
35093599
35117016
35149128
35154476
35159261
35173890
35192204
35199365
35201948
35221012
35233882
35242856
35300993
35306138
35338991
35362533
35365444
35377939
35410220
35431446
35453679
35456472
35460500
35476233
35538024
35545863
35568132
35627241
35647546
35648337
35651701
35665642
35668527
35686490
35688943
35695065
35695608
35696220
35739859
35749888
35784559
35786404
35818420
35887347
35887382
35921893
35927086
35931675
35970994
35981570
36006565
36041543
36042202
36045666
36048501
36054916
36093879
36105797
36149602
36158838
36161098
36169172
36183441
36223548
36225569
36243800
36331687
36332175
36332473
36346120
36352194
36353242
36359213
36373776
36376274
36394300
36394520
36411339
36430468
36497022
36530175
36542208
36549436
36568144
36602546
36618948
36648607
36688726
36776414
36795607
36824269
36831107
36889082
36896461
36920947
36927387
36968227
36978187
37113577
37173768
37204264
37287964
37289199
37291945
37295490
37298628
37344807
37355467
37434556
37441495
37477020
37477779
37490874
37567540
37584671
37591362
37664932
37686528
37686596
37689814
37705862
37707697
37745980
37752233
37777542
37829624
37848931
37880793
37950511
37985893
38000359
38059910
38081964
38085649
38113333
38182007
38200153
38231539
38262267
38299600
38342897
38347000
38363352
38388918
38420122
38425784
38562745
38565402
38576274
38617226
38632221
38670398
38678243
38691618
38710621
38715012
38771412
38773262
38790245
38791406
38811846
38816743
38840891
38860356
38893258
38893528
38911555
38940850
38971545
38984951
39001383
39011677
39051060
39067323
39075581
39083871
39103832
39104254
39109685
39165088
39171181
39172343
39193132
39232805
39304806
39317064
39354499
39376742
39379801
39394189
39412159
39413164
39437540
39450263
39488924
39521729
39572596
39707649
39723246
39744430
39744436
39756209
39776174
39885295
39891208
39969678
40015087
40023828
40038716
40055251
40115165
