1657790
7754205
7783833
7905657
8385838
8881045
8913315
8947602
9162098
9245544
9271637
9278944
9363606
9508466
9743948
10192566
10433069
10507283
10529131
10580805
10683520
11121048
11166831
11250438
11352256
12480667
12486603
12687247
12706496
12792880
12932247
12944981
12959221
14597210
14605776
14748015
14994383
15041043
15127847
15198994
15319439
15367225
15631806
15800006
15815689
15838798
15932414
15933743
15937090
15958769
15990800
16026832
16284353
16287542
16321447
16380445
16389181
16519741
16905295
16959027
16982822
17083041
17123031
17420099
17442617
17481737
17510437
17511783
17532265
17576577
17684137
17690329
17692287
17908769
17947295
17957786
18362084
18363812
18390728
18414898
18440625
18479293
18493769
18538610
18582153
18588853
18607788
18611225
18680515
18717682
18829978
18832862
18836448
18844578
19004370
19058987
19084425
19149410
19204112
19244371
19267370
19284443
19295315
19295541
19349988
19381138
19412539
19552724
19700159
19760027
19771178
19781067
19805095
19828627
19838195
20016407
20070828
20191386
20360176
20413987
20471133
20472930
20589076
20622878
20622879
20645289
20664597
20835611
20927126
20951137
20952070
21090240
21131186
21135123
21188174
21205466
21240493
21357384
21357402
21439624
21519361
21532858
21559793
21560494
21600571
21621860
21641950
21653647
21699407
21814157
21886589
21925952
21958213
22048455
22075762
22187331
22238116
22288916
22378604
22393278
22537751
22562117
22595646
22722865
22760540
22760541
22768144
22859398
22902304
23021880
23086275
23096091
23143946
23152883
23182169
23213548
23273955
23412382
23430759
23449984
23453286
23555939
23638863
23640160
23736221
23749933
23765634
23814583
23857017
23898109
23917667
23951054
23963706
23966553
23984295
24021704
24074435
24130510
24151497
24167151
24183308
24194923
24216686
24269690
24289726
24381223
24395029
24620022
24628819
24631780
24677716
24690978
24708170
24720881
24747960
24882466
24924228
24971461
24994464
25022448
25051072
25209180
25252624
25263239
25287662
25296012
25351768
25375156
25409741
25416810
25438467
25514046
25619654
25627396
25673564
25720800
25733167
25855122
25920429
25940109
25941808
25990915
26015970
26035380
26074416
26076859
26112140
26160212
26185532
26198819
26255050
26260587
26340474
26371255
26373652
26424657
26478009
26481614
26506472
26521731
26537916
26802939
26816594
26823867
26909998
26914399
26956044
26962683
26987136
27046676
27068548
27074324
27119521
27122592
27210870
27233255
27282611
27286581
27297552
27335593
27397081
27420331
27436278
27464962
27469563
27543394
27558476
27592234
27619993
27651693
27655833
27662642
27696149
27699570
27756896
27837625
27890932
27910763
27917866
27969076
27999453
28073842
28086957
28160656
28174026
28189064
28244985
28250252
28254559
28263776
28268030
28322445
28341757
28344354
28445725
28477143
28574805
28591587
28596683
28664613
28705468
28708803
28750137
28752048
28763918
28792810
28894116
28931830
28965252
28987945
28993412
29017513
29023267
29034110
29039348
29097996
29150604
29151895
29247709
29298134
29340806
29384969
29388277
29476787
29481982
29486786
29636026
29662655
29694797
29696068
29721365
29788382
29802545
29849494
29888255
29895319
29935877
30017086
30030838
30150986
30205739
30235279
30336455
30345559
30430731
30452090
30475169
30487959
30502051
30518790
30530891
30550295
30642977
30692604
30787928
30798535
30803280
30882006
30923465
30974386
30977112
31005957
31164920
31260655
31304220
31332997
31481410
31630153
31651650
31663450
31871458
31886296
31932715
31936183
32016805
32117262
32128816
32170906
32179854
32248172
32316628
32317521
32443576
32495741
32540614
32591441
32619758
32633848
32645294
32651972
32698242
32724815
32742480
32795736
32835897
32845546
32871288
33045845
33048003
33059393
33069925
33163192
33178211
33207212
33257743
33266022
33334395
33396408
33430411
33479908
33579367
33582825
33596307
33664805
33679743
33767440
33767693
33769212
33809795
33861738
33884734
33924242
34031980
34069330
34188268
34285051
34290697
34366205
34381181
34452889
34480606
34521922
34611908
34732154
34758028
34902507
34946862
35107021
35126456
35205336
35205339
35239303
35272743
35287715
35358301
35387061
35445115
35456412
35481870
35572136
35632766
35715850
35757772
35763686
35790769
35817292
35887591
35980983
36083322
36123355
36233253
36247965
36297479
36375313
36428917
36534332
36555251
36584137
36882999
36889485
37059448
37062956
37296215
37390087
37512128
37520545
37600000
37647773
37937689
37951418
38033168
38074197
38187307
38198476
38232251
38245691
38340652
38346238
38508770
38534783
38570004
38666495
38711262
38811991
38822340
38851847
38852136
38853660
38943078
39034374
39133968
39185143
39290825
39337678
39355237
39409054
39471724
39484420
39501640
39541341
39647682
39658974
39825930
39848112
39905391
39933261
39973810
40055831
40117325
