7799967
8628285
9925918
10380697
10801783
11703512
11857060
12044341
12061786
15190266
15222686
15236174
15306845
15356674
15803022
16098232
16253969
16257277
16263000
16435917
16550552
16634865
17006606
17196954
17258699
17372270
17386941
17413037
17444587
17511783
17532232
17587593
17716546
18173740
18239554
18271063
18369665
18573495
18631256
18656550
18832862
19016479
19043479
19166966
19191798
19272346
19431193
19461122
19742166
19877066
20016407
20035239
20044070
20157068
20332462
20405297
20565898
20671275
20864644
20979650
21251078
21347685
21445336
21523343
21621860
21653279
21671260
21731057
21811191
21992747
22132000
22382516
22414649
22540426
22568934
22572995
22768033
22858724
22951596
23148654
23217179
23383415
23417678
23659674
23784458
23927441
24194923
24446526
24465880
24654313
24839897
25174605
25207923
25221996
25398456
25422961
25476976
25483963
25521228
25910560
26141218
26158864
26188264
26330006
26385345
26481614
26657940
26891860
26909468
26932518
26961169
27246313
27592234
27602547
27630500
27730688
27749914
27810076
28151075
28157220
28223139
28268030
28634744
28637910
28682145
28727656
28786745
29017513
29054755
29169428
29616282
29880716
29888256
30220520
30300855
30355733
30465622
30595799
30670488
30787661
30803280
30852631
30982982
31044637
31092216
31222982
31357078
31444612
31499272
31500508
31863173
31978095
32176536
32240943
32550560
32569770
32648256
33085641
33099841
33168816
33193300
33316430
33330522
33348197
33413117
33432850
33445495
33620089
33622070
33900421
33941028
33978542
34220411
34265390
34279540
34284461
34367622
34493360
34497300
34836309
34867336
35139823
35178191
35371000
35390444
35436689
35724845
35781221
35901525
35994463
36496884
36577251
36646016
36969073
37147350
37257580
37442065
37868820
37902927
37952723
38248068
38399404
38453911
38468975
38610941
38858637
38903927
38991640
39039694
39185143
39456770
39743035
39874319
