1279768
1281760
1309887
1311668
1318227
1327803
1380488
1385054
1427600
1427819
1439145
1439146
1439147
1439148
1439149
1439150
1439151
1439153
1439154
1439155
1439156
1475713
1518839
1544169
1567545
1634003
1647881
1660901
1710143
1718780
1730090
1741402
1757119
1772970
1775252
1818294
1883358
1889804
1906157
2073813
2112087
2118904
2127396
2157429
2160579
2168860
2194677
2253684
2339071
2374694
2386010
2606140
2786699
2788520
7475325
7530603
7530764
7545362
7594540
7594592
7622142
7635140
7660074
7680115
7684503
7694064
7783833
7797496
7818522
7843810
7876106
7935377
7935442
7950924
7961962
7993786
8002172
8019918
8040336
8054703
8061535
8134378
8189035
8200278
8200992
8234276
8244997
8253529
8264594
8305530
8325885
8336793
8346247
8380454
8384717
8428540
8441418
8455626
8524227
8532864
8552662
8574788
8617376
8627674
8649986
8674070
8709636
8741645
8754861
8798413
8823310
8844998
8870374
8909977
8954167
8979262
9010072
9040943
9052733
9117441
9168241
9169458
9199351
9199508
9238507
9239843
9244806
9309381
9321951
9324301
9420012
9461509
9478261
9519780
9648065
9684858
9725220
9753648
9808569
9844745
9866704
9922045
10226093
10229861
10323486
10400042
10435001
10467711
10481452
10506755
10528209
10566878
10651844
10801769
10801783
10855690
10956548
11001912
11006090
11070240
11097212
11281645
11306811
11426023
11553283
11854844
11860469
11866474
12018631
12023384
12044971
12053186
12110913
12117682
12123737
12151100
12167214
12180817
12184911
12355443
12367750
12706815
12719374
12737276
12898289
12900446
14684705
14728809
14981536
15048722
15127847
15306845
15467434
15566952
15579284
15631670
15670832
15731288
15733644
15745939
15760495
15772702
15790343
15793269
15939312
15986200
16095891
16258248
16287542
16456693
16458921
16573548
16644865
16720107
16819095
16840032
16845637
16938116
17003362
17055359
17083041
17115186
17123852
17309100
17346257
17380888
17409010
17416766
17509454
17511783
17575466
17586049
17594514
17639077
17694420
17724128
17803048
17908769
17997171
18001296
18045485
18086782
18156493
18191407
18192328
18239554
18249219
18260730
18271063
18276608
18348080
18356242
18420533
18434962
18449112
18449426
18508793
18593632
18607788
18680515
18752089
18758806
18759290
18774574
18809921
18812416
18832862
18922529
19019369
19084425
19128984
19185507
19234509
19272152
19280716
19352693
19359268
19390282
19406470
19437244
19548298
19550417
19644702
19729864
19734969
19779735
19833146
19837795
19853505
19854106
19878981
19902173
19926618
19965896
20012010
20072847
20132806
20176930
20352618
20661738
20813601
20826731
20852920
20860759
20864574
20930550
20971801
21044752
21090240
21104991
21196492
21220315
21228692
21233768
21235536
21315665
21329755
21343371
21374653
21407237
21418369
21439276
21455770
21523452
21529825
21535154
21617699
21621860
21639625
21676593
21705340
21711799
21771210
21889771
21924479
21940820
21965347
22038572
22105366
22155094
22209080
22228719
22234866
22258388
22364742
22382516
22386961
22387051
22565057
22568934
22577435
22579472
22696056
22714907
22721508
22722139
22739041
22772723
22819326
22844376
22895491
22969947
23027890
23044206
23056300
23078005
23089469
23135962
23148654
23176569
23198942
23369187
23383400
23430759
23470916
23573561
23582566
23593036
23638863
23662429
23665401
23716328
23732361
23780768
23814583
23821953
23889749
23891823
23913484
24009854
24048742
24139871
24140476
24279177
24314052
24438824
24528956
24555796
24582317
24613204
24677511
24694795
24725540
24788682
24795343
24830721
24834995
24837562
25022448
25025230
25038626
25052265
25092916
25114581
25127106
25213322
25285632
25305747
25357087
25362566
25381629
25384728
25398811
25409741
25419434
25564572
25573951
25596176
25603974
25604533
25633035
25656040
25670170
25753878
25760924
25774595
25824337
25829425
25897330
25943392
25994869
25999849
26011111
26020391
26026087
26048576
26081811
26124203
26130650
26153655
26177279
26184038
26187786
26198920
26204395
26215971
26291404
26302774
26358633
26385345
26447433
26481614
26510945
26515594
26535637
26558825
26580974
26605964
26631268
26657940
26662441
26671411
26673164
26700208
26738368
26744529
26744530
26759233
26790618
26804030
26826491
26839145
26840977
26842876
26858125
26868449
26921327
26929249
27001312
27123047
27127347
27163161
27169944
27172922
27184334
27188858
27197152
27197187
27197269
27228225
27246313
27266518
27277846
27328730
27343994
27387064
27436278
27469563
27488529
27489361
27502736
27555966
27643980
27662210
27667451
27726475
27730688
27796193
27833137
27861797
27863449
27879265
27917866
27939431
27951455
27957415
27980027
27996163
27999284
28056186
28073126
28083615
28091912
28151075
28185444
28185985
28189064
28268030
28292438
28341757
28353315
28427199
28432091
28559019
28592206
28593468
28601896
28611107
28625979
28645275
28715406
28763918
28765037
28783170
28784136
28794503
28811543
28820735
28868572
28879718
28917653
28928161
28975281
28987345
28987812
29017513
29027990
29059160
29126030
29128405
29179499
29182577
29217401
29222016
29222745
29255366
29258522
29302812
29305671
29307154
29339399
29373769
29376847
29378067
29399342
29429002
29445381
29454618
29540470
29556041
29581268
29662655
29684412
29688769
29693152
29722127
29726680
29776955
29785132
29787542
29888256
29921731
29957468
29959142
29967259
29969659
29970138
29991500
30029918
30040142
30071880
30074683
30110560
30154433
30203839
30254184
30291114
30291142
30344703
30344742
30346985
30404032
30442350
30443842
30473726
30475222
30515781
30545407
30578886
30595799
30647085
30647086
30647443
30660771
30662970
30690290
30785515
30787661
30809313
30819183
30824583
30828987
30836096
30840371
30848409
30899371
30918019
30935974
30952727
30989422
31001075
31001483
31036801
31174625
31182923
31199170
31222667
31288722
31295854
31302740
31315839
31332997
31337650
31341681
31377584
31468132
31507089
31520987
31550669
31552141
31552761
31554639
31611269
31636361
31663450
31685562
31689825
31781117
31781194
31806685
31825106
31836387
31836512
31848193
31881666
31885098
31887846
31907296
31964625
31965901
32019810
32041834
32042729
32047191
32086584
32119646
32141789
32154227
32207044
32210969
32219005
32226360
32255918
32265226
32321563
32330537
32345595
32368126
32384151
32415054
32466093
32488308
32492396
32540614
32554751
32561531
32648256
32652594
32665209
32666334
32679107
32698242
32705933
32713855
32724421
32726406
32743515
32802897
32811969
32828308
32847938
32871288
32876525
32879426
32891315
32917727
32918257
32924606
32933994
32935118
32941896
32963220
32979687
32997660
32999044
33047210
33049461
33056994
33080310
33126846
33135338
33159167
33177492
33187912
33191889
33193300
33218268
33244382
33294275
33339153
33410579
33429732
33432850
33467724
33483984
33506945
33534412
33576874
33582286
33622713
33662586
33757812
33768003
33771600
33858489
33900421
33907185
33910460
33936205
33958640
33963832
33996824
34026283
34050116
34058440
34094941
34099877
34117031
34146956
34162546
34183713
34201855
34203285
34203452
34236279
34323408
34324160
34337913
34353696
34372806
34374296
34411141
34422669
34427348
34480250
34497830
34516395
34518296
34518515
34526349
34576335
34582362
34601117
34660570
34678756
34731090
34756793
34777050
34790130
34815425
34834425
34845376
34867962
34931349
34939704
34979873
34991668
35011356
35111744
35191519
35194016
35205271
35205334
35248826
35262550
35292057
35330392
35336914
35348629
35371061
35413537
35436049
35521908
35532870
35577741
35587532
35593585
35621838
35625945
35654994
35661430
35666812
35692503
35705376
35710492
35748594
35761803
35783606
35810505
35860525
35881007
35941890
35958524
35964496
35983127
36039447
36042970
36071382
36072059
36082167
36084325
36151360
36176980
36217678
36242756
36250950
36283175
36323530
36337884
36406229
36446858
36451838
36470598
36472886
36479645
36526090
36565897
36583805
36595561
36633260
36684808
36781081
36786206
36848486
36857015
36864209
36895988
36902616
36912345
36932385
36945595
37000662
37001436
37010813
37019614
37043715
37062842
37063831
37097445
37099596
37103114
37121744
37123128
37128211
37165375
37203852
37205490
37243282
37250104
37258924
37262315
37307277
37354233
37390087
37452092
37477088
37564653
37576403
37587561
37596310
37600000
37604299
37605597
37723312
37734370
37792745
37903553
37938563
37983949
38014209
38015538
38033168
38033941
38112159
38125571
38167602
38187307
38187405
38223804
38245691
38250713
38292196
38338642
38348267
38355560
38424624
38434518
38444034
38468260
38483732
38524816
38538077
38601146
38667300
38705535
38715184
38726266
38742466
38745325
38827241
38827242
38831470
38845262
38852136
38870868
38892230
38895088
38925396
38927435
38951255
38983084
38986306
39055316
39070225
39113855
39121924
39141207
39185143
39208074
39229261
39229924
39251588
39352225
39408929
39433142
39505470
39729489
39730678
39744421
39753529
39766336
39767803
39810058
39812719
39814850
39855042
39893643
39956090
39967508
39984567
39988287
39993692
40022710
40056415
40058106
40074853
40077814
40082587
40086517
40100063
