1311668
1652342
1868917
8147262
8595612
8754861
8913315
9065045
9236158
9245544
10369926
10696427
11431705
11908679
12107097
12558816
12839942
14535428
14605870
15218164
15222686
15356575
15598788
15708897
15713605
16214933
16429233
16484794
16503988
16897191
17061983
17211588
17380888
17433017
17578764
17767856
18086782
18192328
18363812
18449112
18523665
18635816
19112107
19185507
19437244
19659670
19734969
20015396
20400187
20450371
20488171
20720165
20826776
21113675
21179067
21315665
21376140
21443923
21513151
21570865
21774619
21861875
22354777
22382516
22685373
22696056
22727395
22783581
22891766
23148654
23163132
23198942
23660697
23706953
23821953
23978569
24033189
24205801
24386171
24507715
24609754
24686456
24755559
24851271
25375156
25380467
25633035
25695485
25735562
25810490
26158606
26199092
26304234
26387812
26459323
26527915
26669014
26916791
27013197
27075927
27076398
27209008
27245471
27642120
27678171
27799249
27813832
27872094
27923834
27951455
28101945
28160095
28185985
28301874
28454334
28646235
28747718
28766330
28811543
29109423
29215544
29425105
29776388
29959278
30074183
30082413
30084946
30210926
30303246
30446590
30496732
30684762
30685379
30713847
30717657
30851105
30903720
30935974
31330222
31439713
31486595
31488216
31604846
31619718
31662504
31706322
31781194
31818332
31916985
32010136
32056673
32219005
32430387
32532788
32536602
32684872
32698242
32702515
32871288
32881511
33376096
33391627
33411234
33574243
33582825
33653774
33807899
33900421
34182229
34345740
34470577
34670781
34775880
34847866
34906547
34965935
35197758
35224833
35302608
35487914
36076947
36175465
36457191
36567172
36848486
36915147
37189565
37331296
37343486
37364660
37467070
38359298
38483732
38494608
38686467
39194729
39614885
39623324
39658974
39689294
39800379
