7512720
7514165
7525556
7537214
7543512
7579387
7721895
7814871
7929391
7973658
7973659
8041779
8232552
8272872
8331382
8514334
8580378
8621573
8631301
8637106
8647212
8703030
8732683
8892755
9001223
9006890
9013940
9031700
9045682
9096349
9199317
9209415
9212064
9226159
9238016
9249040
9334213
9353320
9382798
9434151
9446616
9516124
9553136
9590172
9738022
9774657
9774693
9794795
9815665
9849880
10216250
10488146
10502458
10642538
10756075
10823829
10861237
10945233
10982844
11187900
11468294
11527382
11557047
11801527
12130510
12223098
12374810
12551917
12576323
12590942
12620806
12878601
14571147
15063116
15833880
15883164
15894543
15935618
15988755
16102578
16239216
16322752
16474838
16741510
16767694
17028922
17143475
17158029
17290288
17385713
17433443
17570252
17641294
17645497
17686504
17908914
17928529
18160671
18178840
18320073
18346458
18362173
18413761
18559588
18664717
18691320
18718058
18948751
18995957
19139102
19176360
19239328
19295546
19361440
19535621
19620279
19764985
19900094
20072651
20130243
20167706
20195830
20363976
20443595
20506062
20588308
20641039
20697856
20701804
20709027
20843246
20846526
20868368
20974963
21106455
21125645
21138870
21155226
21155952
21216930
21220115
21277633
21289371
21393331
21420464
21439476
21480207
21551237
21677670
21840487
21861134
21880637
21892841
21919691
21949722
22142512
22226123
22281165
22355274
22406175
22591402
22698084
22718840
22748021
22812580
22844427
22889354
22891040
22901011
22939972
22955920
22971156
23051187
23107482
23214979
23296072
23319999
23333246
23333931
23383203
23459451
23589800
23592745
23611997
23613111
23659214
23674219
23703473
23714529
23791841
23827160
23860541
23885837
23901114
23990909
24006460
24030211
24042009
24048415
24056820
24069559
24081976
24154688
24258498
24261748
24292520
24398382
24501689
24577942
24583775
24726550
24733674
24905060
25113558
25156366
25180155
25193870
25218441
25289677
25319391
25352124
25369270
25379406
25398374
25399770
25634668
25681059
25686006
25695744
25824483
25837197
25842729
25917087
25931145
25947293
25959715
25977345
25986861
25988600
26005883
26027934
26101742
26130650
26137574
26155422
26166037
26188635
26215634
26232434
26315837
26351728
26372653
26473156
26482169
26482170
26614408
26693854
26701727
26785220
26819051
26826240
26832189
26910327
26916391
26924692
26927423
26936678
26985867
26999844
27007833
27053336
27055521
27086927
27088444
27111231
27132469
27133025
27198716
27213585
27222478
27261178
27276423
27371847
27383175
27440725
27456198
27555284
27671227
27683877
27725143
27725180
27771575
27785927
27789678
27791347
27818184
27827355
27847179
27862215
27893714
27903500
27905037
27909066
27919027
27923824
27993828
27993829
27998770
28008925
28031410
28111307
28154170
28196286
28240233
28241173
28292965
28302714
28334721
28356514
28410228
28425456
28478401
28503781
28539123
28539220
28542400
28550193
28560434
28597963
28612527
28619982
28622623
28626517
28656237
28674362
28677798
28708884
28729401
28790099
28853089
28879441
28901399
28960447
28965767
29056075
29121062
29128627
29134648
29140408
29162613
29202299
29263442
29264484
29266308
29296819
29298069
29322424
29327077
29351986
29395057
29441069
29452839
29481660
29538460
29637270
29645296
29649002
29654783
29668931
29693186
29695516
29731870
29731916
29736209
29761158
29789426
29856615
29872580
29907599
29939445
29990790
29995842
30061878
30066904
30079384
30082821
30088677
30090403
30098838
30108938
30113844
30115734
30137697
30206929
30247637
30252456
30282666
30347972
30349038
30357932
30411754
30429882
30464391
30470838
30500075
30515263
30519664
30544712
30562763
30571852
30609030
30609183
30635766
30654066
30668755
30671064
30671927
30701574
30711510
30765261
30765499
30767864
30796717
30831034
30837996
30842608
30849642
30865855
30886973
30891131
30899259
30949000
30978308
30981576
30990343
30997845
31026677
31105866
31135224
31182999
31214864
31235520
31305264
31334773
31348981
31382969
31396213
31406476
31423579
31448433
31497193
31497241
31511209
31543322
31556112
31606943
31612426
31629805
31634789
31654094
31692920
31719581
31783811
31790361
31797578
31819176
31821455
31821750
31831383
31831954
31852247
31857155
31892268
31912462
31916502
31947841
31961204
31972249
31976485
31981714
31992541
31998982
32012267
32019673
32023730
32054011
32058175
32064884
32064962
32088853
32096183
32171478
32180469
32196928
32224230
32253095
32276266
32311398
32324888
32327347
32339898
32346301
32359221
32397290
32446385
32462873
32467752
32483368
32486841
32495566
32513989
32515232
32527540
32532301
32560455
32592721
32606953
32620868
32628957
32629176
32633362
32652502
32681257
32702726
32732872
32750333
32767332
32776305
32788655
32808031
32814839
32818015
32861662
32865051
32877908
32884339
32895373
32908556
32915978
32937149
32945463
32989920
32998963
33028675
33055240
33110224
33113249
33120173
33128149
33129109
33170612
33207208
33243749
33254669
33297736
33323549
33338537
33343569
33357183
33428419
33428440
33475190
33495807
33495837
33506010
33523587
33577004
33585999
33601053
33607177
33626345
33634377
33634982
33662027
33667986
33724512
33740386
33747209
33782031
33797200
33811972
33827897
33843403
33887260
33935772
33950224
33950225
33950226
33950227
33950228
33950229
33968620
33981229
33992887
34052462
34054304
34118090
34174323
34184542
34184962
34194525
34217848
34260760
34274356
34283251
34314383
34324169
34390071
34396239
34407675
34416294
34435525
34467111
34496019
34514265
34515136
34516050
34517008
34521299
34524541
34531866
34540913
34556638
34587898
34626802
34627950
34704880
34741617
34741776
34747340
34761860
34764752
34774741
34778942
34839559
34844720
34845259
35046931
35057680
35059869
35113547
35167829
35172257
35196494
35215353
35235776
35267240
35297304
35305973
35317858
35339579
35343934
35354957
35371618
35381181
35411464
35446502
35460281
35481616
35486473
35502542
35504805
35517817
35529449
35545774
35569717
35571736
35575798
35604239
35605911
35632786
35659915
35699857
35708677
35710093
35711042
35733864
35766380
35806272
35820543
35870730
35920185
35929062
35931919
35946050
35958489
36029577
36042351
36043430
36057765
36068788
36069111
36097295
36103628
36130301
36130639
36140425
36142375
36180594
36199685
36203601
36213586
36222297
36257578
36271046
36283961
36297334
36305169
36325490
36327094
36362183
36376765
36376931
36385926
36429017
36472038
36506530
36512734
36546480
36548476
36555286
36583805
36607250
36617342
36639058
36643029
36647631
36648693
36651907
36680304
36686689
36687420
36698809
36724173
36745485
36747955
36768974
36775874
36839707
36855558
36861402
36864711
36873098
36914420
36917531
36918905
36924861
36974587
37004800
37036183
37038911
37047778
37077916
37080331
37132187
37151134
37168340
37168478
37174625
37186036
37194394
37199727
37203390
37203852
37224204
37343845
37348755
37356718
37414101
37417777
37455900
37467837
37482043
37488636
37493389
37507425
37562217
37564034
37595958
37624299
37633235
37641144
37643592
37659098
37673210
37695699
37711220
37713785
37713898
37724178
37824022
37837898
37863021
37883818
37884945
37897947
37908169
37919960
37922651
37925078
37925520
37948318
37979381
37988912
38001065
38012616
38031930
38061117
38070469
38077908
38092009
38115742
38151137
38156810
38185750
38201452
38218012
38233760
38246919
38250468
38262152
38263468
38285279
38299059
38304729
38308057
38316350
38338065
38347954
38348966
38395305
38429680
38429845
38431923
38446738
38459564
38467333
38516192
38547431
38556411
38563820
38565410
38597446
38642237
38690512
38697957
38701735
38709237
38729853
38741475
38750952
38798038
38798421
38812234
38815349
38838918
38867395
38876403
38880827
38906855
38910570
38918174
38954384
38955123
38959983
38964169
38983936
38990537
39008325
39018876
39032666
39032760
39046815
39062946
39066954
39087093
39167334
39187545
39188724
39207300
39209829
39234955
39242993
39250538
39261048
39265191
39267003
39283290
39314167
39319743
39332072
39353391
39364807
39384195
39390367
39401278
39406018
39412256
39414615
39431356
39447537
39477578
39494835
39505344
39508655
39536426
39536933
39553307
39591719
39616021
39625254
39645143
39652904
39681482
39706854
39716925
39722417
39731134
39739565
39744421
39757860
39760987
39787653
39789627
39793717
39814384
39817453
39821232
39823706
39827709
39828908
39843435
39845897
39850114
39860613
39865252
39874907
39878886
39879833
39881344
39909240
39920358
39925953
39954065
39986217
39995397
40018984
40021475
40028820
40034864
40037425
40047405
40051262
40055205
40056415
40060568
40076470
40080976
40097840
40103327
