1620548
7499280
7499845
7500025
7508935
7514165
7515493
7517045
7518927
7522448
7525556
7527392
7527668
7528775
7534285
7537736
7538110
7540178
7543102
7543416
7556623
7559450
7579336
7589510
7592639
7594607
7607555
7613138
7649117
7654999
7673169
7775438
7780132
7782312
7812050
7814871
7888666
7889566
7901766
7925092
7925093
7925997
7945371
7956946
8007942
8034567
8034573
8041779
8063772
8063815
8068943
8134389
8174677
8188682
8343951
8343952
8378315
8530527
8537333
8541539
8609418
8611693
8614406
8630039
8630373
8631962
8645238
8647882
8663414
8677747
8698849
8702385
8702638
8703019
8732683
8770909
8805024
8813644
8876196
8923468
8943308
8943354
9001223
9028317
9031700
9052992
9067635
9099911
9111009
9111318
9121492
9126968
9139679
9154835
9164861
9188787
9202403
9209414
9211920
9212064
9271667
9287353
9299374
9326218
9326455
9343425
9343427
9360930
9363897
9363920
9417042
9422769
9440544
9446644
9462834
9464845
9473212
9516124
9544991
9553131
9575217
9590173
9590174
9593046
9602424
9624169
9657743
9680354
9687520
9731195
9736611
9814969
9822675
9883901
9886807
9918803
9923445
9973252
10026141
10037724
10090948
10198225
10224108
10224114
10329677
10331501
10361134
10364571
10372134
10409649
10449913
10502458
10512880
10514551
10515866
10551877
10551884
10556830
10585851
10594549
10600634
10600756
10618497
10642538
10676635
10688817
10733929
10746665
10748109
10757801
10772872
10779328
10842184
10845925
10882725
10912517
10925297
10929036
10938266
10945233
10969180
10975987
10976913
11030348
11036942
11117534
11152457
11181541
11187900
11278610
11278738
11287676
11313464
11313480
11314018
11335106
11377430
11409898
11435425
11440634
11493922
11518796
11593427
11681418
11682625
11684565
11694501
11698276
11728804
11744626
11821424
11850439
11858938
11875116
11881154
11923474
11940572
11971965
11980713
11980901
11997394
12063401
12106016
12107179
12136932
12149229
12190118
12218045
12223098
12351625
12370803
12401519
12426001
12456871
12478664
12482029
12551917
12552091
12590942
12594853
12595539
12602946
12665520
12686600
12691918
12734778
12748279
12777386
12931269
12941779
12952963
14551204
14730712
14734710
14749700
14990041
14996842
15090193
15102475
15121872
15135391
15143187
15143188
15147409
15151905
15159394
15169911
15189810
15196000
15251452
15329285
15336646
15354294
15475610
15496449
15530433
15530849
15543946
15572583
15604114
15611059
15615703
15622774
15640156
15659221
15671147
15677497
15688008
15705783
15781101
15790774
15793561
15801842
15805263
15828784
15837627
15858187
15860661
15863514
15899943
15918795
15920007
15927298
15932931
15936213
15970430
15970705
15985214
15988755
15993410
16001431
16025117
16034466
16037387
16079889
16079890
16081684
16084028
16084495
16091753
16115143
16123535
16155412
16156866
16156870
16177074
16192494
16197445
16197451
16204151
16225651
16226846
16236556
16239216
16239910
16247455
16254141
16257270
16270039
16271512
16281066
16285006
16287070
16290054
16293597
16304380
16321848
16321863
16325696
16330446
16331280
16341032
16341038
16365452
16373657
16398659
16408096
16408098
16418333
16420986
16424865
16434495
16434499
16434962
16442619
16445842
16453004
16456223
16461300
16465216
16502590
16503546
16503548
16517948
16531268
16532437
16537803
16546874
16557239
16563502
16563504
16564930
16567515
16572198
16572200
16597920
16598303
16598306
16598312
16603627
16617315
16617316
16617322
16627272
16631280
16632470
16670082
16673022
16675710
16705159
16705160
16707363
16710304
16728702
16737911
16741247
16755940
16762626
16787500
16810610
16810614
16822720
16825501
16825505
16827884
16831057
16847321
16871278
16871281
16871284
16873677
16877349
16879012
16885051
16887119
16888614
16901656
16904848
16912229
16912864
16914715
16914724
16916724
16921591
16921592
16923114
16923154
16926301
16929538
16930139
16931578
16932338
16946305
16949922
16953212
16953222
16954506
16956348
16956836
16959246
16982687
16986707
16987804
16990759
16990762
16998940
17006961
17008888
17011030
17018857
17023581
17024180
17027227
17032592
17035297
17039230
17045648
17049118
17052978
17054914
17057021
17059429
17064566
17068151
17077140
17078929
17091494
17096014
17109389
17110452
17111143
17128263
17133423
17133457
17133464
17140804
17145024
17151700
17162218
17169814
17183644
17190855
17192390
17194663
17204324
17208428
17223913
17224012
17229651
17229652
17230231
17244688
17251334
17255768
17256145
17262192
17263783
17266061
17267904
17267906
17268517
17285276
17296594
17301814
17301972
17313377
17315023
17317861
17326212
17327369
17336249
17344912
17344916
17355939
17356406
17361221
17363731
17379069
17379742
17384217
17384221
17389152
17389763
17392820
17401398
17402211
17403204
17404288
17408106
17426257
17439832
17440677
17441474
17443223
17452518
17454614
17460708
17462790
17466371
17476275
17488700
17493421
17496209
17507997
17509995
17519522
17526654
17530781
17541402
17543182
17550976
17551678
17565328
17565448
17573918
17581610
17587878
17596137
17597806
17597810
17607690
17611555
17611562
17613428
17625603
17625606
17625610
17625612
17630945
17634823
17637260
17644747
17652621
17682071
17682428
17687555
17688946
17695304
17698191
17706283
17707437
17712047
17713549
17719087
17721432
17726028
17727557
17728251
17760813
17761748
17764811
17822250
17851549
17851561
17851851
17854308
17873518
17875526
17881638
17882282
17907502
17910642
17913656
17913657
17914411
17919086
17920755
17926180
17934351
17949475
17961178
17973973
17976519
17982107
17983808
17984312
17984313
17988529
17989398
18000612
18003935
18032883
18032973
18033315
18035585
18035697
18036230
18040685
18045059
18054268
18055979
18055983
18056003
18059483
18059484
18068534
18072652
18078991
18079739
18079740
18079966
18089573
18092959
18094555
18160670
18160720
18195094
18200037
18223181
18228120
18230964
18239084
18239619
18239666
18241656
18245540
18245948
18250227
18273905
18291525
18294066
18296848
18297539
18308368
18326042
18327418
18328792
18336541
18354492
18362222
18365193
18394554
18394555
18398061
18398736
18398895
18409076
18410451
18439261
18439674
18450736
18455791
18461004
18466967
18469519
18471803
18479730
18483305
18485152
18496561
18499741
18503583
18503828
18515659
18521519
18523665
18525315
18528425
18528646
18537978
18538168
18548249
18555525
18566540
18575049
18575865
18580953
18591622
18591647
18600099
18600100
18606683
18612778
18616510
18616871
18618018
18618714
18623127
18623221
18626727
18632151
18636744
18638010
18639337
18641024
18644434
18671703
18681311
18682290
18685610
18694336
18695355
18698085
18709972
18710787
18718905
18720212
18723264
18723478
18728027
18729264
18754026
18766271
18771702
18775810
18781401
18786436
18790796
18796251
18798867
18802948
18805579
18805580
18813209
18815218
18818682
18818701
18820995
18835816
18838204
18841497
18843287
18848530
18854675
18927438
18930836
18951468
18959057
18981157
19003996
19004076
19034877
19035079
19036091
19046316
19047681
19063868
19074058
19074595
19080367
19080518
19088723
19093167
19105231
19105233
19118011
19118374
19120350
19120368
19135773
19136931
19144539
19151782
19153190
19154413
19154659
19167611
19175693
19176031
19181784
19183237
19196000
19208099
19209137
19215672
19216843
19222113
19222478
19225136
19228938
19229050
19229983
19234114
19234192
19234487
19235016
19236788
19252176
19254349
19277418
19281795
19287004
19287382
19287384
19287385
19289461
19293402
19295546
19299003
19308656
19318353
19327411
19328546
19336736
19336760
19338077
19344365
19344419
19350131
19361440
19364823
19372714
19395028
19427035
19430293
19440215
19445582
19446748
19447617
19450878
19455144
19462461
19466975
19478480
19482442
19489438
19490586
19491085
19494234
19500139
19503632
19508864
19519175
19521323
19540590
19541820
19543316
19549384
19555670
19562618
19562620
19564891
19571623
19572087
19573914
19574481
19576181
19582452
19584324
19589593
19595684
19596266
19603346
19616600
19625083
19638629
19643476
19660986
19663649
19666866
19669209
19675589
19693645
19696171
19704259
19713696
19735711
19741199
19744331
19744708
19748527
19766327
19772888
19778528
19778862
19781194
19781647
19783980
19799128
19816006
19819015
19824717
19824900
19828702
19833389
19840457
19846812
19847198
19847199
19857966
19857967
19877761
19878867
19880761
19884384
19892015
19899946
19900702
19903679
19922437
19926637
19929856
19939582
19941738
19942343
19945871
19950698
19951533
19959796
19962667
19965641
19999391
20008249
20008298
20008300
20013324
20016140
20028972
20029191
20030962
20032210
20032397
20061559
20087176
20104275
20111067
20113830
20122990
20124516
20126644
20133898
20134469
20138510
20139166
20144546
20144642
20153505
20154217
20160166
20162546
20171768
20178012
20182460
20191331
20194236
20194893
20196786
20203004
20205617
20214695
20231096
20231889
20304805
20304997
20306156
20331577
20331734
20331762
20331763
20338635
20353016
20353997
20354212
20359349
20360640
20362232
20362361
20363735
20363976
20372971
20385788
20388518
20393690
20395423
20417861
20418246
20422415
20422486
20425335
20425336
20425393
20428194
20434300
20442692
20472853
20473593
20485371
20489053
20492356
20499211
20503246
20506062
20507304
20520633
20528907
20536350
20548334
20551270
20553273
20556390
20560681
20562009
20568122
20581888
20585391
20587663
20592027
20594592
20600839
20603212
20615083
20616539
20627814
20628145
20629097
20631743
20642980
20650526
20652971
20660330
20660412
20663870
20667821
20669261
20678218
20681956
20691622
20692135
20705770
20717479
20724988
20728437
20730051
20732905
20798787
20807819
20811399
20813904
20828402
20843246
20843259
20846100
20852385
20859081
20868760
20870899
20875851
20888389
20890078
20934482
20938171
20940045
20955399
20958061
20966521
20966544
20966892
20974963
20978341
20979831
21036157
21044843
21062251
21070368
21075308
21082983
21091042
21095048
21106455
21118387
21120162
21120186
21122317
21127060
21133674
21136658
21157140
21159615
21160067
21173100
21180092
21185195
21198321
21207414
21209203
21212285
21219298
21219299
21220608
21224469
21232003
21243519
21255641
21268070
21282055
21294452
21304528
21306925
21320566
21325169
21325979
21326037
21331593
21333372
21335558
21346910
21347402
21354995
21357711
21359411
21362419
21364191
21364286
21376394
21393331
21393891
21406183
21418908
21420414
21421540
21423214
21435189
21457752
21470923
21472252
21474922
21477644
21480207
21490132
21493067
21497288
21497883
21502425
21509626
21509655
21512135
21517823
21518725
21520296
21521147
21531978
21533163
21539404
21557940
21562050
21567092
21594892
21596098
21599574
21604762
21617012
21620963
21633165
21633967
21635206
21645282
21646683
21653937
21666141
21674578
21677670
21685469
21685869
21685897
21689158
21691275
21702645
21712541
21723416
21726629
21744327
21772264
21785463
21785467
21786333
21789226
21789382
21791913
21802163
21804321
21806348
21809458
21810244
21823612
21831680
21831733
21841788
21843949
21855629
21859430
21860433
21864276
21880982
21887305
21887928
21890200
21892841
21904853
21913828
21915376
21929289
21933004
21941370
21942426
21950422
21962339
21964291
21976548
21993263
22001278
22005786
22006129
22015772
22018274
22019628
22027265
22028448
22028900
22035745
22040954
22041060
22041356
22045263
22050790
22051730
22058280
22065112
22084670
22087308
22090359
22094585
22095528
22102708
22109574
22125600
22131881
22132729
22134716
22148278
22150289
22161852
22168550
22169263
22171994
22178881
22185674
22194397
22198805
22203033
22205606
22218715
22219326
22227213
22231396
22234689
22238785
22249692
22251709
22252617
22269120
22270622
22271575
22275361
22278696
22281400
22286129
22288769
22300941
22304488
22310976
22319590
22323454
22325365
22333011
22334590
22339244
22339472
22346774
22360948
22369852
22372550
22378845
22382519
22384256
22385957
22397670
22400031
22401280
22403733
22405821
22406995
22407360
22416081
22431549
22446615
22461650
22466958
22469236
22474524
22476054
22480324
22489043
22493978
22507800
22508938
22512630
22522613
22523564
22527961
22541099
22546852
22549126
22555824
22561633
22561747
22565617
22579713
22583424
22584586
22592401
22596167
22608575
22613974
22613986
22622019
22623993
22626845
22641564
22642932
22677324
22697788
22698084
22712764
22717603
22718840
22722988
22730657
22733019
22735740
22740348
22745068
22750290
22762550
22779686
22781728
22789541
22792362
22796437
22800927
22801367
22820254
22820730
22820988
22826794
22829080
22829185
22829246
22829258
22829968
22829971
22844354
22847163
22872706
22875628
22884083
22890406
22892029
22899007
22899477
22915648
22916261
22929973
22935703
22948409
22958502
22960131
22962687
22967425
22970157
22988798
22991927
22992805
22993907
22995223
22999860
23006959
23009939
23033920
23036813
23037732
23039051
23042399
23047097
23049357
23051187
23054641
23057517
23062104
23065274
23071812
23088192
23107482
23108098
23111066
23111067
23114135
23116358
23118936
23121686
23123718
23127890
23142594
23157224
23166634
23184927
23193966
23204479
23207989
23213945
23223021
23233635
23236988
23238015
23238822
23248577
23252419
23253862
23253949
23262510
23264594
23280542
23296725
23300178
23300995
23313046
23313376
23313484
23336220
23336221
23337930
23340136
23343777
23349688
23359764
23360357
23363794
23365595
23367873
23369042
23372669
23372833
23376640
23382981
23386690
23389690
23389763
23391844
23393003
23400675
23402820
23403094
23404057
23406906
23407880
23417568
23420150
23430670
23432689
23445613
23446755
23446756
23449887
23452118
23459451
23469088
23483208
23483946
23499905
23503941
23511126
23516544
23536723
23537216
23544085
23555782
23556073
23556077
23558526
23562594
23581279
23588264
23590807
23592968
23594705
23602931
23607255
23611997
23613267
23615525
23617802
23630205
23633193
23659214
23667855
23670175
23676499
23677069
23688754
23690481
23690956
23696637
23701125
23711144
23711493
23724661
23739260
23739681
23747947
23748007
23764464
23771657
23782652
23796350
23810504
23812944
23816468
23823659
23826582
23831231
23838005
23838182
23840548
23840913
23845539
23847256
23857432
23860450
23863170
23869758
23870430
23871159
23877734
23880305
23891636
23898274
23904814
23907460
23916380
23926298
23926299
23933759
23942095
23958496
23975181
23978506
23980667
23984931
23986553
23991929
24004818
24008317
24013029
24013663
24018979
24033912
24037089
24055519
24055641
24056820
24058754
24058756
24058768
24058769
24066127
24068492
24069558
24069563
24079014
24086526
24086539
24106447
24135938
24141248
24142793
24144632
24145153
24150219
24151255
24165976
24169539
24169825
24178240
24190690
24211109
24219385
24228589
24237791
24242046
24258498
24260231
24265174
24265293
24268771
24274401
24277658
24288407
24292520
24293258
24325359
24337516
24351780
24354892
24357712
24359159
24366362
24371780
24374145
24381227
24383477
24385239
24398328
24399021
24402162
24402583
24404189
24408161
24415188
24416790
24423581
24438103
24441870
24445959
24462646
24463469
24463542
24469040
24470592
24470973
24470975
24475114
24480985
24486434
24504330
24509745
24510341
24511651
24521871
24528501
24535932
24553546
24582615
24582987
24586754
24597613
24600127
24610414
24610827
24611479
24624040
24627549
24631470
24631513
24639858
24641487
24648112
24666646
24668492
24677703
24679585
24680937
24688026
24690200
24699465
24708926
24718681
24721000
24729973
24733040
24744653
24744787
24754420
24761844
24761846
24764577
24778152
24782986
24789581
24791858
24804649
24809620
24811089
24813920
24816457
24820309
24830942
24833397
24836854
24839370
24858412
24861878
24874539
24886434
24890449
24903629
24913195
24918548
24930769
24930833
24932998
24935260
24948418
24953013
24957147
24963593
24966686
24980149
24986690
25009002
25012914
25013507
25015051
25015052
25015634
25015940
25023896
25023898
25025018
25038528
25040297
25047843
25055044
25057499
25076381
25082025
25101218
25103330
25103987
25105066
25105841
25107644
25107665
25115888
25116182
25116684
25139350
25140764
25143485
25146330
25159418
25162558
25163245
25170113
25171702
25193869
25194807
25198511
25205126
25209606
25216185
25225654
25226617
25231745
25243457
25249012
25260694
25275304
25278567
25288396
25289677
25305205
25316507
25323779
25332239
25332520
25332555
25345590
25356724
25386371
25398833
25401994
25405202
25405520
25405790
25425199
25429723
25436260
25446253
25463744
25473623
25478902
25482455
25485912
25486952
25500624
25515960
25525531
25526816
25527813
25530567
25537795
25543699
25543711
25548766
25559461
25559502
25573593
25582888
25585370
25588213
25590137
25591756
25595737
25616906
25617626
25619393
25624900
25628989
25630751
25637689
25650310
25652852
25656053
25657500
25664618
25666256
25676331
25678846
25684945
25686645
25691062
25696878
25698270
25704089
25712669
25720636
25721043
25724470
25731682
25741217
25746303
25755753
25760445
25762180
25779676
25781882
25789185
25794131
25798831
25800646
25809097
25816736
25821558
25824690
25824741
25825724
25833723
25834519
25840625
25848821
25849990
25850251
25854460
25865044
25869210
25873496
25882525
25894538
25900789
25907491
25908926
25914740
25917087
25930207
25931349
25931880
25934766
25939532
25940527
25951811
25954974
25959311
25963624
25968911
25969154
25976465
25977345
25987372
25993152
26011312
26017288
26028965
26071474
26084564
26086872
26108332
26108540
26115187
26119186
26119533
26123310
26130950
26132594
26134021
26149212
26151358
26153131
26153565
26154111
26155422
26166574
26175407
26175413
26175414
26176817
26178351
26186962
26189968
26191195
26202061
26202362
26202607
26214139
26216197
26216656
26225146
26227742
26227853
26227964
26235214
26238612
26239656
26242912
26252788
26261556
26283544
26288683
26315497
26317899
26318719
26320619
26324368
26343046
26345342
26346984
26352378
26357842
26360705
26361084
26362718
26370613
26370832
26371429
26375873
26376676
26382622
26397387
26404002
26410360
26413420
26413426
26413812
26419289
26419724
26423830
26430722
26432562
26443313
26450123
26458983
26459144
26460258
26464031
26472029
26498873
26515423
26515594
26522767
26523382
26524072
26526549
26541157
26542479
26557140
26575024
26611851
26617890
26619345
26621504
26628981
26635038
26639094
26645674
26648570
26666444
26686625
26687880
26698726
26700872
26701108
26707639
26727022
26732010
26747624
26750119
26754830
26755649
26757507
26762740
26774497
26784960
26788034
26788159
26795301
26800231
26802935
26806299
26810905
26813610
26814430
26825737
26836188
26843622
26847954
26850007
26850477
26852656
26859362
26859825
26864339
26876594
26884823
26919063
26921179
26931113
26935241
26936086
26945263
26955959
26975727
26980034
26987905
26997994
26998136
27003603
27009537
27010689
27018326
27025877
27029346
27033437
27041564
27048338
27057278
27061303
27068033
27075627
27085677
27086650
27096074
27106701
27115866
27125547
27133820
27134074
27136492
27136912
27144424
27157043
27169616
27175229
27180268
27186262
27198504
27209416
27227461
27235707
27261558
27261609
27268052
27274711
27286446
27288519
27301615
27314291
27322953
27323056
27325105
27330758
27347169
27358900
27363269
27365426
27367272
27378624
27381056
27383175
27389386
27389715
27390008
27400477
27401344
27409672
27410038
27410686
27427321
27429514
27450794
27456942
27461043
27465831
27468853
27470402
27471397
27473563
27473671
27479177
27486987
27498343
27499636
27500741
27508038
27516428
27517565
27518686
27530113
27531815
27535857
27541357
27551334
27551758
27555284
27556503
27561722
27563148
27566200
27566291
27573711
27594918
27603322
27606950
27614229
27614903
27621650
27633031
27647865
27651367
27654855
27659716
27662324
27664279
27666014
27686378
27693531
27693837
27697978
27698686
27698776
27699453
27705908
27708986
27710896
27727073
27727468
27748739
27754827
27758825
27765933
27768775
27777768
27778021
27788478
27812253
27848055
27852544
27855276
27860260
27865175
27868312
27874086
27875935
27882812
27889763
27892678
27895777
27905037
27917282
27919680
27924280
27929554
27931243
27939919
27941940
27956534
27957415
27977755
27994837
27998743
27998796
27999284
28006751
28011380
28029004
28038963
28057739
28057939
28068330
28074070
28077684
28082727
28087904
28094236
28096537
28100634
28100771
28108507
28115285
28119526
28120162
28153838
28161773
28186962
28186964
28194444
28197101
28205126
28219223
28220937
28228434
28242305
28250754
28258089
28258213
28276310
28278513
28278708
28292965
28302714
28314843
28318222
28332734
28336920
28337870
28340692
28356957
28365441
28383049
28385490
28385780
28386362
28386742
28387906
28390197
28392989
28397975
28401106
28406068
28439222
28440514
28444938
28447719
28453463
28456851
28465704
28465746
28473624
28475004
28478401
28483563
28484156
28488208
28489606
28490530
28500170
28501635
28509339
28522550
28529954
28544312
28554272
28554737
28557976
28560439
28561205
28562338
28570563
28577044
28586872
28596259
28601022
28602946
28602977
28603428
28611190
28615348
28618089
28622623
28626520
28626521
28629818
28634059
28634859
28637665
28639892
28642467
28647191
28651290
28656307
28669723
28670110
28673003
28673392
28674362
28676638
28677802
28692109
28700834
28710306
28713982
28721072
28724798
28744014
28752839
28771727
28781630
28785380
28789350
28794431
28795418
28796790
28797996
28800960
28801515
28810537
28810635
28819126
28827748
28827891
28831147
28835002
28842216
28848617
28849106
28853089
28856190
28859967
28879548
28880428
28883791
28901507
28903325
28904065
28919782
28934680
28935989
28944411
28944901
28955303
28962085
28963014
28968979
28977839
28990048
28990497
28991528
29025600
29028547
29029406
29033541
29039526
29043002
29047144
29049036
29061394
29063123
29074425
29078004
29082853
29086702
29093428
29097498
29100304
29101828
29102603
29103460
29107666
29110628
29118906
29118922
29119054
29123956
29130936
29130998
29134648
29134760
29146710
29147602
29147913
29150911
29162939
29163799
29168692
29174854
29179483
29187454
29197940
29199511
29203511
29203513
29209161
29210365
29210652
29214759
29215754
29228585
29243082
29248227
29253028
29259270
29262599
29263442
29265180
29274140
29274273
29275120
29278657
29290986
29292884
29296738
29306106
29323541
29327708
29328389
29339076
29340070
29344203
29344640
29348540
29351986
29353201
29355841
29360553
29368262
29373131
29379470
29382747
29383013
29388151
29390868
29392420
29393444
29393445
29393473
29394239
29398030
29408335
29409529
29427634
29434719
29440315
29441020
29448206
29464483
29467274
29467301
29472375
29472557
29477470
29481660
29483713
29484371
29486150
29486184
29487013
29499405
29501867
29504105
29508552
29512698
29513074
29515107
29521303
29521586
29526747
29534592
29534684
29545902
29550470
29562477
29565447
29565699
29567772
29567786
29568942
29575334
29580751
29592893
29596070
29611054
29622375
29627078
29641446
29650801
29650953
29651140
29656438
29662190
29669962
29670920
29673861
29677549
29678569
29678906
29685624
29713848
29715108
29717448
29722127
29724716
29729901
29735799
29736311
29737092
29738371
29746867
29751177
29756220
29763638
29766235
29767839
29767848
29773105
29773603
29782975
29784961
29791864
29797824
29803913
29842959
29854499
29857000
29864483
29867513
29867515
29872580
29880011
29880087
29885817
29890157
29892198
29898990
29901185
29907650
29917141
29926581
29928488
29932147
29933930
29939445
29940115
29940776
29941953
29942991
29945795
29947255
29950234
29957461
29957463
29959151
29960031
29971943
29972985
29976782
29979407
29981433
29984752
29992755
30001772
30003068
30007232
30012499
30015896
30024857
30027795
30038287
30042683
30044226
30044759
30056580
30070696
30072896
30074114
30084272
30096628
30096813
30097127
30103251
30103640
30106097
30111418
30115971
30123088
30129052
30129684
30132020
30132795
30140255
30145467
30148454
30154439
30157024
30171023
30186159
30186433
30194286
30222137
30236595
30242073
30243158
30249383
30251267
30258517
30259120
30285793
30299194
30301673
30302825
30306066
30320189
30338847
30343565
30361243
30361290
30361931
30376668
30377194
30377265
30388009
30389231
30389439
30401948
30405895
30406500
30409796
30412649
30416684
30416690
30431125
30442832
30447300
30453302
30460722
30463063
30463907
30478722
30479688
30479769
30483119
30497776
30499143
30501715
30504299
30514740
30515263
30516848
30521925
30523225
30526368
30529759
30535576
30544712
30545141
30548332
30558329
30564118
30568253
30571460
30574023
30576871
30578575
30584711
30592974
30593755
30593877
30597956
30599913
30601597
30605212
30615403
30617940
30622051
30622245
30634502
30635286
30657573
30658101
30662596
30664175
30668266
30674656
30675310
30677867
30679417
30683944
30695513
30697962
30706361
30707971
30717771
30720169
30742923
30746396
30755242
30755420
30763067
30763768
30765477
30767864
30772299
30772375
30774677
30779070
30779103
30785020
30787270
30797418
30803277
30806106
30830585
30833158
30840302
30846405
30848898
30854107
30857539
30872773
30877976
30889487
30896303
30899367
30899391
30903743
30904607
30923867
30930994
30932722
30936718
30937892
30940158
30944118
30945481
30956644
30956968
30959824
30964171
30967616
30978308
30981186
30988577
30993097
30993098
30995068
30996253
31000675
31014051
31028804
31030094
31031980
31032948
31033209
31035048
31038184
31058086
31059018
31063584
31063994
31069840
31076105
31081055
31081064
31084615
31086779
31087331
31087583
31093684
31098378
31100032
31102119
31103826
31114439
31129149
31129432
31134612
31135094
31135274
31148265
31149166
31152926
31165012
31171272
31173173
31189744
31199972
31201357
31208359
31211432
31217187
31231218
31231976
31234944
31242627
31250048
31255914
31256699
31257932
31261036
31264277
31272582
31273958
31285768
31286322
31289316
31289569
31295563
31298355
31298391
31299252
31308727
31322237
31339852
31347168
31347196
31355400
31359747
31365165
31368573
31371981
31377585
31382969
31393852
31397543
31398915
31399192
31399524
31408808
31409905
31411118
31413649
31418453
31421088
31428969
31432644
31438997
31441587
31449697
31454154
31454541
31464090
31467427
31472054
31472144
31482743
31485245
31485665
31491605
31492006
31497212
31502564
31511084
31511238
31511492
31513718
31538427
31540495
31541909
31545485
31545956
31547367
31548294
31554739
31557909
31558664
31560729
31562605
31563117
31564534
31564876
31571131
31582372
31583053
31587554
31592599
31595981
31598574
31598940
31602642
31606729
31606874
31610697
31612426
31615322
31621555
31629805
31652815
31652937
31654275
31655393
31665127
31682951
31689837
31693726
31694696
31697804
31703282
31704857
31709318
31712941
31713537
31723838
31731888
31732953
31733648
31736008
31737947
31740386
31742182
31742675
31742826
31742848
31746349
31746601
31750750
31751479
31754348
31760539
31766099
31772499
31773675
31779213
31779717
31784954
31794190
31799684
31806641
31810886
31817106
31817171
31819639
31827715
31836387
31836854
31837806
31838722
31841394
31843524
31844068
31847355
31849507
31865052
31865248
31868118
31868244
31870101
31870221
31871498
31881177
31881484
31882869
31883079
31884511
31885183
31885809
31893999
31894268
31908904
31926201
31928530
31933733
31935431
31937177
31943454
31948746
31949128
31949699
31949811
31953160
31966547
31966644
31982878
31994332
32001692
32004989
32005002
32009856
32012485
32016456
32017846
32020710
32023857
32024920
32027948
32038241
32042586
32044397
32045363
32045921
32047820
32047890
32050632
32058161
32060857
32061865
32064985
32066388
32067230
32070814
32075953
32081398
32086626
32086862
32106377
32115143
32116786
32122740
32132924
32133823
32141012
32141427
32145511
32150880
32158193
32165235
32169038
32196922
32205092
32207044
32210587
32212198
32215928
32219336
32219484
32224209
32226941
32232334
32234492
32238402
32242565
32248560
32250498
32256731
32256954
32265704
32266101
32266587
32270599
32273843
32277273
32279331
32280274
32285603
32289810
32296013
32296029
32308163
32319222
32323737
32329617
32331228
32334833
32334849
32338270
32346301
32346607
32353688
32356241
32362982
32366936
32370570
32377718
32380573
32383599
32386021
32386478
32388440
32391256
32392199
32394008
32395527
32405536
32407536
32407961
32411291
32421391
32430672
32435361
32439277
32440504
32440789
32482465
32483193
32489685
32499240
32503225
32506980
32510145
32515474
32517345
32519669
32519748
32532922
32533347
32537949
32539921
32543312
32557525
32560815
32572989
32576206
32582964
32584509
32591258
32598732
32599005
32602374
32615888
32628819
32632170
32637584
32641093
32646925
32647179
32647791
32652260
32654426
32663573
32666435
32669286
32673665
32676918
32678454
32683850
32685224
32685599
32694616
32694617
32698197
32700252
32711244
32724352
32733634
32737631
32738343
32742353
32753471
32762473
32762699
32764885
32767949
32770294
32782606
32782768
32785591
32793721
32810692
32814440
32817290
32818511
32820869
32821085
32824276
32827877
32829707
32840014
32841893
32843235
32846801
32850227
32853379
32853419
32854650
32866582
32868648
32871216
32875209
32915978
32920942
32922141
32929154
32934740
32937124
32941808
32942160
32947833
32951601
32962959
32968447
32973326
32974181
32975696
32981272
32986384
33001081
33002365
33015166
33017633
33021971
33024690
33027643
33028675
33029256
33029510
33040836
33046620
33051550
33059575
33067944
33083975
33087019
33091490
33096007
33098244
33103835
33105413
33122102
33123250
33123268
33125970
33128383
33142418
33144092
33147650
33158194
33164339
33165437
33178868
33183007
33190168
33194542
33194732
33197173
33209690
33210595
33232416
33234142
33238126
33238265
33239784
33244866
33249195
33268090
33272890
33278392
33282878
33284943
33290883
33290964
33307939
33309747
33312355
33313197
33314749
33317584
33325534
33330321
33340783
33341927
33364785
33367495
33368049
33373831
33374928
33385822
33407391
33413331
33416144
33426053
33426172
33435880
33437372
33439503
33465441
33469314
33478552
33484802
33485977
33500191
33502001
33503825
33505762
33505919
33506931
33515352
33519417
33520721
33522063
33523585
33529470
33531975
33532036
33560543
33561536
33567809
33567815
33570945
33577847
33582917
33599179
33603170
33604629
33623012
33623991
33628203
33628378
33630779
33630784
33634679
33636320
33640781
33660353
33661568
33664283
33667305
33667352
33669634
33675610
33675775
33682794
33686395
33686952
33689167
33710777
33712566
33722666
33732364
33737813
33747208
33754049
33755971
33760192
33761599
33768003
33769471
33771682
33775828
33777128
33778841
33788424
33790360
33790691
33792220
33795649
33798563
33811103
33811838
33813153
33816464
33830473
33833662
33846542
33850544
33850882
33854708
33858489
33862108
33869267
33878321
33878452
33887189
33889291
33891969
33898933
33904141
33907034
33907855
33908850
33911894
33917914
33921387
33927479
33927777
33928594
33930363
33935775
33936230
33945919
33951698
33953993
33959183
33964201
33973702
33974937
33976729
33982329
33994251
33994432
33995073
34008239
34015398
34021251
34036398
34046625
34047519
34050453
34054462
34054555
34060068
34060083
34075160
34080023
34085398
34090412
34094941
34097168
34100528
34102191
34105258
34105517
34105916
34116927
34118143
34124273
34128372
34141151
34142770
34148288
34152720
34153408
34162128
34164493
34164525
34165442
34174548
34176097
34183471
34184542
34189758
34191381
34194329
34197875
34199353
34211571
34212271
34218389
34221090
34225736
34225763
34232994
34240279
34249898
34257712
34259316
34267823
34277607
34284014
34289085
34295778
34299194
34300032
34302119
34307356
34319031
34326465
34332517
34335747
34342643
34350386
34353270
34354356
34356683
34357424
34361644
34362508
34367186
34367701
34368363
34369006
34376782
34378214
34380040
34380850
34381519
34388111
34388478
34391098
34391444
34393283
34396370
34400417
34418218
34422217
34422993
34423886
34424219
34427348
34436049
34440089
34445170
34453950
34457118
34465995
34466064
34466152
34467111
34476925
34480104
34480614
34485146
34487654
34488550
34489160
34493815
34496932
34503423
34505882
34515041
34516361
34517008
34520830
34522243
34525226
34532015
34532448
34535626
34539998
34540000
34540854
34544313
34547879
34551797
34562020
34565029
34568100
34573985
34580847
34584986
34585328
34588425
34590152
34592754
34594215
34594328
34603575
34610571
34612768
34622462
34623553
34623971
34624308
34624536
34624676
34626199
34627436
34627437
34627931
34630646
34631089
34634743
34645519
34653249
34656381
34659885
34660059
34663512
34668635
34675459
34676010
34678756
34680353
34687136
34691358
34695437
34697799
34699754
34707127
34707996
34711241
34716863
34724282
34724561
34725437
34733961
34733987
34738033
34738622
34738916
34740378
34743196
34743903
34746227
34748272
34748652
34749590
34752743
34756242
34763315
34764873
34765550
34765563
34772467
34773997
34784849
34787735
34789280
34796659
34796989
34798872
34801987
34803390
34808021
34821076
34833950
34834023
34837562
34837762
34850004
34867009
34867954
34871267
34873073
34874105
34882211
34895038
34900727
34906267
34906892
34921959
34938341
34943061
34950654
34954894
34968467
34970139
34971719
34976139
34987014
34987594
34991691
34994171
34994608
34997858
35013905
35015172
35015307
35020848
35023338
35023693
35023706
35027847
35028141
35035696
35038762
35039265
35042436
35045195
35050328
35050758
35051830
35053345
35067814
35078034
35082276
35082965
35088608
35089929
35090357
35111269
35116094
35116524
35120332
35120971
35122774
35126626
35140609
35151244
35153751
35155249
35156727
35169231
35175176
35183533
35189054
35190753
35194016
35197174
35198891
35204792
35215273
35216134
35216377
35218740
35220934
35237453
35241923
35242202
35243502
35246006
35248800
35248926
35251486
35256589
35256594
35263202
35269562
35272136
35277830
35278568
35279667
35281889
35296033
35296317
35297011
35298632
35302173
35319902
35339827
35355248
35361764
35365949
35365983
35369571
35370748
35373889
35380825
35381670
35384084
35395836
35418176
35421216
35422933
35426800
35432564
35432812
35440133
35449791
35455455
35462928
35472244
35475417
35476316
35489775
35498181
35505420
35508616
35509721
35510332
35513105
35513871
35517401
35518338
35522243
35533554
35539920
35562984
35563622
35568132
35569350
35576655
35578689
35583012
35586418
35589677
35590365
35592809
35593388
35596061
35598702
35598777
35599265
35600882
35606804
35609769
35622069
35623098
35633552
35642704
35653642
35654819
35655588
35661430
35671921
35682967
35689898
35692100
35693734
35700864
35710311
35710633
35715969
35722358
35725610
35729840
35736911
35743463
35749806
35752008
35754115
35757105
35764161
35764421
35778992
35780928
35781653
35786767
35787092
35788038
35789603
35790790
35800822
35813296
35818076
35838116
35838147
35839275
35839932
35844327
35850113
35851130
35851582
35858000
35860797
35861676
35865394
35879405
35880162
35880339
35881007
35893738
35899945
35903543
35905625
35908626
35909161
35920094
35921805
35928970
35931304
35932325
35932616
35937397
35938951
35959422
35980290
35981604
35981996
35990857
35995725
35996819
36017560
36029680
36034959
36039795
36043391
36044173
36044389
36045460
36053947
36054229
36070663
36075929
36076613
36082330
36096924
36100613
36108388
36108436
36112698
36117389
36119773
36122769
36136222
36142375
36155021
36157733
36161965
36162372
36166115
36184278
36199788
36202220
36205319
36222378
36223845
36238467
36246395
36257381
36265652
36266510
36267759
36271532
36271534
36271569
36273704
36278420
36283175
36289622
36293440
36299528
36301041
36304491
36305293
36306591
36308318
36324691
36325490
36327906
36330910
36331743
36332079
36333771
36356831
36359204
36371843
36375367
36377217
36377386
36385103
36386582
36396719
36396837
36409925
36419252
36419799
36422572
36427113
36430539
36431925
36431990
36434787
36436338
36446389
36451015
36458103
36461589
36467803
36467816
36468208
36471962
36476114
36483035
36498968
36501124
36510278
36526090
36529225
36537334
36539694
36544342
36563953
36565876
36571224
36571225
36578217
36581736
36591515
36593595
36599841
36605480
36610119
36611979
36612128
36615735
36619431
36627822
36632865
36636075
36638660
36643585
36648693
36670950
36678572
36682482
36690054
36698994
36700179
36702002
36704135
36706631
36707384
36709354
36719803
36721266
36725467
36738675
36741246
36745865
36758212
36760217
36773488
36774517
36774789
36781088
36788784
36800830
36810551
36814203
36814396
36815376
36832783
36835236
36841380
36847760
36861402
36864712
36867854
36870884
36878064
36895498
36895967
36895988
36900523
36904298
36906159
36908768
36915895
36926276
36929511
36933872
36940733
36940909
36946047
36947213
36949868
36958386
36958463
36964762
36966432
36988949
36990047
36999639
37002719
37009803
37013568
37020528
37022174
37022703
37023224
37032645
37034230
37034500
37037084
37039727
37056830
37073574
37074069
37080690
37084128
37087339
37087583
37098372
37102606
37103947
37106740
37120059
37123081
37123211
37128963
37143406
37147297
37149540
37154979
37156613
37160937
37163279
37164279
37169677
37172479
37178251
37178572
37187363
37194022
37201202
37209277
37209628
37218309
37218501
37225367
37228445
37232379
37233774
37239426
37249758
37253035
37256305
37256445
37267856
37268260
37269389
37269741
37271009
37272257
37278343
37278578
37290440
37292180
37304218
37305554
37307838
37308177
37337098
37338759
37342057
37344447
37357030
37362811
37365186
37367478
37368032
37370982
37375855
37382003
37382269
37386516
37387653
37387963
37388354
37391008
37391774
37395017
37397012
37398331
37401665
37402626
37407943
37413927
37414101
37416272
37416276
37419174
37423955
37424335
37427415
37430058
37432634
37436061
37437331
37438690
37441084
37456161
37463100
37465679
37470368
37470384
37477088
37480812
37481747
37488908
37497683
37498362
37512112
37522967
37538730
37546389
37550636
37553421
37560637
37563971
37567042
37570280
37575547
37582927
37583815
37584123
37588735
37591369
37594110
37598927
37608076
37611729
37616564
37619415
37632310
37637992
37639050
37641106
37641874
37650558
37656314
37657766
37658700
37660003
37660593
37661920
37671635
37671837
37674231
37678027
37683049
37694948
37697015
37715430
37716189
37727880
37728037
37730264
37732053
37749046
37759514
37766864
37768146
37771168
37777026
37786832
37788380
37788785
37791324
37793490
37799435
37806999
37807941
37813285
37828348
37828534
37837514
37843619
37846594
37863123
37863306
37864659
37866544
37869633
37869765
37872693
37875108
37876143
37883794
37884167
37886007
37893484
37894835
37901382
37916436
37925951
37930511
37949355
37950856
37953957
37954635
37955014
37956913
37958803
37969224
37992313
37994171
38006563
38006726
38008450
38011490
38015527
38018064
38021556
38024634
38026444
38030810
38038682
38044168
38054637
38059808
38071211
38077883
38081125
38090745
38093391
38094327
38104968
38107057
38111518
38111933
38129709
38130072
38132108
38137010
38142422
38143176
38145421
38151179
38154546
38164170
38177027
38181915
38183911
38185347
38188800
38191068
38196701
38197452
38199156
38207211
38211548
38212795
38214838
38222763
38222812
38223328
38225784
38227095
38231435
38233569
38233595
38237352
38239637
38240458
38243928
38245460
38246172
38246174
38252208
38253716
38262149
38262152
38264737
38267625
38267898
38272191
38274463
38278152
38279472
38282677
38285958
38286741
38288516
38295283
38295318
38305842
38306778
38308706
38322557
38323002
38330817
38337181
38340948
38342622
38344310
38344714
38347954
38350353
38360812
38374866
38377736
38378843
38380586
38387529
38387921
38387942
38390770
38393440
38395391
38395679
38402166
38411346
38415977
38418753
38432439
38437956
38440092
38440831
38441314
38442139
38444163
38444393
38457493
38474305
38476907
38484571
38492876
38493481
38505034
38509561
38512030
38513929
38517042
38517565
38518603
38518635
38518637
38526174
38530594
38532994
38542998
38543164
38546908
38552377
38564082
38565774
38568374
38568469
38573552
38577936
38579024
38585044
38586891
38588931
38594219
38602699
38612844
38618943
38626146
38629639
38631488
38652962
38655038
38658956
38661644
38665879
38672593
38673975
38674862
38678124
38684798
38686052
38688171
38699644
38702866
38706209
38706884
38708511
38710060
38714236
38716474
38723720
38723918
38737261
38742812
38743413
38748610
38750472
38753354
38759519
38759798
38760646
38764630
38772616
38772904
38776807
38782571
38788354
38789021
38794198
38794201
38796216
38796983
38801513
38804899
38839448
38839451
38841364
38841874
38842745
38842862
38843496
38848951
38851163
38852144
38852165
38852640
38852701
38853260
38859859
38862696
38867546
38869352
38869738
38879737
38885894
38886294
38886934
38896093
38897347
38905876
38908493
38917955
38919983
38925513
38926354
38926951
38936586
38937292
38942137
38943069
38951255
38964451
38971343
38971897
38973489
38974233
38979835
38980111
38988534
38990650
38998106
39002288
39003941
39006090
39014435
39016049
39036375
39037638
39041131
39046783
39051528
39054958
39062663
39062998
39065759
39071366
39071599
39079890
39082011
39082359
39084453
39085113
39086157
39088656
39088684
39090966
39091915
39096281
39102652
39103776
39104205
39105620
39108922
39113855
39121587
39121973
39129292
39129313
39132968
39133435
39133763
39135038
39138783
39144189
39152534
39154170
39154235
39155330
39155607
39156349
39158980
39161891
39167035
39170327
39173745
39178683
39179669
39181414
39182268
39182474
39186956
39187810
39188724
39199979
39201769
39203920
39207680
39212875
39213728
39218810
39231710
39237052
39240442
39243827
39244174
39244632
39245800
39247606
39247818
39250533
39254762
39255287
39257845
39261151
39263750
39268974
39276457
39277798
39278852
39284735
39286877
39292635
39293311
39293712
39312826
39317187
39318778
39335596
39340986
39343060
39349732
39349833
39351227
39356934
39360530
39361963
39367172
39369170
39369846
39375898
39382932
39392081
39393720
39395952
39398483
39400496
39400781
39401645
39405898
39410824
39413935
39426227
39426612
39428449
39434147
39444614
39446152
39448419
39453382
39459502
39461040
39467406
39468152
39468806
39470371
39489359
39489363
39494342
39508048
39509573
39516079
39520962
39527887
39528020
39537043
39546459
39563790
39579538
39580997
39587118
39588922
39596986
39602051
39606625
39610460
39613260
39615770
39619615
39623277
39628694
39633065
39636206
39643827
39657124
39658117
39660129
39665584
39667322
39668011
39671116
39672353
39672944
39676018
39691258
39692429
39694423
39695099
39710065
39713478
39716199
39719254
39720955
39722733
39723660
39725365
39733089
39734090
39735669
39743410
39744436
39750044
39752891
39757674
39761655
39763651
39773045
39777719
39780129
39781272
39786880
39788165
39791711
39792918
39798285
39799895
39803280
39804511
39814683
39814850
39818374
39821173
39828579
39832078
39837167
39840666
39845783
39847514
39848416
39853717
39856320
39862997
39871246
39877786
39886970
39889626
39891728
39891829
39893860
39900970
39903514
39911447
39919265
39923957
39930541
39939218
39940837
39944465
39948502
39950325
39956380
39961990
39974738
39980500
39992888
40010553
40010554
40012286
40014666
40016288
40022704
40023747
40031980
40033622
40033807
40051568
40053703
40054743
40057379
40058449
40059168
40059625
40062566
40063732
40069287
40070168
40070325
40075566
40078004
40082289
40084097
40087349
40088137
40089276
40090449
40092547
40106900
40109858
40112935
40112979
40116417
