7479924
7481767
7481768
7481769
7518579
7535338
7538655
7559633
7568005
7594533
7662955
7721895
7957877
7973658
7973659
8082765
8143863
8580378
8605329
8662243
8676091
8704236
8777722
8887051
8920992
8921370
8934548
8986719
9016869
9016883
9022047
9031700
9099938
9133417
9168059
9182906
9192665
9226382
9287175
9300731
9354668
9366394
9382798
9391116
9428631
9446656
9469413
9498750
9553136
9613985
9618765
9620658
9637477
9637481
9746783
9753072
9973401
10037026
10075926
10083356
10090941
10201908
10357818
10380915
10419614
10419884
10421845
10477719
10553066
10573019
10629052
10653847
10733938
10802290
10825200
10900158
10945233
10979963
10982185
10993286
11034372
11096440
11134353
11213805
11266723
11266779
11278738
11278899
11341766
11349123
11485409
11668610
11668621
11739714
11741532
11750399
11750401
11781709
11875988
12093291
12110904
12136181
12145687
12176418
12351382
12351625
12389628
12396719
12599420
12613524
12689938
12706408
12934099
14615376
14726805
14758768
14976041
15143194
15147409
15180539
15220007
15337523
15368094
15371489
15491777
15519279
15611059
15621777
15661026
15790515
15818321
15831699
16020505
16096332
16118711
16153455
16170336
16190968
16192633
16308103
16314797
16378072
16515530
16515549
16518416
16554750
16763206
16790275
16825495
16843266
16854326
16871283
16932349
17081797
17088059
17189692
17252020
17266928
17456055
17644747
17785825
17923039
18038259
18045056
18058203
18094329
18250158
18360272
18397343
18549792
18559588
19047679
19139084
19282076
19295308
19385051
19414010
19427203
19431082
19596999
19608866
19659508
19710367
19734221
19747563
19759904
19781647
19793252
19832695
19836234
19889552
19923221
20138049
20149240
20190194
20211620
20237298
20339477
20345762
20372971
20402545
20478313
20486472
20696842
20697856
20701804
20709526
20716767
20957041
21070101
21095188
21106455
21106989
21184155
21282055
21331358
21346774
21393628
21414324
21434883
21439469
21439476
21499010
21614012
21811427
21821710
21868263
21969365
21971513
21980047
22120524
22138680
22221142
22344597
22363534
22374445
22425895
22728763
22788969
22906008
23214979
23238254
23298197
23344234
23367873
23514809
23540648
23541670
23689514
23754237
23808814
23832011
23923040
24048415
24106086
24153015
24281140
24403205
24446122
24461299
24498424
24548303
24565406
24603870
24607275
24674452
24748756
24762999
24837469
25109334
25146434
25193870
25205547
25217444
25262541
25352124
25430085
25552479
25565016
25735629
25787234
25815310
25826541
25956696
26014096
26032813
26071372
26077740
26100849
26182690
26244872
26248889
26303250
26446793
26493028
26545580
26565811
26629323
26666518
26666525
26708420
26769277
26784569
26980750
27018889
27063186
27119652
27278657
27297789
27368974
27383175
27502536
27544046
27544589
27555284
27556128
27595398
27642041
27678281
27711196
27791347
27793176
27840070
27905037
27932144
28009988
28066259
28107751
28139931
28193636
28209722
28251448
28284718
28293189
28318222
28366269
28392419
28408423
28513593
28521425
28570225
28722479
28822855
28844493
28852199
28853089
28868240
28893602
28917720
28927786
28944566
28954352
29046866
29082853
29146136
29187379
29194593
29296924
29411195
29434279
29458040
29588471
29728406
29852068
29986854
30032486
30079384
30129110
30177960
30232463
30250904
30387921
30423248
30506723
30515370
30560087
30777857
30929155
30997845
31002364
31059310
31082193
31093295
31270107
31288716
31309596
31383643
31393896
31435152
31440277
31448433
31483188
31492675
31545408
31599032
31634789
31727934
31843459
31866272
31911574
31918398
31976485
32038231
32047494
32106727
32170648
32171982
32193183
32307441
32334196
32419304
32433819
32451896
32528970
32558259
32570038
32597556
32639993
32743766
32843425
32877908
32921793
33025560
33040328
33083484
33173427
33214827
33329590
33416962
33466582
33584707
33590796
33722377
33767339
33830087
33862433
33908779
33960104
33980892
34061303
34146956
34167436
34252280
34304247
34465864
34547646
34853290
34915777
34949146
35054387
35111683
35157765
35192696
35232000
35306167
35344456
35411095
35459909
35492074
35511669
35571141
35622134
35628248
35670841
35692150
35732501
35860875
35880357
35917593
35984890
35993473
36071217
36100323
36145091
36291730
36311196
36311273
36362183
36396110
36466884
36575861
36648693
37001436
37047778
37093692
37109511
37231719
37338041
37389660
37539779
37569303
37570884
37624299
37643592
37690476
37691236
37712558
37777018
37830594
37861428
37876297
37886358
37894618
37944414
37947625
38046254
38053908
38059345
38095643
38106519
38117887
38202604
38263353
38474223
38516192
38545256
38547769
38637842
38641760
38789821
38815476
38918174
38936745
39009908
39023568
39141207
39153914
39189018
39222556
39237911
39252171
39328096
39354573
39397366
39397803
39414615
39485563
39507544
39611146
39749191
39755448
39765290
39769218
39818786
39825945
39925953
39957706
39990552
39991585
40021475
40023606
40072622
