1326822
1331648
1378295
1462767
1496019
1603323
1745403
1761754
1762686
1770248
1827665
1900938
1908067
2115643
2138276
2457172
2498083
3127828
3128739
3194415
7479845
7498410
7533060
7592861
7593360
7670654
7679463
7682311
7692008
7816335
7970227
8114760
8123597
8125225
8183563
8264230
8280142
8345107
8361625
8515255
8521492
8747598
8816436
8866694
9006914
9129155
9191092
9290958
9300399
9328834
9407138
9484827
9759971
9872360
10228560
10482829
10493750
10598206
10675770
10931685
11027403
11083274
11281649
11345121
11477071
11557310
11641538
11714698
11865058
12189388
12499919
12783325
12832416
14196062
14288827
14512437
14654711
15840658
16322078
16549498
16732613
16824735
16847049
17270034
17418412
17428796
18000343
18198098
18395996
18486257
18572021
18708756
18755854
18823944
18959029
18987158
19114119
19131506
19190345
19219074
19396864
19455716
19570917
19837979
19998410
20044606
20427051
20553486
20858948
21148742
21300982
21789792
21862593
21972703
22622902
22992523
23076146
23089279
23182477
23339114
23562910
23643710
23648575
23661244
24127737
24143282
24366538
24369359
24457077
24553583
24650887
24750504
25230788
25332240
25582859
25794160
25828744
26165762
26286024
26336885
26470729
26918455
27045082
27095304
27102414
27142675
27147707
27166182
27215316
27270423
27323831
27341307
27470750
27648299
27758885
27840425
27988754
28007961
28241827
28437866
28566434
28673327
28726785
28969695
28981843
29339068
29394132
29409045
29432736
29477655
29609096
29958992
30012597
30013448
30037824
30199207
30265158
30313785
30315111
30371330
30478830
30515697
30618730
30740755
30775317
30816485
31092598
31110351
31131716
31162839
31338026
31387585
31527064
31550675
31645130
31855084
31900516
31907338
31996320
32213714
32241917
32266096
32319607
32341033
32411606
32411918
32414345
32457488
32493933
32552902
32589657
32723872
32749698
32755450
32755622
32902145
32950569
32980857
33010000
33056410
33056903
33505118
33607044
33631425
33641651
33755320
33813173
33939321
33945919
33990567
34045311
34079254
34227806
34359927
34516825
34707101
34849618
35008811
35022313
35094303
35119079
35149133
35253003
35262905
35351053
35379345
35414502
35441732
35445627
35464092
35468584
35510248
35567901
35601917
35616949
35655651
35710570
35851726
35870050
35906072
35926267
36010586
36067301
36083512
36095121
36114400
36165706
36183833
36253406
36283605
36287175
36293473
36388837
36461607
36584607
36595691
36698183
36899005
36907253
36941584
37011775
37294538
37375197
37434557
37479693
37604584
37647682
37660502
37741137
37832810
37947257
37978927
38014201
38023989
38026210
38049398
38058844
38092988
38148335
38206773
38213775
38480413
38483896
38517374
38519729
38565943
38696945
38715787
38811984
38842124
38874497
38896157
38960889
38971758
38987586
38995476
39039086
39060417
39085496
39119234
39126118
39128813
39149866
39153211
39187464
39210147
39220862
39265353
39284711
39307884
39342146
39390002
39457475
39523120
39543732
39619595
39702367
39707500
39709035
39721452
39737957
39744165
39755265
39758236
39763964
39765005
39786853
39814733
39876710
39954656
39990658
40005815
40073155
40092686
