24446090
24798186
25220592
25728775
25728777
25772242
26667788
27133397
27653692
27663673
28092879
28097792
28496994
28636259
28649320
29021135
29899504
30069049
30105118
30245513
30622287
30759270
30775047
31256587
31754438
31807268
32041641
32064938
32118427
32212924
32242512
32357973
32519830
32779858
32814847
32877461
32889804
33059074
33130515
33386251
33541408
33552646
33770237
33813379
33995658
34039162
34295791
34392614
34439586
34459452
34626770
34693856
34748993
34808502
34842492
34853079
34930245
35075800
35303627
35332266
35766063
35892268
35976474
36070007
36077605
36453964
36456139
36537216
36553567
36573038
36672906
36770785
36816927
36880793
36977512
37249002
37269490
37505185
37557181
37577627
37651878
37861717
37863030
38143025
38152093
38315849
38471404
38614931
38741077
38758792
38956695
38973255
39129034
39153151
39235355
39307989
39380002
39505971
39586381
39709039
39740728
39761381
39829935
40000651
