22077973
22265014
22265017
22715153
23236640
23436491
24075665
24294372
24458743
24698832
25424711
25621995
26208904
26334766
26370006
27696664
27880066
28232779
28426343
28696035
28758091
29226580
29268844
29977151
30041677
30353918
30569622
30790630
30900427
30921092
31027501
31302922
31310159
31326210
31871732
32014431
32391291
32424177
32722658
33130515
33136874
33478850
34074951
34096026
34464167
34519438
34969575
35432536
35503036
35575789
35707592
36077605
36206113
36453961
36517295
36639835
37058271
37144575
37249002
37272875
37288707
37307879
37646730
37658610
38178270
38518784
38557491
38727101
39153151
39392508
39445296
39505971
39537341
39627614
39779498
39832706
39986017
40000651
40083716
