18591252
20226085
20832725
20863814
21369698
21448134
21980403
22371483
22420752
23579952
23759590
23970103
24100015
24412361
24495580
24619877
24778210
24952722
25450384
25609834
25628922
26083387
26125737
26131109
26266342
26453309
26457512
26655717
26739753
26911146
26917489
27214403
27480251
27874950
28082020
28402433
28566884
28827149
29290786
29410003
29602065
29748167
29989047
30092824
30217758
30343192
30344945
30353907
30448242
30523048
30550955
30658067
30728054
30858420
30940185
30978340
31229500
31405577
31467927
31562647
31776402
31805991
31815040
31934196
32003509
32007477
32147429
32155529
32211412
32329828
32751840
32868382
32883639
33061611
33230480
33240782
33245716
33275209
33738138
33829656
34096883
34165906
34184733
34327974
34455465
34522457
34573379
34671158
34713299
34977006
35217626
35229010
35248525
35278764
35312367
35333349
35428764
35440714
35468265
35788877
35881915
35905858
35946516
36112701
36130801
36212716
36238850
36404720
36481938
36509829
36527259
36574062
36697763
36914768
36918759
37137887
37152294
37172815
37185734
37308689
37564142
37689671
37788244
38014925
38163400
38174322
38287116
38296629
38353298
38481875
38575342
38605532
38612598
38749268
38789418
38842683
39166517
39202393
39329209
39386707
39417173
39643939
39653061
39664113
40054828
40059116
