20231316
22937203
23093672
23112189
23272250
23275255
24679876
25190814
25686748
26314709
26566863
27020306
27050510
27427228
27512956
28572115
28572116
28714030
29212818
29230020
29324315
29602065
29968419
30149757
30388705
30392349
30626866
30650517
30916347
31061100
31238504
31289306
31641207
31682847
31698461
31727771
31985200
32075775
32208897
32381579
32908002
33010254
33061428
33087165
33196691
33314922
33350388
33436536
33499904
33596982
33621062
33621431
34003252
34109988
34184733
34270886
34372882
34448811
34555614
34642975
34763954
35126937
35371900
35404434
35509266
35532219
35721502
35726891
35845066
36056186
36112263
36396833
36509829
36566915
36703460
37084543
37301844
37713600
37722486
37838974
37992166
38302680
38443978
38456036
38615639
38650606
38925368
39166517
39386707
39972431
