20181063
21575681
22326837
22611640
23246292
23356856
23545502
24583395
25016185
25666439
25712104
25858702
26059843
26580603
26858085
26919706
27421841
27696497
27896428
28978483
29339538
29456765
29670509
30257334
30522514
30921702
31087518
31221981
31419599
31691806
32081420
32211412
32279304
32392963
32483278
32572144
32679142
32701509
32714863
32818316
33042830
33099720
33400184
33446955
33654410
33953726
33977073
34089235
34143366
34218325
34356104
34522206
34530748
34536985
34877407
34928233
35248043
35454801
35468265
35545632
35681795
35781022
36142158
36192394
36434256
36495919
36536324
36550096
36553533
36631623
36831303
36865269
36911986
37018401
37209920
37216144
37293154
37588198
37657612
38285760
38383780
38912581
39052479
39433896
39484414
39574581
39835750
39836478
39881283
39900177
39948613
39955388
