21242977
21245294
21890490
22770241
22907667
23152497
23272250
23671187
24158144
24797517
24925089
24947179
24983519
25520177
25827480
26215835
26261509
26303949
26416711
27286573
27458035
27529370
27742770
28197626
28228757
28314754
28322580
28384648
28469799
28487543
29160132
29220567
29254825
29377540
29422491
29477140
29594337
29748283
29757189
29908485
29925528
29961803
30165076
30275007
30277596
30374835
30389724
30526883
30631055
30633952
30825201
30936419
31124279
31138771
31155967
31238504
31373129
31762234
32151171
32299951
32346138
32385095
32405722
32679234
32891432
33291363
33298158
33318475
33349663
33398630
33414463
33434305
33450416
33472090
33479437
33546766
33556823
33581195
33637682
33664867
33730567
33789369
33863789
33865886
33981480
34001062
34093857
34102073
34165914
34262032
34275493
34297635
34353297
34464689
34696686
34893606
34991274
34992221
34999729
35100965
35132566
35177643
35212626
35396990
35442724
35592493
35648484
35697791
35711692
35840288
35902563
36028572
36233212
36427698
36564369
36671766
36797416
37171009
37196654
37275887
37445785
37566089
37574036
37584827
37602956
37653141
37700093
37745499
37782459
37974225
38019914
38218880
38326731
38522046
38795338
38836678
38851307
39126921
39223259
39245653
39337533
39482699
39483904
39489888
39548506
39569625
39585493
39603516
39680456
39767643
39781582
39799938
39800682
39842437
39951327
39961019
39969745
40035394
40074067
40082205
