21245294
21575637
21865393
22002947
22056667
22197486
22840376
22907667
23076834
23272250
23354975
23644518
23658530
23913813
24123378
24166983
24527667
24664873
24739679
25225064
25972376
27028180
27215382
27294188
27302555
28197626
28228601
28284523
28442529
28695659
28698146
28887033
28928876
28968467
29029452
29045832
29059780
29136510
29171124
29239295
29533787
29616081
29725259
29740925
29902804
29928692
30166694
30374835
30389724
30408547
30509212
30556125
30628063
30668141
30673507
30710639
30872525
30887465
30948420
30987376
30988391
31051389
31097364
31201358
31221981
31403472
31414320
31495776
31935506
32020624
32047002
32154941
32207362
32236961
32269126
32326336
32346926
32427586
32765772
32802275
32803813
32817139
32867456
32879445
32977832
32989154
33123260
33174323
33253789
33298158
33303977
33368310
33456567
33540246
33546721
33553483
33674768
34006303
34012382
34029637
34051747
34074320
34122720
34126175
34247377
34257820
34262032
34289476
34509979
34583087
34633482
34645609
34702163
34769347
34780480
34904097
35022315
35131941
35136209
35185915
35186918
35237736
35384910
35615018
35652793
35656692
35782738
35791460
35871105
35995279
36055401
36215227
36268511
36306422
36617879
36638328
36669530
36720973
36753963
36877334
36890748
36897249
36935008
36980177
37060821
37078151
37140849
37300822
37315471
37370727
37379880
37410700
37425751
37458596
37546969
37591951
37645756
37655466
37657612
37683307
37745499
37800171
37846441
37861693
37951955
38015625
38164755
38171564
38353647
38355622
38405853
38528029
38622203
38840262
38850159
38926506
38932692
39046770
39078990
39118085
39180205
39353991
39361299
39399684
39482699
39483904
39752046
39754175
39886491
39920286
39941725
39951327
