1324138
1417831
7528718
7559454
7585655
7664263
7706486
7707437
7734144
7736781
7929268
7929439
7999104
8058332
8126087
8245783
8554590
8612600
8617204
8621335
8621427
8621715
8630024
8640821
8641834
8671397
8806610
8806634
8822205
8840857
8946838
9042161
9079666
9160888
9295307
9358746
9386990
9398617
9400995
9405464
9449377
9463639
9545505
9621077
9732240
9770111
9790910
9792718
9804796
9813035
9816116
9828156
9837777
9846628
9886933
9889193
9892193
9915861
9950143
10037737
10066445
10102632
10198191
10211994
10331422
10338368
10342375
10360672
10371349
10373571
10381576
10434875
10440746
10455194
10477517
10506722
10519146
10534339
10541969
10551875
10594750
10600473
10620438
10686399
10692392
10727296
10738243
10748050
10749680
10753929
10799512
10815805
10825432
10850461
10864919
10864920
10865839
10873597
10889925
10892919
10893303
10918218
10983377
11016638
11018037
11058584
11058594
11098056
11119416
11283848
11329148
11335087
11335727
11348872
11349728
11387210
11399777
11411219
11435426
11438469
11448062
11468554
11514538
11591411
11702693
11711543
11719508
11723743
11745191
11764072
11776867
11779580
11798950
11807828
11818393
11832083
11839384
11848511
11943724
11950904
11978732
12029087
12052848
12067897
12094254
12110003
12126641
12135291
12171566
12174363
12213878
12217372
12226078
12244099
12359360
12426207
12439912
12443771
12453432
12454810
12456025
12491796
12499271
12509223
12536566
12548132
12549858
12578605
12606384
12619895
12620408
12626205
12649282
12654712
12665467
12670961
12676542
12681433
12693848
12729639
12792894
12823710
12852948
12859876
12937991
12940780
12941314
12974081
14517414
14517445
14525795
14592941
14597894
14600159
14607780
14654077
14670616
14691147
14698157
14703061
14726393
14760594
14766216
14965810
14967383
14988387
14991896
15012992
15016828
15032725
15051917
15059322
15059323
15111490
15124924
15125964
15166498
15175347
15215251
15231728
15262130
15291808
15345695
15357981
15384251
15492987
15498012
15500639
15505501
15541367
15604055
15629080
15686997
15742392
15754132
15771417
15787543
15820091
15867479
15897122
15897124
15905131
15921622
15946674
15949417
15951738
15953730
15957841
15962006
15993897
15996656
16007196
16010973
16049137
16076962
16085543
16101185
16109546
16155828
16210956
16368234
16388516
16394178
16467880
16480593
16497103
16499030
16513643
16516857
16556453
16557278
16620831
16624737
16638931
16697074
16732516
16750628
16807673
16820800
16835828
16837029
16842782
16873710
16875620
16979662
17004013
17188869
17196258
17239587
17253753
17259150
17277021
17306530
17320821
17382929
17479290
17545072
17565003
17569358
17644065
17676354
17698971
17707181
17845608
17883421
17920764
18006432
18060633
18161919
18164591
18177622
18197498
18218912
18423153
18432194
18461646
18497993
18573658
18645275
18682324
18719373
18763120
18951929
19004006
19102933
19160835
19170841
19173675
19218097
19218116
19218502
19244479
19256346
19265684
19356742
19388942
19447057
19460700
19473276
19520294
19701853
19723655
19754810
19782046
19862822
19888602
20065496
20117975
20159685
20218294
20367253
20380423
20420865
20434998
20486936
20538805
20607359
20848132
21030714
21050541
21091880
21182812
21208810
21257617
21324683
21382095
21385572
21396695
21475801
21543296
21567086
21695506
21756740
21828096
21909756
21920748
21984395
22095860
22182247
22207243
22251800
22300770
22344734
22408460
22519984
22626655
22695126
22706170
22805118
22820600
22855739
22954638
22983702
22986416
22997228
23043480
23077562
23090418
23158831
23164459
23169005
23171577
23176190
23205880
23250775
23273598
23289143
23383116
23388335
23393131
23413701
23437769
23566851
23605100
23621880
23746980
23772553
23794399
23800852
23895310
23905676
24067209
24345486
24365195
24408994
24553112
24673468
24886133
25059654
25123269
25182240
25257539
25261665
25317969
25322777
25372416
25411163
25926745
25942475
25986862
26081139
26093379
26284131
26325365
26400356
26414127
26422291
26501259
26524805
26578684
26600539
26622771
26631613
26634469
26667231
26681011
26735859
26831649
26866667
26874741
27004155
27028822
27105956
27141535
27365461
27453397
27750146
28218664
28338184
28384659
28401369
28430711
28471229
28478454
28812437
28853068
28911371
29033564
29093528
29497919
29571255
29855279
29924031
30141410
30220171
30241010
30601675
30733301
30845284
31078289
31096819
31115562
31118800
31405022
31486713
31508572
31578580
31596310
31604903
31611971
31636652
31896485
31980491
32021302
32123305
32274396
32292556
32497474
32924793
33099473
33205351
33320693
33370709
33417661
33665428
33671638
33687169
33790633
33837886
34010630
34060368
34113005
34179721
34224514
34522030
34656700
34679042
34705228
35117834
35313079
35428537
35484400
35530271
35734201
35893809
35973966
36180087
36376833
36721715
37432457
37439957
37610648
37647140
37675636
37803932
38020087
38046381
38075197
38238614
38243835
38332991
38491522
38790910
38803393
38918393
39000466
39189951
39273385
39289946
39497524
39820259
39831055
