15897902
16431929
16570270
16648480
17545527
17962437
19190782
23190103
23209302
23308235
23414349
23479679
23626713
24128419
24626475
24784001
24854087
24933261
24949858
25106407
25528264
26536004
27128470
27270502
28165566
28504687
28525372
28892560
29343805
30092718
30226594
30385851
30388224
30404039
31823805
32214824
32348467
32649913
32679794
32757684
32898497
33203790
33239895
33380832
34131133
34188700
34208606
34495250
34575892
34605738
35439960
36192583
36227151
36367621
36822388
36922675
37091312
37551309
38033864
38498903
38590579
39775797
40075652
