509752
1260634
2562117
3294472
4947741
7032372
7318203
7518854
7519507
7665640
7690341
8377304
9390301
10589513
10985860
11090434
11522667
11805065
11874486
12837840
14081710
14112797
14116598
14122998
14137503
14157724
14160869
14179401
14226905
14258462
14292007
15654391
15711284
16016334
16026338
16081693
16284805
16784504
16960966
17065430
17342771
17790739
18036219
18318788
18476675
18499891
18671351
18795122
18830255
18922118
18981453
19007522
19164557
19351368
19375057
19386957
19539395
19574886
19644024
19779861
19839331
19840987
19853259
19892494
19912360
19928147
20117079
20165862
20168073
20189318
20227574
20354820
20598160
20683523
20683527
20799235
20854602
21112890
21120166
21344658
21475850
21709696
21869597
21907926
21946830
22111084
22175887
22190996
22355509
22532924
22533504
22559980
22686860
22795573
22855655
23646749
23801280
23894705
24086604
24120139
24350623
24596674
24711955
24967751
25014638
25036974
25091524
25143820
25222580
25338500
25429647
25514101
25517366
25675659
25755909
25773947
25812655
25841455
25841461
25926077
25960657
26204251
26275246
26522471
26716203
26746196
26771376
26788274
26867379
26942271
27103642
27207321
27350754
27467080
27484155
27669012
27698973
27777718
27817083
27992262
28067040
28137396
28217422
28282952
28438191
28439288
28443502
28477630
28514613
28564903
28577566
28627468
28790574
28855975
28868836
28881520
28881731
28884928
28915580
28975118
28978170
29050270
29088753
29098070
29099714
29137311
29156756
29195371
29200776
29264430
29282310
29340041
29545943
29568401
29620342
29636989
29641769
29657615
29670776
29693058
29707131
29805686
29910466
30032560
30094412
30112273
30214774
30311000
30352845
30360215
30398026
30740772
30815430
30867899
30949195
31043385
31043947
31143511
31167998
31260221
31295083
31311917
31336182
31341943
31458297
31463981
31552107
31604903
31647228
31673329
31681584
31852719
31869527
31894094
31911924
31965928
31966753
32002307
32019416
32082541
32116712
32194624
32317628
32327564
32344828
32391261
32406894
32477598
32560620
32596061
32714530
32804119
32821750
32850863
32864653
33042408
33050226
33072700
33194047
33212994
33218150
33256372
33321690
33321993
33441227
33443647
33457293
33469372
33477584
33480538
33506071
33506612
33531532
33673554
33732906
33851030
33918993
34008963
34025442
34031833
34089444
34095481
34132644
34183780
34194969
34236401
34246268
34298994
34322383
34327966
34359600
34362491
34390446
34395414
34436117
34446510
34616493
34873346
34907281
34917498
34985425
34991158
35035701
35051988
35142612
35211416
35261949
35355833
35416527
35424842
35431315
35440293
35481560
35488288
35517740
35519048
35531760
35541600
35548022
35560823
35590033
35642348
35651799
35692550
35748185
35753087
35768408
35801023
35804842
35817873
35884448
35887076
35953947
35993012
36176106
36213539
36239715
36250542
36263694
36296757
36332622
36332623
36356802
36374447
36385822
36416809
36438053
36444991
36447001
36493348
36520036
36578586
36581075
36625066
36733350
36742272
36768489
36779591
36835547
36838741
36851392
36872432
36875773
36895976
36980598
37014660
37018594
37089832
37101952
37102594
37111301
37131483
37169905
37182614
37235766
37248559
37296525
37305181
37305871
37338655
37377752
37403699
37444784
37458061
37506147
37513844
37539750
37562000
37568695
37577199
37597693
37603611
37610648
37616599
37645430
37663152
37679667
37704840
37720439
37724142
37736254
37822898
37850485
37863736
37870660
37876490
37897679
37901323
37923609
37944183
37947357
37982490
37992684
38023657
38094908
38111003
38112689
38142424
38170739
38175371
38178930
38188286
38201246
38206538
38227801
38231254
38265264
38273969
38281483
38384854
38524391
38604076
38618965
38635252
38685641
38730662
38764489
38938682
38951864
38964062
38976817
38977741
38993735
38999124
38999192
39072718
39113850
39199677
39227188
39234860
39255200
39286482
39307931
39350145
39379697
39390777
39453084
39461383
39469230
39516322
39537990
39604782
39649724
39683672
39694857
39728933
39767683
39797929
39856174
39856401
39865727
39896835
39907875
39933630
39971668
39992648
40018846
40036308
40104229
