24818805
24886118
25131304
25284327
25302748
25613690
25810209
25834037
25892123
25929198
26164398
26403224
26514233
26556690
26657054
26684393
26999444
27122129
27282883
27320412
27485686
27759909
27774582
27777327
27786413
27801610
27895715
28253492
28282266
28332262
28535805
28573893
28595195
28646023
28675638
28723559
28726783
28815892
28838992
28921816
28968975
29016570
29048106
29203834
29225689
29326822
29351983
29445560
29567781
29605894
29720585
29741206
29797490
29853461
29948955
29978456
30008805
30107050
30132801
30143999
30159143
30203571
30455225
30549396
30616415
30679330
30707474
30730614
30841869
30869817
30872272
30899083
30922345
30953031
30974445
31044088
31090199
31095693
31115144
31134617
31136005
31161857
31168168
31205223
31209944
31241561
31250358
31343482
31425921
31515871
31558671
31592798
31599492
31698332
31701557
31705930
31707119
31723820
31723831
31745420
31867596
31885955
31894899
31902694
31913156
32006151
32015320
32114371
32134839
32196814
32219355
32243611
32311999
32375465
32436862
32437908
32461620
32483278
32572144
32611575
32641752
32729113
32805689
32876512
32896800
32923872
32992102
33020282
33035331
33058483
33078871
33135273
33150819
33150840
33200915
33205680
33216970
33270074
33298164
33314053
33325147
33375773
33387673
33405950
33419897
33469688
33542481
33565066
33583020
33608309
33623141
33647817
33718232
33727310
33749383
33792681
33827367
33846544
33871895
33937032
34006870
34034210
34048072
34048275
34068470
34088716
34102828
34228147
34236108
34237703
34292677
34330316
34383244
34384895
34440129
34469078
34500465
34525185
34550633
34551064
34551411
34575904
34588432
34594227
34638131
34638301
34643033
34694864
34766724
34785111
34799856
34828665
34864370
34864916
34894139
34899171
34930453
34964255
34966090
34970734
34995897
35044058
35091795
35127484
35153769
35163737
35172563
35288693
35301220
35327440
35328068
35356416
35387132
35467057
35506873
35584376
35617149
35677155
35680797
35688861
35727845
35734412
35735203
35765879
35773769
35778418
35814831
35833755
35845205
35893049
35933338
35933946
35945623
35950535
35978554
36003510
36057135
36089918
36119728
36204688
36213638
36214866
36256911
36288642
36301633
36309561
36352192
36358022
36380143
36468647
36472792
36479909
36485136
36493338
36525029
36570692
36585787
36627892
36629017
36635503
36640593
36661399
36674872
36709945
36715125
36716115
36725100
36774707
36781850
36811287
36833191
36843114
36861410
36874114
36892949
36894563
36922593
36930260
36959690
36964033
36979800
36991259
36996387
37019990
37036970
37075569
37100882
37101762
37221837
37246732
37248168
37259259
37314622
37335206
37340822
37369532
37370721
37474833
37478796
37494611
37517063
37575084
37595275
37601865
37638847
37639801
37646654
37686014
37699172
37709746
37712389
37713130
37740239
37741948
37742392
37772538
37803862
37807295
37813299
37891368
37917159
37969120
37994126
37995105
38003662
38025523
38026790
38029383
38049829
38096371
38127411
38143534
38152368
38162585
38175436
38175441
38197101
38226414
38234854
38270130
38300432
38307942
38372299
38397201
38455748
38468826
38488438
38514796
38519799
38520957
38579381
38604799
38610989
38621200
38632314
38643442
38650597
38651453
38678092
38686611
38706918
38730645
38735761
38740515
38802349
38860936
38867582
38888967
38889007
38892207
38903873
38905635
38955714
38964931
38965370
38975722
39045136
39054692
39113367
39116419
39121437
39201709
39207558
39264614
39280986
39303915
39316646
39328249
39329074
39362994
39380002
39428967
39475509
39482352
39509656
39519407
39535162
39572532
39579612
39589456
39614923
39626355
39633068
39641785
39682203
39700011
39704147
39736728
39743677
39754404
39766070
39766092
39789150
39793727
39798620
39806204
39808803
39823765
39823827
39834944
39840671
39887333
39887730
39888275
39913335
39927668
39941894
39961013
39967615
40000924
40016709
40032423
40037847
40081934
