24240169
24739679
25142838
25944076
25972376
26032282
26303934
26366710
26366712
26841698
26912830
26932671
27280393
27302555
27530205
27566587
27573763
27806304
27873319
27991736
28007623
28295206
28336670
28404210
28590022
28669924
29265349
29269867
29283410
29321794
29440247
29482518
29483845
29627316
29725259
29807113
29914387
29950560
30107592
30177394
30309852
30459467
30569626
30679344
30891914
30980591
30984543
30990809
31100540
31123786
31128216
31179148
31209944
31228576
31232159
31282990
31311407
31435462
31446696
31537689
31547991
31813957
31814321
31935506
31949313
32064601
32064880
32083401
32203228
32243837
32350066
32446916
32541010
32599142
32668765
32695399
32803813
32878339
32887696
32948218
32953414
32988590
33086062
33203550
33483618
33786580
33793001
33881803
34012382
34127651
34194626
34336928
34369642
34487531
34675602
34705580
34724040
34758724
34834500
34859145
35040536
35060672
35189794
35196069
35411083
35411237
35421397
35477537
35506254
35550987
35640156
35762338
35801925
35938163
35973905
35992033
36048893
36074529
36090579
36093518
36324816
36325357
36525973
36636064
36674608
36720605
36722273
36741385
36824887
36846668
36893259
36924677
36947365
37043208
37056814
37133636
37140208
37142882
37158694
37180665
37379880
37410700
37523130
37550041
37599126
37620992
37697431
37800171
37810849
37822508
37908464
37921229
37961118
38015024
38058280
38077838
38115267
38206414
38254937
38263533
38448029
38453563
38528056
38570506
38684298
38700982
38765012
38768529
38786098
38833814
38883659
38926506
38967349
39025450
39041683
39113693
39117610
39117659
39202303
39309396
39327125
39332515
39380528
39411159
39462447
39564571
39578878
39678395
39806204
39908143
39911174
40044030
40054828
40103013
