27280393
27986439
28940816
29069077
29483845
29755131
30093974
30108106
30416688
30665945
31098421
31128216
31146111
31337554
31712638
31924266
32429658
32471474
32604168
32867667
32943985
33159839
33596429
33708426
33853832
34240274
34304711
34582124
34945726
35322299
35324822
35345335
35354467
35409657
35449309
35664801
35681795
35870559
35898555
35945529
36348067
36425109
36601880
36933062
36946065
37016415
37284154
37415738
37538398
37691868
37908048
38090150
38146907
38356881
38453563
38453924
38528071
38594266
38883170
38926506
39013459
39046877
39089178
39091583
39165358
39402969
39479850
39501105
39806204
39812948
39836524
39856649
39908143
