23358417
23426673
27806114
27839873
27992417
28150430
28218417
28520167
28546572
28723559
28921672
29289525
29396090
29653907
29697234
29913530
30196991
30253925
30355503
30504434
30935829
31061210
31165786
31216378
31269560
31338059
31388109
31690684
31768667
32241076
32305686
32546208
32596666
32634684
32877735
32879445
33150406
33163573
33300088
33816656
34054706
34380541
34440566
34477219
34590685
34606908
34728955
34747823
35005062
35022352
35293157
35415007
35418819
35506254
35597996
35635862
36122281
36162497
36247903
36288966
36483457
36537064
36594087
36797062
37041082
37309110
37636227
37683307
38108041
38347522
38425714
38743022
38810319
39068760
39418857
39419394
39536425
39587624
39659969
39659970
39768557
39840144
39933316
39990802
