1686731
2462463
2895917
3047672
3057654
5205527
5619874
5871316
6002790
7535083
8152802
8859779
8955068
9013836
9332768
9612526
9726011
10067815
10609819
10612810
10656099
10767369
11051374
11066074
11205494
11293323
11355359
11406644
11559534
11668501
12009696
12017282
12359767
12433719
12438234
12644542
12650907
12652573
12727811
12755843
12766905
12893203
12941809
13198982
13407440
13440592
13738181
13835778
14150166
14175207
14191792
14206066
14363284
14435036
14534542
14601056
14618633
14681207
14699048
14991899
15064704
15141374
15194222
15294875
15466181
15489648
15517309
15542810
15696205
15753399
15781613
15894260
15958551
15991007
16007118
16043511
16043828
16049314
16060660
16091732
16112461
16144912
16169155
16219426
16256179
16269215
16373972
16382049
16474404
16474405
16533793
16598760
16614976
16618717
16618742
16619251
16687659
16707468
16721785
16773572
16806438
16916990
16953233
16969076
16973828
16988471
17030180
17056636
17060486
17065427
17097223
17114585
17122504
17133351
17184525
17321325
17349581
17353198
17354229
17360030
17375050
17388789
17393356
17440063
17449174
17459062
17461759
17468812
17487504
17504988
17510423
17534846
17551339
17575133
17591931
17601930
17611392
17636015
17636402
17652141
17671181
17671710
17697521
17712732
17785207
17804724
17873613
17875685
17875937
17904685
17910045
17932053
17998284
18054006
18066843
18090159
18098337
18199160
18202412
18210112
18221484
18268007
18296105
18299280
18303429
18316791
18343945
18355852
18356293
18374152
18386339
18413263
18418018
18418066
18431556
18435933
18439086
18445856
18487581
18490377
18495026
18509354
18549475
18549880
18559592
18560355
18561174
18561895
18566322
18594536
18606056
18614859
18619559
18626007
18628094
18669174
18676835
18684058
18688214
18692554
18757341
18758463
18767573
18776048
18776302
18782444
18794081
18802721
18818716
18832458
18832461
18843035
18922928
18928862
18932251
18958496
18980800
18998757
19013894
19018267
19020799
19028870
19028876
19029981
19047277
19056857
19066392
19078954
19087308
19096301
19096302
19099510
19102707
19117687
19121089
19124802
19137007
19147861
19162366
19164213
19164452
19165201
19170230
19179548
19188670
19189371
19190129
19190631
19204679
19208363
19210107
19212633
19247083
19249398
19270482
19273243
19273701
19282104
19282454
19289794
19292977
19296721
19297803
19309232
19344998
19349489
19351816
19352138
19358724
19362042
19368524
19372556
19378369
19380522
19386128
19390304
19396835
19398573
19401449
19419940
19430299
19430420
19430562
19439077
19440048
19453520
19464247
19471640
19474002
19483733
19490892
19521964
19533561
19542725
19545448
19546608
19549774
19561631
19584155
19596959
19603018
19609923
19629168
19632927
19636327
19637313
19638574
19639197
19640859
19641175
19648963
19661383
19671843
19678923
19679400
19679546
19681124
19702696
19727962
19738388
19740513
19745602
19762526
19775645
19783717
19787214
19789368
19792050
19794264
19794967
19797353
19797612
19813061
19815694
19824059
19829092
19832985
19843849
19847166
19854534
19855375
19879255
19881948
19884549
19884556
19888477
19912113
19913317
19915942
19917537
19921572
19923311
19923868
19934290
19935791
19936839
19937133
19943202
19951995
19952717
19959798
19960433
19961491
19966866
19995707
20007840
20007841
20007845
20008640
20010090
20012784
20018398
20020061
20022659
20023657
20028932
20032635
20034866
20034867
20034868
20034869
20034870
20034871
20034872
20034873
20049644
20049837
20049979
20062883
20071308
20071774
20072801
20087229
20093389
20098682
20100685
20101149
20103678
20108024
20112233
20117855
20124454
20130433
20137853
20145159
20160721
20162668
20177422
20179099
20189055
20196079
20203003
20207769
20215346
20297566
20300583
20303012
20304778
20305537
20331636
20336783
20354524
20358631
20361188
20361930
20367313
20372787
20381121
20385028
20398393
20413678
20418097
20421486
20425075
20431034
20432530
20432670
20452353
20454511
20457603
20460490
20482381
20495549
20501506
20514492
20516123
20550522
20559149
20559151
20563247
20563851
20565241
20565773
20570890
20571907
20575464
20578946
20580219
20591910
20592359
20603437
20607679
20610624
20616015
20616366
20617134
20619672
20619738
20619739
20624322
20627194
20633017
20641287
20641936
20645028
20647319
20651341
20660313
20661086
20664172
20664174
20673328
20675343
20676756
20678218
20680106
20682398
20686305
20686428
20696815
20699365
20712532
20718705
20723402
20725992
20725998
20732413
20805368
20810036
20813562
20814421
20817364
20823162
20840818
20841479
20842128
20846262
20848649
20855834
20856723
20857619
20864634
20871029
20871266
20871271
20877448
20878103
20884623
20921461
20926413
20926546
20932136
20933246
20935157
20939116
20944652
20947270
20949621
20955384
20956938
20959826
20972324
20972333
20978259
21029218
21030527
21036740
21036746
21042537
21051183
21052001
21056012
21063026
21070916
21072204
21073737
21074889
21075310
21079152
21083447
21099348
21103049
21104178
21104470
21104905
21107288
21110880
21112291
21113056
21113138
21115601
21118047
21118963
21122130
21125676
21128077
21129611
21131919
21148749
21150464
21155011
21161326
21161938
21163703
21169348
21169357
21171965
21174225
21178719
21187034
21187472
21187500
21187522
21193546
21197450
21197560
21199003
21200037
21206494
21207374
21209378
21218523
21221853
21224376
21227391
21227396
21228365
21229361
21239505
21240995
21244382
21258089
21258250
21263083
21266788
21266922
21271222
21275455
21278223
21283084
21283802
21285867
21286919
21299161
21304078
21304079
21304080
21305640
21306997
21311774
21340604
21354055
21364579
21364863
21375404
21383284
21385921
21385923
21387273
21387306
21398618
21400670
21408138
21411444
21414214
21420385
21423092
21424008
21424126
21435948
21435949
21436632
21437184
21441420
21441573
21447798
21449668
21451123
21451492
21457162
21457164
21457704
21472513
21477882
21478103
21483104
21497370
21501587
21502435
21502544
21508389
21516079
21518819
21523374
21531130
21532494
21532509
21542198
21543344
21544811
21550229
21555681
21575616
21586612
21592614
21603900
21607592
21607617
21607772
21609938
21610704
21615826
21624768
21630045
21632463
21632860
21636548
21646605
21646616
21652203
21655475
21656377
21665177
21667033
21673069
21674991
21681191
21681971
21686179
21686750
21688344
21698197
21699410
21699772
21699781
21701884
21704278
21706149
21720997
21729876
21730978
21737577
21737635
21738581
21741959
21742054
21742770
21743433
21745016
21751504
21753228
21770066
21775746
21779503
21782508
21785539
21789120
21791211
21795973
21797849
21807336
21807639
21807965
21811765
21815483
21817902
21825899
21829065
21833472
21836482
21839537
21842425
21847063
21851273
21856775
21860425
21862683
21865138
21872595
21873152
21873159
21873171
21874108
21876563
21877921
21878506
21884216
21884745
21889482
21894049
21896996
21898389
21903676
21904575
21910869
21917678
21922590
21942085
21943394
21945923
21947301
21949883
21960311
21962894
21968808
21969500
21971641
21982684
21985784
21994416
22000810
22003074
22011285
22016105
22020370
22022614
22022941
22039088
22043994
22070922
22072121
22074740
22080568
22082529
22083191
22088965
22089345
22113502
22115708
22126621
22127206
22127923
22137144
22138963
22139083
22139644
22140463
22140652
22157931
22159814
22169039
22173329
22173548
22177492
22189714
22190076
22199277
22200795
22208484
22210048
22210091
22211815
22213982
22214007
22216189
22219013
22221894
22228631
22228640
22232209
22234980
22245873
22246397
22247021
22248908
22259183
22266220
22266668
22267755
22272089
22272560
22282307
22282465
22282467
22285706
22290300
22290393
22302407
22302539
22305241
22306671
22307873
22310974
22317887
22321154
22323609
22327383
22329297
22337533
22341439
22349355
22358180
22358385
22363067
22367707
22369372
22383492
22383975
22385512
22393783
22394035
22414609
22422135
22425762
22425934
22426079
22427190
22430133
22430215
22433711
22436609
22441566
22441881
22446020
22446022
22448886
22451720
22458846
22459936
22460425
22461648
22467075
22478793
22488932
22489692
22491422
22493246
22496619
22498935
22517696
22520598
22522845
22525269
22526587
22528563
22534075
22535956
22537608
22537942
22541435
22549179
22555094
22555244
22558339
22577135
22579930
22584434
22584999
22586312
22586351
22586484
22588152
22589274
22613949
22616697
22617127
22618808
22624710
22638623
22640803
22641662
22647972
22654667
22655260
22661904
22662244
22665051
22666783
22669132
22669205
22671702
22672749
22674181
22679560
22682753
22683711
22684718
22690261
22696593
22698407
22699145
22701724
22706026
22706243
22713664
22714415
22722830
22729813
22729835
22734028
22735045
22740893
22740969
22744738
22745110
22750048
22751122
22751123
22752244
22752425
22753589
22754965
22761399
22770374
22773565
22773810
22776234
22787409
22795503
22798500
22804747
22804917
22805266
22805308
22805329
22808230
22810899
22811812
22820081
22826436
22833420
22864383
22865324
22869875
22871572
22872705
22875835
22876814
22876876
22879364
22886659
22898351
22911782
22922794
22923764
22927534
22930660
22931052
22933967
22936063
22938585
22948721
22949905
22963480
22964644
22966286
22971512
22972628
22975374
22976127
22982087
22982650
22990113
22995035
23010532
23010994
23011178
23011482
23012248
23014527
23015072
23018559
23019409
23021375
23022742
23026641
23027075
23027076
23028236
23030695
23033302
23041588
23055340
23059349
23059812
23060932
23063521
23065691
23066310
23071293
23074403
23075074
23083368
23090042
23090619
23092099
23096712
23098991
23099803
23108567
23111797
23112547
23116683
23119210
23122493
23123965
23125007
23136247
23136868
23139259
23143308
23155138
23157823
23157824
23157825
23157826
23157827
23157828
23157836
23158210
23161231
23161513
23167843
23169296
23172084
23173730
23174662
23174912
23175150
23182985
23183424
23188063
23190154
23197490
23199549
23200175
23200176
23202889
23205087
23208128
23208496
23208952
23209813
23211422
23219661
23224067
23224736
23224737
23226426
23226501
23226727
23227266
23233388
23233484
23236152
23238036
23242173
23242438
23242442
23245996
23246410
23247375
23255073
23255930
23256033
23263441
23264846
23267865
23274581
23284732
23284900
23288781
23293113
23297805
23298313
23299277
23300780
23302304
23302307
23305663
23307237
23308056
23310942
23313110
23324583
23324806
23328486
23335286
23337026
23341527
23341890
23348904
23352033
23355875
23357879
23357969
23358651
23362162
23368856
23376526
23376846
23388101
23400679
23401440
23403250
23404247
23414467
23419522
23420587
23425895
23426962
23435671
23437064
23441611
23447823
23449300
23453624
23454899
23455880
23456389
23459231
23468066
23471001
23473612
23473635
23475782
23475959
23482563
23483557
23486365
23494461
23495083
23496197
23496764
23497191
23498145
23499205
23504398
23506169
23510802
23510984
23511557
23511561
23514584
23516888
23524403
23525126
23526491
23528169
23528430
23531339
23535601
23536778
23536897
23537520
23538047
23538180
23538866
23547054
23548132
23555992
23558076
23558737
23559149
23560377
23564351
23564819
23565319
23566315
23569301
23569465
23573237
23580570
23585181
23590868
23598351
23599154
23599782
23604119
23606169
23610445
23613316
23613671
23617638
23619604
23622131
23626007
23630215
23636143
23640097
23644698
23645620
23645765
23657052
23658296
23660947
23666916
23673656
23698361
23702733
23703846
23707634
23709419
23712558
23719586
23724098
23725851
23729268
23729275
23729361
23729630
23730412
23730417
23730514
23739246
23743931
23746401
23749528
23752186
23755178
23755925
23761841
23765179
23773459
23787801
23787956
23790176
23791006
23792572
23792647
23800114
23806795
23807543
23812423
23817662
23820584
23821376
23822592
23825691
23828442
23832066
23838137
23842453
23847364
23849768
23852309
23859115
23864308
23874486
23885463
23885470
23887057
23887294
23891510
23917487
23919423
23922754
23922984
23930206
23934108
23935912
23938291
23938455
23943799
23945926
23950653
23958541
23959381
23965232
23975373
23975858
23978462
23978899
23979710
23980075
23983135
23988776
23996432
24004591
24006859
24012456
24013837
24018808
24020794
24021343
24022727
24025413
24025416
24028894
24038839
24040454
24041692
24045185
24051306
24054548
24055406
24058630
24062691
24063423
24069241
24071646
24073892
24078161
24102083
24104864
24105326
24108679
24113449
24113994
24119562
24121562
24122611
24133623
24136682
24139215
24139521
24139827
24142156
24152947
24154848
24163374
24169260
24172884
24177031
24179496
24179521
24183959
24186144
24189294
24190114
24192124
24200637
24205279
24205362
24211581
24213573
24213574
24216479
24222113
24242294
24244261
24244687
24247407
24259266
24259500
24260500
24262587
24263065
24276238
24279718
24280502
24281417
24282149
24291216
24291640
24293274
24293351
24294007
24297898
24300897
24304820
24307542
24311948
24312577
24316734
24326376
24330663
24331409
24335104
24336155
24340949
24351336
24352906
24353399
24355196
24368337
24371225
24371681
24372276
24372748
24374738
24377583
24381069
24381645
24382626
24382853
24386371
24388967
24389431
24394008
24397598
24398672
24398677
24403261
24407191
24415639
24422958
24423920
24439221
24439569
24440911
24440979
24442099
24443225
24444711
24454858
24461128
24463346
24465771
24467518
24468885
24470024
24473991
24478710
24479809
24480914
24491303
24495042
24496383
24500024
24503901
24504548
24505083
24505265
24509876
24510990
24515771
24516257
24520223
24521262
24522420
24533074
24534449
24548858
24549645
24552817
24558128
24558511
24560515
24576404
24576621
24577055
24586088
24594115
24594201
24595526
24595598
24612015
24614151
24617038
24619075
24619079
24623306
24624786
24626880
24629489
24631467
24632531
24633177
24642661
24642668
24642870
24648348
24649331
24658074
24659028
24659889
24664550
24666267
24675361
24681874
24683007
24685132
24685572
24687822
24687833
24687927
24688052
24692733
24694341
24696490
24701207
24701695
24703531
24703799
24709419
24715238
24719356
24720724
24725411
24726492
24727325
24728492
24729895
24732316
24739895
24739896
24742565
24743582
24743704
24746704
24747441
24747911
24754584
24755884
24760004
24765171
24766281
24767862
24768329
24771647
24772300
24774510
24778079
24788807
24790354
24798549
24798941
24799053
24800946
24803537
24807155
24811330
24816724
24823632
24823639
24833563
24834160
24838331
24839940
24844134
24852854
24859378
24859998
24861115
24861525
24861917
24863005
24863805
24866168
24868222
24883309
24884535
24885062
24888607
24889043
24889488
24890702
24893629
24902368
24902898
24906690
24907112
24915895
24918610
24919569
24922006
24925349
24927480
24928447
24931611
24932237
24932282
24934485
24935174
24938521
24940606
24943349
24944064
24945428
24946815
24952473
24954139
24954535
24954536
24955217
24956256
24960403
24964758
24964961
24968756
24973952
24978328
24982390
24990403
24994038
24998203
24998492
25004944
25009008
25013473
25018048
25023700
25029118
25032217
25039399
25044103
25050586
25050641
25050737
25051409
25053852
25054035
25065594
25073438
25076326
25077772
25078979
25081901
25083299
25086186
25089105
25090459
25093678
25100204
25103069
25110411
25110823
25117816
25120214
25122432
25127677
25127693
25129367
25132659
25137394
25152578
25153497
25155157
25155261
25155780
25157335
25158139
25167228
25167989
25170638
25172632
25183481
25192863
25197873
25198428
25199829
25202344
25210463
25210493
25221779
25222473
25224251
25232318
25236593
25244542
25245095
25245423
25246276
25248381
25248721
25257576
25258580
25260023
25267307
25267977
25269837
25273566
25280562
25281617
25294886
25297496
25302858
25303301
25304374
25304881
25311989
25313136
25313182
25313410
25314637
25319061
25326806
25337237
25339352
25340957
25341034
25342139
25359494
25361550
25361845
25363767
25367198
25371176
25375092
25375154
25379018
25380065
25386108
25387601
25389372
25393586
25394415
25405615
25411474
25412182
25415430
25417182
25427200
25427298
25433809
25435574
25436011
25437878
25444464
25445553
25450872
25452273
25453050
25459669
25466250
25468813
25469291
25471497
25481712
25487540
25488861
25491325
25499080
25500542
25500543
25513781
25514114
25515650
25515911
25521398
25524577
25527633
25529460
25533479
25535726
25538889
25548100
25551625
25553091
25553307
25568935
25577224
25582328
25588859
25589625
25591837
25593307
25599653
25601637
25605154
25605225
25609577
25611103
25611230
25611235
25611236
25613309
25616942
25622904
25623590
25624485
25628921
25632066
25632202
25633745
25634006
25637496
25639985
25644510
25655305
25656048
25663066
25663779
25669831
25674493
25683115
25686118
25687873
25688918
25691283
25694286
25695224
25699356
25702091
25702261
25703330
25705018
25706807
25708741
25713627
25713893
25716163
25722381
25734337
25736685
25737507
25742303
25742883
25743137
25743147
25748236
25756961
25757545
25765033
25777349
25778307
25778332
25781862
25785139
25800101
25801914
25806225
25806877
25808193
25808440
25809746
25811077
25813150
25813151
25814651
25815366
25815786
25823645
25828472
25835782
25840541
25843002
25844824
25851630
25853628
25861836
25861837
25864038
25865669
25867268
25870609
25878360
25884297
25886136
25888291
25888436
25896895
25899481
25900677
25902334
25902737
25905463
25913614
25913616
25917266
25919696
25926041
25926253
25928347
25929517
25930808
25933688
25936694
25936883
25940428
25941815
25943321
25946136
25949859
25956913
25961464
25963019
25968887
25971870
25972319
25973306
25975014
25975908
25982011
25982297
25983749
25987236
25989270
25992771
25992772
25997988
25999213
25999741
26009994
26018524
26018827
26019684
26021650
26024321
26028035
26028111
26028667
26028668
26031776
26033452
26035715
26037647
26038887
26042813
26045117
26045124
26047463
26050230
26053280
26055143
26055897
26056087
26059825
26060408
26062553
26069186
26075998
26077004
26077912
26081767
26085527
26086204
26090869
26094080
26101643
26103891
26108998
26110767
26114584
26121270
26121339
26122820
26124189
26124380
26125448
26130327
26132860
26135109
26136684
26136941
26137023
26140595
26146959
26155420
26156229
26158412
26160192
26160882
26161927
26161928
26162609
26168486
26169922
26173780
26177347
26189770
26199566
26206254
26209642
26210240
26220423
26222068
26232258
26243064
26245271
26245851
26245900
26249544
26252055
26252300
26257060
26257206
26260912
26261259
26261656
26267334
26268359
26272189
26272233
26273395
26276752
26279302
26281864
26284123
26289340
26297056
26299074
26299805
26299862
26306751
26316738
26316935
26318594
26325103
26331885
26336887
26339434
26339780
26341080
26341920
26344763
26347132
26352110
26353932
26359571
26361962
26362194
26369631
26371285
26372699
26372702
26372703
26373952
26376292
26381283
26384642
26386973
26392416
26400304
26404261
26405092
26408346
26413866
26414189
26415993
26416458
26418750
26428229
26429158
26432508
26437179
26438300
26448020
26457492
26461287
26467662
26468218
26468985
26471290
26473645
26474433
26477306
26483047
26483334
26486455
26489551
26491871
26496897
26498594
26498739
26506885
26507119
26508156
26512781
26515332
26515758
26520186
26520779
26521233
26523369
26525741
26528862
26530529
26535719
26540314
26541605
26542681
26551156
26554912
26562302
26567140
26572242
26573509
26578706
26581910
26582224
26586952
26592447
26592448
26597160
26598515
26600545
26601720
26609545
26610798
26614073
26616848
26616862
26617245
26622666
26622749
26622815
26622882
26623049
26627242
26631045
26636714
26646269
26648033
26656490
26657862
26662311
26666244
26667343
26668062
26668065
26673119
26676756
26677873
26681025
26681038
26682255
26684803
26691448
26697449
26700577
26701267
26701781
26704847
26709701
26709987
26710843
26712101
26714745
26714748
26715098
26715198
26716438
26716649
26722374
26723875
26725216
26725968
26728409
26732596
26732779
26735353
26739511
26739882
26740498
26744320
26744530
26747707
26749281
26749487
26754849
26755660
26761128
26766588
26768497
26768652
26770060
26771140
26773157
26775593
26775732
26783561
26786089
26790949
26799287
26802155
26804118
26807315
26812186
26812617
26820161
26820797
26823891
26829311
26829579
26831663
26832792
26833129
26837474
26837759
26837764
26840022
26841430
26842186
26842788
26842935
26851024
26854029
26854235
26855149
26868125
26869074
26869800
26870147
26880715
26881434
26883054
26887348
26891420
26892442
26893067
26897849
26898792
26902020
26902163
26909137
26909577
26910894
26911408
26918901
26920031
26921316
26922062
26925640
26925650
26927447
26929424
26930719
26931089
26933204
26935130
26938486
26939159
26947075
26951514
26951837
26954523
26955281
26958611
26959608
26967456
26968810
26970110
26972179
26973247
26975418
26977001
26977877
26977885
26979257
26980732
26984642
26989027
26991109
26991344
26992209
26992918
26997442
26999437
27007150
27008036
27010960
27012422
27012554
27014419
27016208
27020204
27020587
27032374
27033384
27036313
27039744
27040858
27043547
27048113
27055085
27055865
27058752
27058911
27062566
27064574
27066977
27068338
27069133
27069739
27071699
27072218
27073482
27073516
27082577
27085587
27086595
27087446
27088596
27092317
27096871
27100819
27101576
27106232
27107065
27108243
27108388
27114375
27114605
27116474
27116958
27117408
27118240
27121230
27121414
27122185
27127178
27127615
27128903
27130653
27133754
27143148
27143691
27143928
27144068
27153872
27154822
27155924
27156442
27167191
27179269
27182622
27184911
27193833
27199349
27201840
27202293
27215089
27215184
27215271
27215453
27220963
27221731
27221928
27226433
27229742
27234382
27234640
27244540
27245284
27245608
27246726
27248473
27248578
27256640
27264476
27270901
27283493
27283768
27285753
27289420
27290644
27297136
27301828
27307095
27308320
27308397
27311775
27314069
27315484
27322423
27323830
27329432
27329725
27336603
27337801
27338794
27340238
27346571
27347117
27352204
27354619
27358379
27358853
27364947
27373829
27388195
27388452
27389825
27392325
27412232
27415425
27422710
27430246
27438067
27438990
27439864
27440441
27441499
27442629
27442777
27444698
27446446
27446583
27447490
27449543
27450488
27451147
27453951
27454298
27460045
27461636
27463838
27466537
27468920
27468967
27469033
27476024
27477280
27478332
27480959
27483433
27485514
27494869
27507128
27509063
27509933
27509985
27510461
27512631
27514845
27515134
27517148
27518729
27519791
27526107
27530552
27540971
27550813
27565766
27566041
27569299
27573925
27582544
27585860
27591291
27595930
27597273
27600383
27602102
27602501
27606136
27607580
27609895
27618791
27620744
27624879
27628192
27630331
27630355
27632281
27637077
27637917
27642639
27649783
27655129
27655296
27663402
27669434
27680702
27681944
27684555
27685259
27696170
27698189
27698462
27699275
27702896
27705932
27712015
27713037
27716478
27736842
27737711
27739365
27740967
27743339
27745798
27748041
27751166
27753016
27757308
27760825
27764698
27764699
27768923
27769041
27775074
27780749
27780929
27793187
27793696
27793842
27794398
27795727
27798894
27803104
27803107
27805251
27807303
27807355
27810244
27812578
27816716
27821484
27826532
27833900
27835861
27843629
27843638
27857191
27859136
27863403
27863474
27867401
27867542
27877053
27878354
27880072
27880931
27888145
27888800
27888823
27889902
27892494
27893707
27901498
27911859
27913706
27936345
27940131
27940476
27943267
27959684
27965461
27974679
27977612
27977634
27984728
27987580
27994680
27995180
27998182
27999210
27999344
28000854
28000889
28002807
28004119
28006055
28006059
28006061
28007466
28007627
28008299
28008623
28012797
28013534
28025078
28025100
28025786
28031051
28032595
28032649
28035073
28039262
28040692
28043144
28043923
28044293
28044294
28045050
28051122
28057438
28058585
28060183
28069799
28074351
28077300
28077799
28078112
28091917
28096270
28099251
28099846
28099923
28101205
28102286
28104621
28105276
28106325
28107965
28108627
28109399
28110998
28117409
28121262
28122448
28125730
28137655
28139399
28141826
28148677
28150169
28152508
28153088
28153953
28154176
28154181
28154798
28154878
28161825
28167505
28167572
28167959
28173629
28179313
28188683
28188750
28196015
28198009
28199803
28201998
28202526
28207208
28207209
28208157
28214200
28215705
28216246
28220783
28222664
28230016
28230018
28232723
28237539
28242811
28243130
28244637
28246207
28251966
28259135
28260928
28265402
28266521
28277374
28279655
28285720
28289141
28289710
28299698
28301591
28314302
28320962
28322325
28326248
28327928
28328812
28328955
28328959
28330874
28331530
28339087
28353122
28353383
28356789
28359236
28368426
28372922
28377488
28378824
28384226
28386358
28391773
28398227
28400509
28403349
28404754
28407465
28414306
28415658
28415695
28419443
28422714
28422979
28426481
28426773
28430579
28430611
28434888
28435452
28443025
28444545
28445137
28448128
28448388
28449606
28450086
28451458
28451792
28452926
28453411
28453558
28454346
28454347
28455360
28459468
28461470
28462395
28468669
28473715
28474808
28475173
28478152
28484014
28490719
28492885
28492898
28498246
28501852
28504649
28508855
28508873
28521461
28523147
28525386
28526814
28532404
28535665
28538732
28539837
28543997
28549417
28550040
28550959
28551386
28551389
28551618
28554329
28554746
28566436
28570009
28570035
28570076
28572369
28576749
28579802
28580315
28581520
28583095
28592615
28593995
28597297
28599501
28601386
28607485
28610418
28611106
28611205
28615361
28616588
28618430
28619714
28619928
28623374
28626587
28627450
28629545
28632850
28632865
28636636
28639239
28640835
28645942
28647837
28653505
28656876
28657938
28661467
28662393
28664935
28666639
28666644
28668883
28674184
28674438
28677778
28691390
28692044
28692881
28693177
28693281
28697193
28699162
28701723
28703285
28710768
28741619
28746882
28747515
28749408
28751357
28752115
28754405
28754906
28755461
28757631
28759160
28760854
28762849
28781083
28781124
28783173
28784880
28786996
28796802
28797274
28797845
28800074
28801547
28801584
28807782
28811946
28821559
28830562
28838992
28843257
28846116
28853218
28856790
28858102
28867179
28867190
28869500
28870917
28872477
28873491
28874797
28874835
28877504
28879441
28881771
28881815
28881837
28885658
28892267
28892280
28893801
28894382
28898697
28899783
28900044
28900470
28912139
28920245
28926605
28928972
28929751
28930294
28931048
28932083
28932588
28935015
28936721
28938614
28953955
28954733
28956302
28958387
28958938
28961832
28966582
28967920
28971587
28978051
28979819
28981524
28982179
28984674
28992761
29018205
29018576
29024530
29025208
29027536
29029494
29029497
29032374
29048416
29048669
29057096
29058260
29059159
29059173
29061646
29061961
29063045
29068469
29079305
29079791
29081842
29085005
29088764
29088821
29089357
29093617
29097261
29101114
29101115
29103024
29103773
29104111
29108249
29112457
29113235
29115540
29116623
29127628
29129745
29133857
29137294
29137388
29140695
29142904
29147262
29147353
29151304
29156792
29163686
29165690
29168112
29169974
29175303
29183007
29184501
29185262
29187496
29189986
29190947
29191600
29200129
29202108
29203670
29203982
29206715
29207158
29212194
29223986
29228650
29229669
29229670
29233960
29235861
29236635
29240583
29241084
29241739
29242895
29254168
29254887
29263151
29266020
29273082
29273451
29279356
29279709
29282223
29290981
29296399
29298116
29298682
29301749
29303928
29304017
29306909
29307569
29309301
29311127
29311298
29313669
29315556
29316436
29321164
29321668
29326299
29329159
29335867
29336889
29339375
29343688
29345689
29346455
29346800
29352043
29353250
29358307
29360815
29362371
29364867
29367950
29371474
29373830
29374019
29374690
29380513
29381910
29390348
29391418
29395869
29409705
29409955
29410532
29413685
29420182
29432532
29435051
29438690
29440631
29440633
29443392
29444439
29445180
29449544
29450716
29452147
29453361
29454587
29455666
29464099
29467941
29469192
29470838
29484148
29484842
29489023
29490942
29496255
29499269
29500885
29503447
29504894
29507676
29507677
29510040
29514096
29518181
29523416
29526175
29534749
29545318
29545333
29547736
29553850
29556349
29559746
29564165
29577691
29580164
29587749
29588349
29604100
29610318
29619114
29628435
29632642
29642912
29648795
29657615
29658583
29658609
29662194
29666387
29669234
29671469
29679238
29682243
29687792
29688256
29694444
29695486
29703606
29703759
29709255
29713668
29714634
29715099
29715113
29720878
29721157
29721374
29722369
29727601
29736383
29737864
29739790
29743592
29748019
29748115
29748135
29755130
29755662
29755673
29756386
29760531
29764594
29764596
29764837
29768879
29769200
29773717
29781772
29781848
29791786
29795377
29796909
29802158
29802314
29808006
29808009
29808010
29844011
29844447
29848992
29849949
29851957
29855567
29858030
29860982
29870774
29871934
29875320
29879069
29894909
29896883
29899381
29899858
29902613
29906244
29907857
29908105
29909489
29912950
29917132
29921458
29925636
29930982
29937183
29940619
29942138
29945997
29949778
29951788
29956571
29956783
29970558
29974407
29977235
29979578
29983389
29985468
29988139
30008907
30012129
30013058
30014851
30015929
30018674
30021885
30035160
30037374
30041673
30042874
30048458
30051609
30058725
30066851
30068711
30072474
30079419
30080912
30082686
30085422
30086420
30087114
30088781
30089720
30089886
30093730
30104206
30105283
30118499
30121367
30121958
30123361
30130254
30132520
30132801
30132854
30135074
30135483
30142336
30143816
30149143
30158525
30167080
30168144
30171261
30174918
30186180
30188916
30194290
30194764
30197261
30199525
30203888
30205046
30206308
30214680
30217306
30217561
30217639
30220122
30221677
30223034
30223391
30229128
30231239
30231694
30237741
30250298
30254092
30255594
30258528
30264648
30266763
30268480
30268834
30271501
30275015
30275173
30276588
30279957
30283732
30289595
30294831
30297358
30300582
30304546
30306263
30306823
30317654
30322385
30322949
30323311
30327306
30334450
30338041
30342037
30347501
30352902
30353028
30353166
30355620
30358208
30361395
30365555
30368666
30377195
30377342
30383609
30385747
30390498
30393486
30393596
30393613
30394973
30400219
30404699
30405152
30406144
30409919
30412912
30414169
30415007
30415923
30416987
30422156
30423018
30423298
30429107
30430033
30443000
30459318
30460115
30463680
30463782
30463920
30466782
30467046
30467381
30468734
30470748
30472330
30482246
30485680
30487290
30489318
30498719
30504843
30505580
30506648
30509235
30510993
30514331
30514931
30515612
30523411
30524892
30525091
30533257
30543839
30544177
30546903
30553812
30556602
30559287
30562355
30563891
30575330
30577618
30579838
30585163
30591192
30603881
30606912
30612313
30613331
30613980
30616834
30623364
30626603
30628735
30635874
30636389
30637861
30638176
30643016
30643167
30644389
30650287
30651863
30653981
30654191
30656741
30658510
30660770
30661213
30663903
30664964
30674639
30676672
30679079
30679620
30683047
30691487
30692209
30697286
30705405
30711927
30716311
30717152
30718259
30720004
30723297
30735816
30737098
30738221
30739784
30739887
30746744
30747828
30753336
30760495
30760703
30770327
30771521
30786019
30791218
30791232
30792639
30792807
30796246
30796344
30796937
30798277
30809081
30811471
30815759
30819189
30822503
30824678
30824880
30833014
30833304
30833665
30838710
30840064
30842983
30845012
30845013
30846362
30846365
30846412
30852159
30853214
30854087
30858154
30860980
30862488
30865489
30867319
30867754
30867799
30872781
30876538
30881513
30884019
30885340
30885352
30896620
30902586
30902772
30903639
30905761
30906631
30912923
30916792
30917791
30919845
30929285
30931528
30932013
30932348
30935067
30936194
30936197
30936466
30944457
30946839
30948995
30949406
30949599
30952657
30953504
30956775
30956951
30959742
30962693
30962749
30969158
30971271
30972217
30976068
30979646
30984520
30986992
30988000
30991021
30995478
30997628
30999636
31001473
31009485
31016879
31019745
31020480
31021322
31026472
31028221
31032816
31033217
31036704
31040047
31040156
31040157
31043415
31043737
31046123
31048544
31048689
31057298
31066120
31066593
31066938
31068372
31068384
31068602
31072097
31072469
31077597
31078621
31085763
31086727
31090176
31090662
31093306
31096736
31097738
31104677
31105425
31109321
31111275
31118683
31119047
31122556
31126331
31131321
31133691
31138768
31140867
31143511
31147600
31152438
31154393
31156795
31160609
31162857
31172308
31183211
31185482
31186738
31189530
31197133
31199501
31199507
31199928
31200752
31200821
31200822
31200828
31200834
31206466
31207216
31208693
31209806
31217031
31217166
31217933
31222012
31223006
31226844
31227505
31230347
31231585
31231840
31233118
31235043
31236113
31238809
31240521
31247990
31262731
31263025
31265477
31266814
31266962
31267080
31268978
31276933
31277422
31280139
31289310
31289513
31289919
31296182
31296605
31296870
31300513
31309326
31310691
31310834
31311847
31315887
31316109
31316177
31320402
31324478
31324887
31326626
31327761
31330954
31332011
31332704
31341022
31347028
31352001
31359406
31360557
31363167
31367274
31373232
31375828
31378680
31383871
31387866
31389831
31390566
31390567
31396884
31396956
31397499
31399087
31399545
31401029
31405063
31405847
31406261
31406347
31406533
31409052
31410985
31412251
31413817
31428721
31428934
31431614
31439256
31439712
31447265
31450901
31451509
31456520
31456522
31456633
31461438
31463367
31467540
31475898
31475900
31483231
31484165
31486755
31486960
31488180
31492438
31492820
31496700
31497356
31500425
31500429
31506332
31506334
31506897
31508487
31519714
31519898
31521423
31521603
31521695
31521891
31531201
31534020
31534204
31544066
31545494
31547963
31548432
31551296
31553708
31554397
31555515
31558803
31562613
31564912
31565476
31566639
31568802
31571052
31571990
31576556
31581267
31597434
31600989
31602326
31605540
31606661
31611389
31612108
31615811
31619231
31620220
31635338
31635679
31638218
31644929
31646336
31649109
31649840
31652979
31653608
31658955
31659106
31659111
31660987
31666701
31668570
31669153
31674905
31675556
31680003
31681587
31690879
31692030
31695760
31701729
31705127
31706640
31709194
31709742
31709772
31711449
31711486
31712554
31717759
31718325
31720935
31727020
31728026
31729406
31729889
31730860
31733634
31736361
31739184
31739488
31740923
31744829
31748650
31758745
31760766
31761034
31762422
31766149
31771279
31772328
31772333
31776128
31778952
31780856
31782995
31787238
31790621
31798692
31798872
31799655
31800120
31803176
31803504
31804471
31815009
31816869
31818506
31820981
31821386
31821786
31822538
31822998
31834556
31836588
31838203
31838939
31838964
31839435
31847096
31850201
31851163
31852167
31855953
31857578
31861832
31862576
31865178
31865182
31870869
31874105
31874110
31881025
31881505
31883964
31891652
31892597
31896242
31897329
31897893
31898667
31900123
31908900
31910789
31911550
31913776
31915379
31918262
31919120
31919121
31920150
31924346
31926049
31933846
31933906
31933925
31938404
31938454
31940389
31942672
31949686
31951548
31951561
31952366
31953242
31953522
31958286
31960612
31963621
31966490
31969449
31969677
31980649
31982342
31983154
31988705
31991394
31993359
31997427
32001483
32001619
32002289
32005111
32005945
32010574
32014824
32017404
32020086
32021610
32023060
32023458
32023524
32026770
32029895
32046380
32046984
32047042
32047043
32052578
32062493
32072746
32079091
32079384
32088737
32093717
32098826
32101243
32104498
32106676
32107398
32109834
32116204
32117436
32117703
32119223
32123842
32127496
32128676
32130260
32131398
32139876
32140482
32140600
32141150
32141886
32147669
32155907
32156785
32158916
32165494
32169537
32174221
32176377
32185618
32187889
32193808
32194893
32194994
32196518
32200350
32203683
32207862
32228650
32231083
32234489
32237114
32243838
32244355
32246016
32249202
32250617
32253111
32253118
32266098
32269732
32271417
32271426
32273401
32274564
32277629
32279996
32286309
32289276
32291414
32291806
32291856
32295706
32298693
32300895
32303437
32308771
32308773
32311457
32313953
32314446
32315324
32320301
32329932
32332925
32335126
32339950
32341020
32344290
32347900
32350854
32358059
32369483
32376474
32376853
32376889
32383811
32384877
32387386
32388560
32393751
32393788
32394229
32404198
32405640
32409593
32414921
32415199
32415761
32417170
32418298
32430388
32430479
32432667
32434536
32436621
32444490
32456244
32456277
32461371
32477122
32481524
32486141
32487083
32492752
32495109
32499547
32499700
32501281
32511232
32514015
32515291
32521886
32526634
32528529
32530390
32535617
32540961
32547068
32547195
32547859
32548736
32552000
32552144
32552404
32553168
32555399
32559853
32560038
32560574
32561852
32565234
32565990
32568455
32568546
32571252
32571902
32572645
32576853
32580297
32590745
32590950
32591521
32591603
32592097
32593694
32594310
32595468
32599986
32603594
32605718
32605999
32606939
32607238
32611735
32612138
32613723
32616873
32617278
32619782
32628708
32629177
32641995
32655498
32664155
32665851
32675031
32675549
32676506
32680644
32681943
32685110
32686745
32692445
32697994
32700762
32703218
32708359
32709883
32711246
32719131
32723394
32725342
32727790
32727793
32728173
32731506
32743640
32745965
32747369
32747568
32750661
32751518
32754302
32758617
32759499
32763752
32767829
32769881
32771234
32774960
32778157
32779023
32780611
32782529
32786457
32791343
32792368
32792597
32796407
32796566
32799314
32802465
32805066
32807653
32812112
32813206
32814087
32814111
32815783
32816843
32816911
32817175
32820496
32823550
32825312
32830162
32839411
32850329
32863385
32867151
32872305
32875070
32875077
32876508
32879665
32879916
32882514
32887255
32891189
32892548
32895329
32898003
32900796
32901840
32903495
32913049
32913056
32913288
32918044
32920468
32923867
32929330
32934027
32939510
32939513
32944001
32947236
32947833
32948832
32955175
32955176
32956987
32959141
32960408
32974961
32978434
32982282
32986951
32989177
32990852
32991469
32991719
32993393
32994205
32999064
32999660
33002027
33004338
33005174
33007229
33009500
33020304
33020642
33022750
33022831
33023600
33030125
33052075
33052229
33053566
33054840
33060649
33062370
33065029
33067762
33068050
33068701
33068939
33070159
33072585
33075161
33077608
33077911
33079429
33082333
33082413
33087838
33088323
33090333
33099471
33099482
33104438
33107184
33107691
33110094
33114622
33115526
33115812
33115932
33116132
33116596
33116863
33122197
33122623
33126649
33130216
33137095
33137541
33138715
33139339
33145020
33145085
33145304
33152554
33153459
33154671
33155198
33158956
33168658
33168935
33170223
33183271
33188080
33194700
33196710
33198441
33202255
33203645
33209599
33209906
33216236
33217967
33224365
33225411
33225706
33226505
33228976
33230296
33233668
33235918
33237900
33240421
33240601
33244099
33254149
33257855
33257977
33262456
33262833
33266473
33268505
33273059
33273596
33283304
33283545
33288571
33288930
33294260
33294856
33296125
33299528
33302159
33308209
33309163
33309959
33311986
33318378
33321088
33322500
33325140
33328217
33331426
33335263
33335401
33335404
33344895
33347393
33347495
33349195
33359054
33363632
33368279
33381110
33383214
33383664
33388318
33393503
33401991
33405090
33406903
33413175
33413474
33413746
33414546
33414552
33415011
33415013
33415015
33416243
33428144
33430810
33432066
33435990
33441747
33446803
33465697
33466280
33466360
33466836
33467412
33468383
33469311
33489791
33495399
33496908
33497555
33498912
33499262
33502820
33507343
33512434
33513018
33513349
33514493
33520716
33521700
33526670
33528846
33530058
33531816
33549031
33558425
33561312
33562505
33568196
33569305
33574444
33581492
33582915
33582927
33585224
33589421
33589518
33590726
33593884
33602788
33608386
33608534
33608672
33609098
33611092
33611226
33611888
33618059
33619172
33619642
33622887
33624577
33632153
33632898
33633024
33638256
33645474
33647504
33649142
33651349
33654171
33655066
33662279
33664850
33668583
33672357
33674596
33675084
33675098
33675800
33676318
33676749
33680376
33683689
33686791
33691728
33703985
33709341
33718013
33718018
33718025
33718183
33719426
33722854
33723061
33737000
33740187
33744388
33753248
33753749
33756124
33758543
33760952
33767862
33770081
33773991
33774492
33777798
33780623
33784337
33788188
33790768
33793658
33793718
33795262
33795683
33801246
33801781
33801965
33802849
33807330
33809660
33811729
33817986
33820777
33823854
33824054
33824136
33825830
33829754
33830081
33833221
33833413
33838397
33838467
33839689
33846570
33848766
33850816
33853790
33854168
33854968
33856403
33858364
33859191
33859342
33860195
33864001
33878842
33879459
33882289
33888645
33896272
33914475
33917100
33917572
33917906
33918472
33920322
33923563
33925206
33926328
33929846
33931487
33931739
33933896
33938493
33946756
33946899
33949915
33956502
33957355
33958764
33959410
33968729
33971321
33972443
33972557
33973871
33977486
33977487
33982211
33982450
33983114
33995590
33995628
33997272
34001163
34003553
34003780
34004237
34012917
34012925
34016959
34021083
34022414
34026605
34027089
34040167
34043291
34044280
34044655
34046348
34046632
34052328
34055227
34056834
34063999
34064232
34064352
34064761
34065402
34066916
34069772
34070180
34073318
34075224
34077955
34079044
34079707
34081758
34084225
34088868
34089836
34091121
34094198
34094546
34096690
34102999
34108518
34111513
34114335
34114474
34117033
34119437
34120460
34126192
34134622
34137282
34140669
34144959
34145326
34145930
34148378
34151545
34156985
34158284
34161704
34161711
34164277
34172714
34176062
34183390
34183736
34185934
34190333
34202354
34203378
34208656
34216687
34217313
34221952
34227245
34232546
34233735
34235003
34235620
34239564
34244683
34245764
34248538
34250383
34250391
34250412
34250995
34254724
34255132
34257546
34257550
34257597
34272369
34272423
34276991
34279918
34281860
34281875
34282051
34284202
34287012
34292499
34293517
34295553
34298783
34299137
34301793
34302028
34303932
34304850
34309585
34311032
34315643
34319912
34325126
34326381
34326832
34326838
34330763
34330898
34331774
34333552
34334388
34335943
34335949
34344387
34344756
34345014
34347396
34347509
34352652
34354940
34359822
34359836
34365406
34369083
34369256
34375582
34375610
34376426
34377229
34378081
34378483
34380837
34384473
34384763
34395262
34400416
34403504
34410132
34413420
34413934
34413935
34413946
34413947
34417059
34419376
34425776
34429319
34429757
34430690
34432771
34435383
34438271
34439202
34440178
34442609
34448791
34450320
34450693
34462329
34462653
34462871
34463887
34465355
34471232
34475783
34489556
34490728
34496878
34499267
34502160
34503114
34504076
34504197
34504350
34511398
34512755
34515700
34518295
34518623
34520956
34527319
34529522
34531315
34542333
34542636
34543685
34548813
34551387
34557315
34558391
34573384
34575504
34578339
34580018
34584333
34589388
34589947
34589987
34589991
34590053
34590580
34593037
34593430
34593955
34595842
34598083
34599002
34601837
34606602
34607284
34607394
34607583
34607843
34614304
34618566
34625745
34632444
34632919
34635780
34638442
34638488
34638560
34642450
34648846
34649604
34649968
34652911
34654798
34658879
34660299
34660806
34661061
34661984
34662582
34663758
34663879
34667063
34673587
34675229
34675734
34676024
34676025
34676026
34680229
34680275
34684076
34688654
34696797
34703427
34703570
34715449
34715459
34715561
34715575
34717917
34718347
34718946
34725361
34730772
34735515
34736794
34740862
34742312
34742922
34743207
34746886
34758634
34759319
34769348
34769370
34769463
34771644
34775496
34776511
34778269
34781171
34781949
34784779
34787423
34787842
34787849
34792696
34795410
34795848
34795853
34797780
34799379
34799908
34800542
34800654
34806195
34811396
34820593
34822010
34823093
34828284
34829828
34830024
34830757
34830866
34840582
34840744
34843447
34845311
34851437
34852220
34853888
34854867
34857889
34858498
34859959
34864132
34865865
34873318
34881628
34885068
34887523
34888240
34889605
34893591
34895045
34896362
34898002
34900144
34901697
34903582
34903667
34904611
34914038
34918209
34919661
34919787
34919824
34919826
34920161
34926957
34931404
34943432
34944853
34944952
34947990
34948154
34948427
34951114
34956889
34973294
34975345
34976107
34976827
34980442
34980466
34984405
34988297
34990117
34990404
34992247
34994595
35004309
35004317
35007863
35008514
35011738
35014625
35018527
35024121
35024639
35033622
35039048
35039661
35045886
35045961
35046095
35046405
35050786
35051703
35051856
35051988
35052775
35053550
35057499
35058184
35062845
35064033
35064087
35066360
35069209
35070984
35071236
35075146
35080323
35082165
35083149
35083578
35084268
35087570
35088614
35088684
35091439
35091677
35093297
35096591
35096857
35098800
35099637
35100711
35101228
35106676
35116456
35116566
35116907
35121842
35121887
35121930
35127385
35134344
35135121
35138462
35139374
35139853
35140422
35142321
35149086
35152262
35154474
35154489
35158284
35158819
35158933
35159066
35159208
35163234
35166243
35167298
35167329
35175401
35177674
35183163
35188590
35190375
35192958
35194118
35202743
35203351
35203586
35205697
35205778
35210547
35211831
35213144
35216221
35216869
35229994
35230841
35232997
35235808
35243242
35245687
35246953
35247012
35247892
35251350
35251972
35251991
35257782
35258996
35260176
35262627
35262628
35267511
35267628
35272617
35276002
35276360
35276423
35280113
35280306
35281723
35281897
35284050
35284135
35285277
35286386
35288294
35289786
35296442
35297922
35301118
35302596
35303157
35305624
35305671
35307375
35307764
35312176
35312376
35313064
35314814
35317947
35319967
35325211
35325610
35325867
35326531
35326950
35327394
35329953
35330996
35333412
35342104
35344448
35349855
35351843
35352018
35353428
35359599
35361277
35373279
35378709
35378710
35379985
35388206
35394121
35394541
35398967
35399997
35401171
35401671
35406400
35409398
35410520
35412531
35412860
35417072
35418690
35418823
35419483
35422066
35425180
35431183
35431943
35433927
35434667
35435290
35438321
35440164
35445157
35445448
35454872
35456940
35461718
35462078
35468095
35471904
35471939
35472176
35474673
35484252
35491960
35500545
35502655
35505757
35522557
35524675
35529740
35540129
35545933
35546148
35546360
35560154
35561303
35562376
35562390
35563098
35563733
35565194
35565279
35565305
35567350
35571341
35571489
35573474
35574217
35574381
35575434
35577124
35579947
35582540
35582653
35586192
35586420
35586425
35586431
35586494
35587163
35587946
35592435
35593416
35595182
35602221
35604033
35614853
35619118
35619874
35623683
35624529
35626644
35630522
35631410
35633344
35634237
35638910
35646902
35648709
35655437
35658005
35664781
35668302
35680020
35681634
35681705
35686701
35686834
35687481
35688062
35692150
35694189
35695156
35701533
35707149
35707786
35707970
35709138
35713442
35718327
35720499
35732135
35732240
35734602
35740503
35743139
35753348
35758004
35763705
35767444
35773240
35774610
35775708
35789981
35794233
35794829
35797671
35801373
35802645
35803966
35805073
35806488
35810409
35811500
35819261
35830645
35830714
35832439
35833726
35833881
35836817
35837115
35837349
35838046
35838183
35845506
35857848
35858356
35858545
35862868
35866409
35869872
35872068
35872166
35877239
35881961
35882862
35883626
35884381
35884448
35886918
35887120
35887766
35887862
35888776
35891756
35894141
35900578
35913013
35917737
35922812
35926326
35929746
35930206
35930804
35936004
35938195
35941179
35944066
35948200
35949786
35950851
35961282
35965146
35966590
35970251
35971826
35972169
35972810
35976561
35979548
35979557
35980001
35981360
35983994
35987104
35989410
35989651
35991047
35997519
35999291
36001969
36002369
36004014
36004810
36004993
36010567
36011352
36012655
36033504
36034582
36040039
36043516
36044597
36045016
36048281
36060016
36060690
36061356
36065693
36065754
36065989
36069080
36069770
36077838
36082871
36083155
36083889
36088370
36090050
36093718
36098964
36099887
36104708
36105335
36111443
36115073
36116035
36118132
36118526
36124727
36125956
36139531
36139627
36142803
36146951
36150391
36151074
36157699
36160343
36162331
36166818
36170373
36172169
36172359
36172682
36173339
36177801
36178208
36179532
36184737
36189421
36191562
36194647
36197750
36201194
36207523
36209277
36212424
36212540
36216931
36220070
36221415
36222298
36224201
36228348
36228411
36228769
36229514
36230756
36230855
36231137
36238683
36238685
36238732
36241231
36241718
36248331
36256706
36262749
36269753
36271032
36271195
36273239
36274378
36274467
36282862
36284306
36288238
36288643
36291766
36300526
36300829
36307775
36308376
36311715
36315377
36316440
36317327
36317675
36319849
36321791
36323057
36324898
36326518
36328896
36329437
36330448
36338145
36338647
36338994
36346366
36348317
36353445
36355617
36358810
36358848
36358868
36359850
36367161
36369466
36374121
36376839
36377663
36383067
36383274
36384095
36384290
36386464
36386815
36387129
36387582
36388799
36393833
36395648
36399068
36406001
36410939
36411339
36413402
36414124
36414681
36418055
36418474
36427204
36428301
36430323
36436020
36442772
36443441
36443974
36447529
36448054
36451866
36452502
36452508
36452878
36453576
36459180
36459256
36470426
36471683
36473022
36475349
36482151
36483040
36493736
36493900
36494601
36504219
36504908
36505791
36510281
36510353
36514219
36516586
36516772
36517805
36520653
36522653
36523988
36525703
36528652
36529989
36531078
36532636
36538983
36539490
36543126
36546651
36546659
36549128
36550998
36561983
36563789
36565974
36566134
36573057
36573547
36574142
36576236
36577165
36579598
36579622
36582540
36582783
36586518
36590382
36590511
36591510
36599679
36604566
36614109
36614192
36614194
36618907
36619267
36619305
36619890
36621179
36627342
36632627
36634571
36635501
36638742
36639711
36641751
36644936
36648336
36651534
36661686
36672256
36674513
36675307
36675641
36680986
36682330
36690705
36690752
36693323
36695555
36697641
36702331
36702816
36704852
36707100
36709325
36712673
36713848
36715788
36718590
36723380
36723667
36725884
36741723
36747713
36748130
36749819
36751115
36752207
36752878
36754903
36757675
36764316
36774937
36778364
36780229
36780612
36781231
36781234
36782249
36788889
36793108
36793588
36809054
36810451
36811382
36812200
36812887
36824959
36824971
36831298
36831441
36836752
36841727
36842271
36844555
36845684
36849761
36852277
36853786
36854010
36858519
36860694
36862900
36864254
36864508
36864513
36868178
36876696
36876898
36894174
36895917
36895930
36897932
36899885
36899966
36900379
36901764
36902296
36905392
36906109
36909561
36909578
36910115
36912021
36914743
36915627
36918771
36921725
36922358
36923647
36928090
36930718
36930789
36933199
36934024
36934967
36939385
36942906
36945141
36946253
36946612
36948246
36950276
36958689
36961000
36963484
36965665
36965921
36970205
36973520
36974804
36975507
36976740
36977195
36980522
36980752
36983314
36990254
36993160
36999984
37000626
37005530
37007070
37008032
37008835
37010994
37013034
37013353
37014154
37017614
37019893
37020035
37020037
37021520
37034642
37038676
37038985
37041291
37042566
37042657
37046732
37049650
37051535
37056419
37058782
37058997
37059275
37061249
37065036
37066277
37066770
37067057
37069542
37069612
37077379
37077403
37081806
37086630
37088911
37091175
37097304
37098232
37099199
37099736
37099780
37101428
37101895
37101896
37103924
37110848
37111311
37113399
37115209
37120687
37121193
37121400
37129853
37131995
37133216
37140194
37141389
37141400
37142051
37144836
37152291
37153900
37154160
37158138
37158894
37162129
37162905
37163165
37173989
37186063
37186518
37190303
37193820
37194932
37197464
37197476
37197620
37198972
37205388
37207265
37210549
37217090
37217096
37219599
37221195
37222266
37222390
37223497
37226642
37228916
37232035
37232746
37233987
37240273
37240418
37247923
37251787
37253296
37255533
37258666
37258742
37267915
37267953
37268395
37268708
37268766
37270580
37277019
37277529
37277530
37277698
37279096
37279937
37284902
37285629
37287989
37291757
37294122
37294384
37296038
37296057
37297026
37298264
37300688
37310065
37310170
37310401
37311935
37312844
37312857
37314136
37314501
37315388
37315390
37318525
37321326
37325970
37326110
37326376
37326719
37327468
37328838
37339170
37348993
37352389
37354089
37355486
37355668
37356142
37356222
37363990
37364351
37369836
37370689
37373999
37378881
37380804
37382738
37384411
37384866
37386628
37391511
37393631
37395055
37399416
37404765
37407562
37408855
37414888
37416188
37419045
37425398
37425414
37425416
37428140
37428914
37432264
37441428
37442265
37448961
37451658
37452600
37456800
37463056
37463267
37464834
37465312
37466928
37468622
37470067
37478822
37479333
37480262
37481516
37483430
37483491
37486241
37490263
37492744
37499521
37500789
37503215
37504336
37508774
37509241
37509345
37509393
37509688
37511536
37511664
37513471
37524642
37526097
37541213
37542037
37542991
37543088
37556505
37557065
37560229
37566020
37568037
37569406
37569478
37572321
37577090
37578116
37583589
37583830
37583832
37586117
37589222
37590355
37591766
37591859
37596864
37602398
37602638
37602814
37604687
37604828
37609177
37609465
37611121
37619846
37620420
37622405
37622743
37622864
37625401
37625403
37625842
37626641
37627169
37628868
37628934
37634766
37637206
37643504
37643866
37644143
37649607
37653114
37662925
37663463
37663588
37668797
37673617
37673947
37674812
37676964
37679033
37681415
37682707
37683526
37688996
37695631
37696812
37699269
37699334
37700573
37700806
37701134
37704538
37716979
37720173
37721193
37722358
37724146
37728512
37729017
37729816
37730692
37732258
37736182
37749297
37750945
37751775
37754066
37758873
37758931
37759534
37760426
37761297
37761948
37768068
37771286
37772552
37772997
37775182
37775523
37776047
37776255
37778239
37779142
37780803
37783131
37790498
37790760
37792268
37794133
37797754
37800636
37805078
37808711
37817679
37819586
37820855
37822837
37824798
37827842
37828002
37831779
37832364
37835787
37837907
37841325
37842094
37846734
37846894
37849557
37852032
37852124
37852325
37854155
37857983
37870968
37872325
37873106
37873786
37876556
37886215
37886935
37894382
37897365
37897621
37900837
37907934
37914922
37915613
37916173
37920960
37921024
37925476
37931288
37935773
37937641
37938120
37939992
37943166
37948926
37950424
37952527
37954616
37961649
37964407
37968341
37968344
37969830
37969845
37972012
37972068
37974936
37976763
37977128
37979334
37983312
37983945
37986325
37995179
37996169
37996408
37998349
38002269
38007785
38010032
38010044
38011945
38014353
38015545
38016110
38018809
38019223
38021925
38022399
38023125
38025817
38025833
38027900
38029547
38032636
38037073
38037549
38040818
38043062
38049578
38051103
38052910
38055257
38061200
38062319
38066554
38066782
38067288
38069251
38069255
38070479
38070788
38072173
38081815
38086758
38087207
38093368
38096473
38096950
38097680
38097938
38102348
38103305
38104151
38106325
38109010
38109937
38115179
38115313
38118408
38124228
38124264
38130635
38130990
38134480
38139338
38143047
38144458
38151022
38153169
38167599
38168062
38169324
38171240
38176113
38177307
38177853
38181746
38185210
38187607
38188543
38190703
38191609
38191673
38195320
38197074
38197882
38199080
38201408
38205207
38206735
38211909
38213224
38216551
38218611
38218612
38219267
38224565
38225225
38225605
38228911
38229748
38229755
38231047
38237681
38250014
38258435
38261067
38261660
38266167
38267627
38268915
38271825
38272464
38275900
38278374
38278976
38282149
38286198
38290660
38291516
38292189
38293141
38294344
38296052
38298532
38299192
38308613
38309290
38310130
38310752
38316747
38326872
38328115
38330263
38333285
38338834
38339421
38342232
38342905
38348576
38349283
38351812
38360999
38366706
38370808
38374309
38377196
38377774
38381045
38392206
38393357
38394734
38397927
38402201
38402609
38406801
38409090
38409850
38410476
38414747
38415708
38423379
38428265
38430640
38432028
38433457
38435447
38439805
38443471
38445372
38446332
38446474
38451823
38452722
38452805
38453365
38455404
38456403
38456660
38461274
38464238
38465160
38465974
38466735
38468833
38470499
38471062
38471240
38471455
38471457
38473778
38474205
38481800
38484318
38486394
38496693
38502865
38503004
38509064
38511045
38519408
38522060
38523244
38527651
38528576
38528852
38529923
38538908
38539256
38539463
38542278
38542866
38549056
38550295
38553450
38553961
38561747
38566277
38570448
38570449
38570452
38570453
38570454
38570455
38570456
38570457
38570458
38570463
38570467
38570470
38570471
38570472
38572984
38573819
38574528
38576709
38579072
38579193
38582394
38594840
38610868
38611005
38613907
38615940
38616962
38617840
38617914
38621359
38622060
38625494
38625662
38627844
38632003
38632314
38635884
38637546
38637634
38639476
38642608
38643157
38647682
38656617
38659041
38663957
38666907
38666954
38668053
38669256
38669754
38672219
38677763
38678329
38684865
38685529
38686056
38689013
38690596
38694108
38696422
38702822
38706597
38708441
38709419
38709532
38711902
38717075
38723697
38726607
38731942
38733773
38738487
38739329
38739872
38739884
38743809
38743828
38746048
38746217
38748988
38752985
38755258
38756650
38757097
38758494
38758695
38759471
38764826
38765860
38766159
38770091
38772176
38772290
38772459
38774924
38776912
38781668
38782499
38784452
38784467
38785486
38786299
38791940
38792177
38793038
38795642
38796063
38799516
38800401
38812359
38814131
38817907
38822082
38822146
38825433
38826439
38829575
38833966
38834136
38835128
38837069
38843329
38843331
38846975
38849010
38853864
38857989
38860089
38860876
38861291
38862494
38866964
38867255
38870979
38870980
38872211
38872577
38875469
38876185
38877143
38879917
38880331
38881162
38884086
38884569
38889281
38891084
38892436
38894899
38896052
38898200
38901203
38902927
38904222
38905571
38914844
38917687
38918148
38920688
38924388
38925182
38926874
38937452
38942026
38953895
38955401
38956060
38958646
38958711
38962037
38969079
38973951
38975873
38975874
38975897
38976213
38978742
38979294
38981216
38981436
38982051
38986067
38986068
38987078
38991015
38992694
38993255
38994806
38995268
38996480
38997257
39001385
39001451
39003380
39009041
39009221
39010022
39016337
39016668
39018528
39019086
39022364
39023583
39025287
39025835
39029295
39030753
39032026
39033203
39035743
39035919
39037971
39039255
39039782
39039804
39047616
39051157
39052226
39054797
39055890
39056802
39057088
39057123
39060192
39060774
39061234
39068566
39070297
39072833
39074423
39083120
39087485
39094228
39103541
39104176
39106591
39106598
39112706
39113608
39117801
39118358
39118889
39121480
39123077
39125664
39133877
39134714
39137343
39138901
39140050
39144239
39146656
39148304
39152230
39153585
39156705
39164274
39167893
39172854
39175850
39178114
39178842
39179604
39184150
39186651
39191495
39191757
39194017
39201772
39202071
39202410
39205539
39206059
39211152
39211217
39213022
39214093
39214094
39215000
39216733
39217152
39219164
39226802
39232498
39233490
39239256
39242149
39242150
39244518
39246706
39247361
39247747
39252322
39253520
39253995
39254172
39263575
39263881
39266533
39271958
39276914
39279379
39279930
39279937
39279949
39282132
39282351
39283696
39287844
39289461
39289671
39294443
39298590
39298611
39303400
39308869
39310106
39312865
39314447
39317105
39318275
39322485
39323378
39323997
39329961
39334463
39340215
39342278
39342769
39345486
39348506
39354555
39357276
39360581
39362200
39364024
39365875
39367162
39367333
39368145
39377508
39377766
39378785
39380858
39383771
39384504
39385301
39385823
39385899
39386149
39388266
39390257
39392392
39394034
39400496
39400528
39402349
39412982
39417197
39417782
39419500
39429593
39430843
39432061
39435876
39436906
39437162
39440104
39443726
39453574
39456549
39456638
39457426
39457457
39457497
39460812
39462261
39471011
39471087
39474565
39475591
39478810
39480275
39481526
39481592
39482978
39483225
39484452
39485528
39485838
39487476
39488539
39488792
39496639
39499616
39500247
39501138
39502188
39503022
39503027
39503041
39506389
39511334
39513578
39515665
39518114
39522321
39522850
39523457
39527862
39531951
39531994
39533328
39535726
39535727
39540351
39544243
39545922
39547411
39550890
39551665
39553720
39553977
39561313
39563372
39563802
39564454
39567998
39569642
39570438
39574477
39576014
39586908
39592415
39593276
39594840
39600501
39603412
39613028
39620475
39624248
39626178
39626942
39635441
39637943
39638567
39642327
39643712
39644163
39645298
39651222
39651955
39652011
39654099
39654605
39656104
39657309
39659927
39661665
39664300
39664928
39667107
39673361
39681355
39682133
39687047
39687326
39690384
39691528
39693588
39694458
39694824
39698278
39698878
39699269
39699634
39704172
39705142
39705826
39709523
39709652
39710177
39711431
39713985
39717628
39722096
39724464
39725152
39726416
39727942
39729677
39730186
39731275
39731920
39731938
39732595
39735888
39740426
39744842
39746598
39751654
39752885
39753796
39753968
39758602
39758649
39760242
39762078
39762177
39762419
39762482
39764052
39770538
39772605
39773043
39777351
39777405
39777438
39778762
39779931
39779977
39786607
39789190
39793888
39796789
39799325
39799558
39801389
39805350
39805439
39806205
39806421
39807309
39808407
39808796
39810420
39813652
39816392
39819441
39819877
39820726
39821054
39821490
39823829
39825361
39825392
39828218
39830763
39830769
39830952
39833990
39834305
39835711
39835834
39838780
39838816
39841099
39842846
39843398
39843581
39844257
39846249
39846292
39846981
39849878
39850080
39852181
39854318
39857025
39858030
39860023
39867023
39871125
39871164
39875337
39879317
39890446
39894961
39896625
39898020
39902566
39904280
39906959
39914665
39922849
39925900
39929348
39930787
39932765
39938112
39938521
39939568
39941797
39941857
39951277
39953598
39956882
39959936
39960727
39961243
39963439
39965614
39967651
39970524
39970873
39971907
39972191
39974026
39975035
39976545
39976846
39977966
39979666
39992437
39992860
39995744
39996841
39996842
40001243
40002297
40008360
40009739
40011914
40013338
40016583
40017442
40024167
40024348
40025875
40025947
40026570
40027319
40035124
40038004
40043981
40052217
40060584
40064416
40066744
40067610
40072317
40073053
40075326
40075579
40075634
40075743
40075837
40077847
40082410
40090570
40091835
40093186
40093249
40093982
40097966
40099978
40102370
40109589
40110764
40116975
