1783375
8647435
9618379
10090727
10446273
10498680
10631168
10958684
11002347
11326260
11445543
11731474
11784107
11983900
12502739
14579381
14691138
15143193
15371453
15545629
15569047
15649466
15750622
16142310
16228014
16267835
16441405
16565724
16678815
16809766
16892173
17050627
17267311
17404593
17409394
17445771
17452626
17885813
17945188
17971297
18280717
18296023
18950487
19123129
19351848
19412553
19420926
19438482
19576624
19650108
19729298
19799869
19850024
20124220
20371816
20599763
20659708
20981829
21259014
21383983
21444716
21471213
21523854
21527502
21599871
21694721
21781440
21862556
21862557
21880414
21938009
22010100
22020335
22157808
22168911
22261717
22373574
22436613
22507326
22766851
22792274
22815426
23152144
23224985
23630438
23637337
23677615
23913826
23963660
23966864
24021930
24223455
24248458
24378360
24419084
24421386
24577083
24610003
24658583
24847765
24887235
25071464
25091498
25128061
25338559
25545010
25565948
25587085
25646419
25713417
25942645
25955539
25990740
26045991
26335201
26490636
26950276
26969725
27044748
27090258
27111144
27196513
27433921
27811057
27908728
27965462
28027119
28038713
28288968
28389425
28454439
28500952
28639890
28664938
28670499
28811218
28837622
28894380
28982712
29138985
29212159
29462785
29472529
29736797
29903919
29915186
29953980
29974668
29991769
30001529
30021253
30042129
30270548
30304924
30446587
30468298
30613973
30706227
30734202
30767676
30770626
30778164
30837262
30886049
30918012
30983488
31001956
31016789
31191623
31216480
31217502
31253399
31296250
31386568
31410149
31463973
31480672
31536481
31599448
31623618
31626715
31665067
31666627
31753039
31758089
31930565
31990064
32022899
32068261
32069701
32099465
32178558
32184164
32226522
32248974
32290843
32308428
32329830
32401815
32439755
32449067
32492961
32520758
32544068
32547220
32586085
32587136
32633375
32645172
32723981
32732957
32760207
32780211
32786108
32826866
32826869
32850370
32856045
32933177
32956692
32977233
32977510
32990218
33165091
33195246
33289586
33292271
33398088
33407665
33431799
33608451
33664483
33677883
33743303
33753903
33844466
33887729
34001852
34021424
34048981
34096776
34127813
34218464
34267183
34269120
34321960
34326690
34337014
34397171
34474344
34550847
34563944
34568190
34615872
34639214
34788095
34868959
34988073
35007429
35066013
35110542
35139734
35371339
35563178
35583550
35594394
35628310
35639980
35893063
35929139
35938168
35950640
35960138
35993473
36082704
36087740
36147545
36147604
36153326
36243826
36334793
36344988
36484736
36529101
36611960
36630221
36827466
36835374
36880184
36942321
36964549
37106379
37197086
37333084
37371581
37462205
37502913
37523793
37530485
37553362
37657935
37881686
37922952
37927791
37961030
38062469
38100720
38113273
38169425
38254216
38264455
38372948
38503969
38589618
38735319
38792023
38971328
38982059
39046969
39107921
39326462
39465830
39653501
39738380
39744480
39794729
39801438
39851951
39881334
40093269
40103614
