15509778
17934449
18849992
19030762
19197002
19329995
19394326
19478326
19549212
19670153
19813087
20085740
20195621
20197059
20887898
20926645
20927120
21042589
21113151
21125339
21273608
21297579
21345220
21472479
21577318
21693646
21727895
21829496
21909076
21927002
21978106
22002312
22028024
22138822
22190486
22198711
22322201
22333952
22355124
22355691
22406745
22442165
22473993
22530031
22605983
22617424
22692129
22723265
22778137
22787049
22805276
22815884
22855427
22923033
22923071
22926799
22937206
22945475
22945646
22969042
22986809
22999937
23081779
23092806
23098761
23142137
23153436
23349017
23352663
23354049
23372345
23376422
23377989
23415913
23423968
23438436
23439653
23446353
23475985
23522104
23553870
23553959
23596566
23619912
23627781
23664892
23756651
23784051
23793848
23809763
23824276
23826690
23830593
23895835
23915911
23918377
24045232
24063790
24133453
24138824
24139799
24165598
24172981
24209744
24246263
24282287
24292484
24332836
24336194
24340024
24355609
24379591
24386388
24435145
24452072
24469993
24476626
24532711
24672754
24677446
24680895
24711713
24751002
24789370
24817953
24821761
24859092
24859206
24920630
24997521
25025569
25082199
25092767
25135431
25143155
25192390
25193236
25193857
25216325
25344836
25368147
25451725
25483280
25493560
25592865
25611300
25631749
25635248
25653388
25665511
25725293
25728748
25770425
25773390
25804119
25832104
25835970
25849379
25881507
25883551
25892522
25893304
25915569
25937372
25968904
25973068
25990970
26003047
26046762
26062983
26077638
26086949
26097379
26113008
26122164
26123262
26137160
26196680
26271103
26279446
26280006
26333534
26366338
26397053
26416247
26484096
26500707
26503053
26505972
26517508
26582901
26599100
26631266
26633908
26642270
26674601
26697427
26717997
26758198
26788181
26799921
26831517
26859571
26865184
26916214
27049829
27070092
27091432
27140312
27158331
27181744
27207778
27328992
27339869
27348469
27352328
27409834
27435662
27446565
27488085
27511963
27524622
27559308
27573849
27593551
27664423
27773817
27831561
27835894
27868043
27881008
27939219
28033430
28059064
28070642
28077488
28078320
28149870
28176811
28185199
28202528
28219935
28228258
28276299
28285904
28298434
28345588
28355176
28358093
28383763
28404917
28404940
28455968
28467820
28491023
28499332
28511316
28553937
28581476
28620019
28634411
28648363
28649656
28659641
28720124
28725177
28739799
28793247
28847812
28868346
28880275
28881613
28886383
28939678
28958617
28970066
29037931
29079780
29149105
29155957
29262534
29281035
29316982
29416699
29467240
29471794
29477614
29556310
29599208
29601474
29627827
29648645
29664186
29695632
29713667
29718672
29760650
29777575
29844449
29867341
29869821
29902859
29928510
29928673
29930977
29949050
29956772
29976080
29983786
30036518
30046385
30063964
30089773
30181900
30208924
30233392
30234553
30293346
30297799
30300682
30357839
30465020
30501144
30534415
30566572
30577586
30635334
30662060
30662345
30686779
30713072
30723191
30725351
30770730
30792218
30854220
30873406
30991839
30996297
31000786
31002362
31057717
31100646
31114219
31142540
31235935
31244936
31245500
31280219
31288403
31331079
31358061
31392307
31417548
31422541
31475307
31488716
31522976
31598881
31698554
31705801
31715015
31717443
31754399
31772170
31814939
31827644
31843916
31849331
31867777
31901081
31905853
31919280
31933749
31959773
31966480
32031119
32038737
32052574
32107308
32157214
32163872
32169167
32213541
32243803
32293346
32314722
32321913
32327656
32375050
32382005
32397255
32403193
32464345
32468660
32522170
32538139
32560222
32632140
32671503
32705632
32705647
32721896
32728120
32829068
32894084
32980121
33001511
33040081
33066957
33099920
33248914
33249719
33262293
33357435
33360299
33390928
33464729
33503423
33541282
33676447
33684507
33713277
33721437
33767593
33767594
33862415
33884882
33906911
33933312
33957193
33997693
33999013
34081250
34108617
34160189
34160355
34194567
34217895
34260310
34493772
34494239
34519588
34582650
34628260
34657081
34658793
34675775
34700029
34795657
34826093
34857912
34959725
35008827
35081371
35116749
35123536
35218981
35231293
35267511
35287087
35381199
35469014
35469170
35534815
35620071
35625600
35650234
35668241
35668632
35729700
35778589
35790295
35810180
35814013
35865132
35917813
35963362
35966594
36016373
36030657
36068345
36070687
36103842
36133922
36168631
36239721
36288272
36317454
36318235
36372898
36436157
36510256
36528592
36610219
36803580
36813038
36833408
36853294
36870456
36921315
37159340
37256083
37326937
37402772
37416782
37453564
37512045
37578396
37683603
37691626
37692553
37803374
37845346
37857166
37905348
37998393
38106083
38134843
38155292
38201250
38262709
38339354
38414530
38455625
38491161
38637494
38645040
38771465
38848677
38903529
38984667
38995923
39014167
39040684
39065640
39164270
39169164
39191487
39198902
39273035
39322863
39406640
39444950
39456736
39499850
39503201
39675772
39684417
39688759
39707072
39747719
39762134
39788729
39793582
39821694
39892531
39956588
40013494
40055578
40091489
