9537235
9605748
9708796
9837816
9887330
10079245
10201537
10208439
10353780
10362809
10381580
10389980
10398133
10400995
10408777
10430928
10441497
10517250
10623683
10636746
10642527
10644993
10676634
10727082
10852375
10896921
11004696
11064676
11103790
11212897
11297520
11389158
11430832
11445556
11509733
11668633
11733352
11741830
11832000
11853558
11956081
12045203
12060709
12094239
12097271
12112668
12114407
12183403
12226664
12234250
12372054
12489981
12540903
12552571
12595760
12649203
12719437
12805220
12829253
12861065
12865922
12879020
12912948
12973359
14511394
14511408
14517248
14575531
14614828
14623934
14657655
14668798
14687797
14726968
14976552
14985505
15016379
15021901
15068958
15077168
15183188
15186763
15200509
15231735
15261145
15292028
15331174
15343512
15485651
15507450
15561763
15607222
15608654
15622488
15623475
15644453
15714005
15731909
15733851
15756273
15774015
15780593
15800014
15808068
15831494
15889149
15963768
15987703
16014350
16110486
16273080
16278246
16278673
16306228
16308421
16311241
16332922
16352671
16357136
16396636
16397245
16407220
16407375
16407400
16407837
16428351
16492140
16530014
16580634
16597397
16648371
16756488
16785781
16817901
16822578
16912160
16926377
16952573
16953221
16966378
16985256
17010524
17083919
17085580
17098823
17108107
17114342
17212587
17213310
17216128
17234589
17237771
17244606
17319781
17384680
17418010
17465200
17470638
17482540
17482548
17482549
17507418
17521700
17573348
17575127
17599048
17676035
17711506
17761947
17766436
17786544
17873408
17875968
17878409
17884763
17921699
17925454
17928927
17950019
17959818
17986859
18067639
18172296
18199157
18199555
18202101
18227155
18245474
18245476
18250273
18256292
18311138
18314332
18321849
18381428
18387000
18403917
18408008
18413794
18483235
18539926
18594528
18600394
18669938
18687677
18728656
18761009
18769237
18774945
18789895
18794113
18838550
18838551
18840652
18854309
18854318
18939946
19029933
19052547
19068194
19110428
19159696
19165201
19165340
19176640
19177591
19187764
19204826
19221484
19229701
19245654
19250387
19254698
19258070
19274086
19287990
19289642
19340305
19369417
19386258
19386264
19403525
19414597
19434632
19443685
19447226
19483724
19513107
19520843
19541609
19584313
19620254
19622832
19629071
19671058
19681070
19724060
19808021
19808022
19828446
19830737
19846949
19858366
19892943
19937189
19940131
19959768
20010869
20029389
20082862
20090912
20110331
20142099
20142330
20193846
20203304
20207041
20227367
20354156
20354225
20360428
20368693
20400510
20418665
20428811
20439172
20441792
20452353
20489196
20541695
20541700
20559149
20560786
20577053
20592207
20616618
20668229
20815019
20818976
20826460
20864035
20925120
20939895
20956321
20972424
20974850
21073663
21102257
21102522
21118154
21123367
21124450
21124451
21124456
21135058
21139635
21145495
21145922
21150337
21185289
21191146
21191700
21192934
21195344
21217931
21220320
21241696
21258412
21266325
21272562
21276723
21281604
21283818
21312243
21318826
21320266
21341271
21368212
21378336
21380642
21383064
21396365
21407213
21411391
21416623
21428801
21450399
21487392
21516316
21519908
21532627
21572254
21572398
21606593
21656073
21689749
21706049
21721170
21767558
21805166
21813469
21816872
21835890
21859551
21860411
21872575
21874563
21876548
21926085
21928424
22020250
22088465
22124463
22145035
22172813
22226967
22248825
22265968
22308451
22348111
22353783
22384927
22412893
22457270
22460425
22465622
22487816
22493453
22575644
22576699
22611470
22698401
22791749
22801477
22814264
22815934
22844503
22848740
22889215
22892070
22928647
22960274
22983157
22986809
23027127
23029387
23044421
23074285
23080146
23086944
23110126
23122079
23178462
23187960
23266956
23267054
23280187
23287572
23322200
23349504
23352126
23367447
23393134
23410967
23415580
23451056
23465594
23475884
23506615
23527983
23533675
23572524
23577667
23584481
23587167
23592276
23612973
23637231
23648482
23653212
23664447
23668926
23679304
23695170
23695215
23709692
23709749
23715154
23722652
23791179
23810581
23825589
23861764
23916920
23922935
23928772
23982155
23991948
23995788
24022664
24025358
24028940
24054548
24062587
24074562
24086281
24093678
24146957
24165941
24170201
24171924
24218567
24280377
24295069
24316833
24322983
24345663
24362629
24367100
24382180
24387336
24419424
24448687
24469340
24531128
24550282
24551069
24560906
24594058
24603314
24615515
24643070
24645967
24647869
24659339
24676538
24722377
24726356
24785407
24792998
24793789
24794706
24821673
24828662
24841566
24859970
24877601
24879590
24913037
24953650
24998845
25005758
25011082
25042259
25042806
25061501
25069613
25070369
25086610
25088745
25115923
25122068
25123628
25155037
25168399
25178656
25179843
25180605
25190708
25195104
25224251
25240456
25244018
25250787
25250856
25251157
25255972
25256100
25263448
25268649
25329316
25349256
25349262
25362209
25366347
25375092
25399650
25404152
25420630
25436981
25465874
25488815
25490091
25510663
25574931
25588837
25650664
25674212
25679014
25728766
25737164
25737507
25769882
25773299
25798842
25809261
25830091
25846811
25850957
25874445
25874865
25894929
25916856
25936644
25963634
25967095
25977220
25996931
26015068
26027660
26030811
26054542
26056085
26068970
26070564
26077869
26100787
26119936
26122729
26139601
26160843
26167077
26196184
26212320
26219467
26274331
26303471
26306467
26323294
26324895
26329580
26359358
26363011
26378152
26398719
26400185
26407666
26413869
26440826
26445171
26458553
26459766
26470595
26479318
26486087
26498531
26506235
26513578
26517522
26536464
26549522
26549569
26574479
26616116
26673006
26689699
26701726
26718214
26722122
26745759
26820143
26833127
26856538
26864623
26877140
26877155
26887594
26917230
26924458
26936013
26976973
26998282
27015742
27035914
27041493
27109915
27129277
27131604
27140397
27141100
27143989
27149559
27150059
27160967
27166184
27166596
27235551
27259994
27264935
27266881
27318173
27349837
27429220
27458252
27461402
27480082
27494711
27527806
27546620
27665370
27705915
27721366
27731500
27748285
27793977
27799657
27821489
27824128
27908725
27910069
28033353
28034771
28067405
28071670
28087810
28099846
28102310
28119362
28289208
28289710
28299850
28351375
28376202
28382150
28387316
28435024
28454310
28473727
28500773
28522753
28538732
28561066
28581518
28591951
28598439
28620021
28621313
28632727
28649994
28652249
28656285
28696138
28700115
28720067
28743498
28754670
28766983
28767695
28779098
28781649
28801289
28813465
28837153
28847007
28882949
28903364
28920233
28931725
28935910
28938614
28952601
28967900
28974424
28976799
28988648
29022902
29032027
29035613
29084199
29109251
29151940
29152604
29191602
29202476
29249655
29257268
29269522
29281211
29290796
29352002
29370903
29371951
29388569
29447078
29449563
29466728
29475611
29480489
29483507
29486166
29507591
29513571
29526696
29540834
29545751
29558683
29563804
29566977
29601127
29628399
29636366
29637416
29674003
29740932
29763913
29773717
29782351
29896416
29907081
29909489
29914450
29921218
29925518
29956793
29967064
29973599
29982165
29986907
29991651
30015925
30049881
30054562
30068711
30078213
30081580
30148152
30149143
30171989
30184488
30185829
30198433
30208308
30222967
30223924
30250874
30256781
30271594
30279167
30289978
30297358
30318987
30333724
30362049
30405784
30423141
30443855
30470729
30483811
30514331
30537168
30546010
30549029
30553476
30565708
30566242
30594553
30597237
30617039
30617199
30626603
30641646
30675291
30692209
30710424
30710502
30825612
30830877
30873920
30911060
30913862
30935996
30936192
30940876
30988232
30995715
31024168
31040157
31040689
31040884
31043737
31071273
31091421
31113861
31154393
31167140
31181335
31195981
31217475
31227625
31227631
31228819
31250978
31263038
31285420
31302203
31322182
31328154
31333780
31350327
31350328
31352760
31355336
31379959
31383697
31389598
31399539
31409796
31433577
31463669
31494170
31497348
31513784
31519759
31519760
31536587
31554794
31563695
31571659
31608624
31634668
31664223
31672271
31674780
31695192
31719630
31744879
31751687
31759100
31781355
31798532
31821701
31890042
31929843
31930700
31930988
31939452
31949640
32024803
32093851
32096633
32111652
32140659
32144918
32175563
32216949
32219437
32273511
32305408
32319380
32345599
32378514
32386534
32393087
32442617
32467099
32478334
32499837
32550498
32634329
32647375
32653521
32668413
32681256
32685032
32733803
32749111
32765812
32799895
32819560
32827803
32841502
32871843
32881920
32883948
32945133
32970728
32975449
33037652
33040052
33068936
33121684
33202760
33219302
33221174
33236987
33257663
33257855
33278637
33291665
33293343
33299528
33323404
33335306
33358943
33385449
33388415
33404280
33411880
33439550
33442295
33514834
33531919
33535040
33572782
33579786
33602787
33618911
33636336
33640604
33652656
33661342
33731695
33853830
33867731
33887464
33924999
33932497
33968022
33995590
34003330
34016959
34045189
34049942
34063609
34124017
34132376
34139305
34142094
34142658
34193159
34199606
34216621
34240660
34281337
34296300
34341529
34341533
34350982
34360667
34370601
34379189
34426000
34490726
34500370
34516304
34607979
34629883
34647868
34654720
34707704
34721078
34797317
34828353
34831355
34856161
34919285
34921639
34968488
34973477
34975507
35007932
35011738
35017636
35018806
35018944
35046402
35050781
35063808
35072921
35106915
35117986
35165542
35178989
35194062
35210547
35214061
35228570
35230976
35234270
35260598
35311465
35357082
35364737
35487917
35490365
35492873
35503781
35504291
35513074
35573694
35579349
35592411
35602095
35646638
35661286
35703318
35717902
35720127
35727352
35733070
35768187
35768580
35835853
35838183
35858546
35906480
35907495
35912012
35986288
35992082
36037415
36068398
36075181
36077459
36139343
36139470
36139815
36150391
36164880
36171294
36191679
36215727
36216662
36227279
36239337
36261001
36276641
36334887
36347302
36356327
36380131
36419737
36459496
36499390
36512628
36514784
36515008
36573646
36627571
36655371
36661676
36702816
36715544
36738503
36747658
36759597
36781473
36785923
36812767
36843289
36871040
36880501
36899949
36930164
36958689
36979667
36994173
37005537
37018939
37023992
37034663
37035141
37040029
37047258
37080995
37086359
37089040
37092555
37096380
37131623
37140993
37172591
37174479
37174663
37183711
37221017
37246608
37264076
37282903
37302555
37322347
37323038
37327788
37348993
37357018
37392860
37398244
37427454
37449799
37470222
37481222
37495171
37502892
37502974
37536624
37549726
37573301
37628713
37632629
37653482
37669951
37675220
37722454
37726090
37738621
37748097
37816458
37821951
37873106
37873736
37879773
37904985
37959727
37966164
37985436
38016572
38065324
38078543
38105470
38109529
38136437
38163906
38177135
38201888
38205151
38222900
38245531
38267744
38291516
38310550
38334182
38389501
38396629
38402609
38413626
38424223
38428265
38438062
38452099
38453124
38461159
38464825
38480816
38492819
38542753
38553961
38631864
38641698
38644407
38660671
38670109
38670461
38743625
38755457
38759628
38772366
38783387
38791897
38798508
38844063
38844908
38877143
38911046
38948776
38960825
38963051
38997257
39044182
39048991
39063214
39113875
39114963
39115053
39139039
39146185
39164473
39169716
39194241
39207369
39211152
39228019
39236291
39240424
39243573
39327097
39350330
39369651
39390477
39438470
39450555
39456928
39544365
39579609
39582088
39592585
39594681
39604128
39607028
39631610
39643940
39680356
39694700
39722358
39735555
39743629
39743630
39755206
39762078
39792359
39799420
39844245
39855735
39870744
39929611
39955067
39988681
40002734
40010956
40011439
40012450
40023979
40043609
40057395
40057483
40057604
40073879
40097066
40102671
