11031110
11384978
12004004
15082773
15166012
15172977
15882972
19071120
19138899
19367585
20383322
21057533
21420681
22896685
23150673
23521319
25520923
26428308
26586120
26621834
27499094
27626682
28408316
28522810
30719154
30755693
30877185
31054778
31102921
31164891
31312207
31442444
31493933
32011516
33159041
33324588
33391418
33653800
33994859
34093808
34386813
34577535
34603481
34629898
34689147
34889813
35069585
35150083
35274224
35345553
35389768
35777027
35841413
35884443
35905642
36348503
36379463
36606427
36648513
36823311
36916542
37057124
37492741
37511044
37560001
37742945
37778229
37811213
38136305
38696842
39032644
39276256
39327909
39532036
39549024
39660409
39686583
40011914
