7534747
7647564
9782078
10331956
11257257
11259429
12069755
12151109
12212791
12402342
12793904
14739301
15053742
15161872
15182176
15288502
15456862
15652189
15753096
16040006
16362633
16382151
16650524
16690029
17141748
17376415
17505534
17620659
17711877
17908054
17920016
18281370
18285446
18321860
18351442
18381291
18559293
18648652
18653767
18834984
18990694
19005208
19036715
19054518
19066283
19115269
19285094
19371428
19383717
19401592
19539695
19549899
19605848
19664312
19667105
19684401
19699300
19718435
19742316
19856143
19864425
19947650
20197276
20205790
20220145
20223761
20472562
20477378
20568118
20610799
20630619
20637261
20685197
20686698
20826454
20920479
20951395
21159977
21167913
21264353
21290408
21325077
21408136
21434892
21454706
21671167
21676865
21711236
21717775
21907175
21940431
21968187
22040807
22081071
22174911
22234309
22234691
22454511
22467855
22534531
22537779
22777006
22819221
22822085
22889684
22967844
23142051
23152628
23167255
23186781
23212659
23225066
23241409
23386614
23387825
23425335
23536074
23573918
23593972
23615909
23633492
23640058
23649273
23701968
23760271
23798683
23866919
23867460
23868935
23922991
23963646
24086544
24129569
24139096
24251389
24305823
24423473
24440681
24469637
24474687
24491019
24529141
24639232
24737893
24796846
24877241
24947444
25131918
25218173
25238221
25300797
25377550
25451130
25500815
25694133
25728415
25782371
25786328
25855193
25918169
25937287
25968337
26013822
26061292
26142438
26164207
26170918
26236233
26272917
26464978
26506094
26555266
26617523
26619118
26634655
26688581
26792864
26797092
26809004
26820600
27035608
27084377
27181517
27262837
27317662
27322451
27400748
27402839
27503326
27565578
27569546
27644406
27682851
27794518
27829865
27931217
27956551
28256585
28275161
28306378
28378397
28381441
28393867
28431990
28473440
28495363
28496400
28516428
28552561
28557183
28596374
28612181
28724630
28799085
28814781
28892789
28924541
28948494
29079999
29090274
29138479
29144234
29146996
29201005
29251594
29262309
29348672
29507659
29507818
29521331
29644529
29679668
29750835
29794082
29853565
30033103
30041013
30061663
30089260
30208326
30340601
30354243
30354248
30458112
30475060
30518764
30523204
30524198
30571407
30649678
30659107
30696029
30703614
30741718
30741722
30746765
30785094
30867485
30902789
30904033
30910704
30923833
30986106
30986107
30986111
31004319
31023188
31026546
31077676
31094488
31163031
31273033
31409872
31483536
31519919
31538302
31552482
31602645
31625533
31639491
31700093
31753053
31770536
31801252
31841706
31936892
31964526
32088330
32181934
32194867
32213464
32282500
32296178
32311663
32325398
32409669
32445197
32546759
32572761
32645395
32649958
32768883
32771300
32786820
32788217
32964988
33065129
33094665
33108559
33193398
33194803
33246059
33249636
33282858
33290178
33352084
33356995
33424736
33482822
33486427
33500241
33519378
33533918
33566965
33637845
33679332
33930462
33956804
34058195
34094838
34119144
34147102
34168225
34203120
34243608
34360951
34387022
34423140
34433325
34441867
34488598
34489478
34559985
34588893
34698771
34758632
34810220
34911615
34968779
35050224
35090893
35127380
35202607
35385821
35461874
35530135
35588160
35596664
35628341
35668313
35680846
35810466
35870714
35930096
35939689
36015156
36035210
36056345
36064583
36067312
36067928
36145687
36162527
36179802
36235232
36237444
36266319
36291096
36307211
36329501
36356021
36372121
36394710
36435812
36472907
36516199
36562137
36572796
36612285
36682522
36703790
36705056
36842607
36880731
36969105
36973740
37020553
37036005
37060729
37072184
37107705
37116069
37179044
37186298
37198664
37305557
37310025
37368488
37383546
37408279
37450601
37451152
37461530
37517577
37664649
37692085
37724952
37741491
37830504
37842093
37896282
37921063
37930799
38041876
38067191
38123547
38218505
38279679
38315060
38372375
38413274
38438896
38450612
38462037
38488124
38519970
38567757
38594263
38636794
38678020
38824049
38906140
38950861
38996211
38996914
39063239
39094438
39216548
39289695
39304225
39355906
39404750
39405183
39405202
39486173
39508104
39574651
39618311
39657676
39674403
39752787
39865089
39895867
39994728
40016145
40054577
40083817
