22926078
24362817
25008767
25335493
25480913
25795793
26848914
27472264
27856782
28295212
28696935
28944487
29469822
29517885
29959388
30368668
30442762
30442766
30481304
30664951
30859559
30872527
31044557
31182298
31337872
31533111
31825158
31883238
31892430
32004086
32175818
32339168
32575496
33269527
33407364
33792302
34113392
34184824
34222248
34401172
34913528
35114566
35178712
35391499
35467524
35656879
35840934
36304179
36304963
36445254
37509153
37565172
37626065
37890861
37936555
38135892
38333672
38434521
38453365
38689733
38982897
38983105
38994114
39003740
39062695
39140257
39194017
39258154
39352760
39577308
39937237
40114953
