10828601
16887817
19304888
20960644
22049531
22180573
22197931
22327936
22491947
24241536
24982505
25202140
25351745
25423878
25729732
25899310
26426381
26609480
26980021
27231182
27241017
27597420
27862862
28084334
28190454
28533310
28597077
28664935
28819429
28881731
28918710
29643386
29649018
29694792
29768143
29768711
30138550
30217449
30361829
30575899
30667555
30964176
31123032
31288852
31289502
31486960
31568837
31827134
31972311
32157142
32271937
32335888
32361034
32387835
32483240
32547213
32654047
32703450
32757330
32767305
32791068
32847629
32866538
32944792
32954430
32991018
33035332
33040161
33089615
33090396
33188581
33264134
33289976
33336714
33436306
33842373
34046359
34089293
34522120
34565623
34595543
35069558
35186740
35238734
35569068
35680604
35972708
36004822
36054331
36184098
36186629
36203485
36313893
36419886
36442478
36455195
36901951
37029817
37056342
37079639
37094858
37151278
37357851
37422456
37448673
37499251
37565534
37705935
37737377
37773074
37878806
37904875
38149342
38431286
38611471
38617091
39003680
39086472
39111728
39122669
39166407
39189671
39314226
39316676
39319867
39392019
39475028
39588764
39806853
39869838
39956937
40107205
