15607429
17997823
19028704
20128690
20417875
21129722
21162133
21559298
21862560
21969564
22171599
23201579
23225170
24135036
24253898
24386504
24759887
25224220
25529635
25613373
25899310
26019450
26109068
26299328
26496772
26542706
26759750
26774476
27308457
27942499
28029147
28178648
28504475
28802228
28858533
29344125
29765551
29787744
29795445
30122954
30608580
30889489
31318172
31552290
31585644
31620934
31686841
31938108
32008010
32338288
32450073
32558350
32566001
32753933
32986312
33057597
33060765
33338478
33481368
33748907
33763111
33977253
34078823
34112222
34195198
34404765
34576208
35011600
35069877
35230926
35290982
35309143
35476515
35524422
35533015
35567901
35755173
35798792
36088066
36102299
36510163
36560873
36980976
37008689
37014133
37131749
37166744
37314251
37782397
37928434
38231123
38501211
38617270
38677924
38848290
38897570
39062623
39273029
39317195
39384216
39416008
39531335
39892647
40049838
40093160
40096024
