12388314
14974085
15039143
15343382
16000550
16532023
17914071
18171696
18322274
18539490
18848526
19861416
20074457
20463356
20650883
21088106
21542048
21896986
22318985
22914360
23051912
23125486
23271465
23426330
23482492
23534780
23537502
23544094
23552830
23701125
23820584
23888996
23970301
24139413
24361917
24974389
25500918
25831013
25870075
25907942
26117268
26346167
26510428
26548627
26614994
26760678
26872611
26884868
26915336
26969445
27760319
28393232
28438610
28444966
28492138
28494468
28494959
28512266
28513279
28627458
28860596
28886403
28905214
28915648
28992617
29118671
29125598
29137432
29227532
29335299
29397067
29415992
29434190
29435821
29550487
29617681
29749377
29781537
29785127
30246921
30257357
30272312
30556928
30569130
30787203
31075732
31115515
31164797
31201066
31203719
31352702
31452793
31485607
31524148
31564913
31625711
31681773
31705929
31790145
31819520
31858527
31880039
31939714
32057949
32110054
32231737
32248545
32256297
32266816
32271400
32293550
32385217
32405640
32494004
32495860
32606947
32721402
32820394
32844995
32864005
32951272
32964983
33093897
33213267
33239918
33380840
33481227
33506649
33537828
33757882
33760166
33775270
33784489
33791299
33821977
33911864
33964353
33987352
34017394
34045897
34100916
34151707
34257520
34323000
34370280
34445365
34482419
34515297
34515320
34668273
34675540
34711123
34783627
34804162
34828284
34957112
34989071
35023214
35026514
35171714
35280749
35431959
35443670
35451913
35608100
35617485
35635083
35741775
35812182
35878809
35937000
35982617
36103025
36260266
36268034
36304901
36352482
36462499
36510038
36510576
36524361
36544668
36572073
36634655
36852440
36857620
36961080
37034520
37047730
37095767
37131239
37260124
37405607
37670347
37717613
37817112
37833954
37891694
37999558
38062349
38169625
38202222
38211649
38228844
38430029
38570065
38695244
38761497
38821518
38835052
38943117
38946425
38979565
39084422
39085109
39201747
39206825
39484291
39864344
40047200
40070855
