15203221
17914071
17928626
17999625
18322274
18433299
19443782
20074457
20075392
20186879
20808308
21084714
21778143
22053093
23124701
23644153
23701125
23860205
24497732
24907341
24956082
25359475
25442017
25670873
25803847
25904014
26655567
28196412
28218391
28438610
28814571
29229010
29332294
29741915
31378887
32008084
32148554
32206064
32495860
32737620
33275208
33662979
33673798
34681809
34711123
35276240
35358599
35391627
35763120
36398204
36637694
36716329
36869767
37090055
37223879
37386516
37891694
37933407
38611471
38801274
38803943
38885209
38961033
38982418
39145499
39730922
