1594250
5209558
6058628
7482294
7732200
7797563
8103949
8174135
8290278
8634902
9017851
9186531
9211884
9503043
9683310
9683388
9764821
9844600
10145333
10382539
10541446
10607319
10698700
10718824
10997836
11177206
11226081
11607384
11718454
11845024
11949721
12062040
12080407
12122348
12484233
12584560
12639684
12684572
12740051
12812444
13002853
13307135
13930370
14044284
14068453
14106346
14118774
14123284
14124367
14128230
14132757
14136232
14138103
14140214
14151266
14232319
14234594
14242215
14300363
14305672
14330525
14332773
14337884
14342678
14351788
14634869
14657798
14812068
14883999
15104314
15223987
15269230
15541391
15557412
15671923
15731735
15800922
15850423
15850882
15917850
16032784
16077221
16115341
16161782
16172243
16182103
16208143
16251627
16391586
16480536
16512941
16546078
16609196
16643133
16653482
16699216
16844894
16895889
16908182
16923246
16924131
17061440
17061441
17065323
17080494
17119469
17248573
17248598
17249060
17536191
17556705
17740048
17781945
17788510
17844218
18194645
18212801
18288422
18402728
18456313
18491142
18493233
19085044
19183346
19535864
19571156
19573157
19660946
19813628
20104528
20197614
20298148
20473553
20516443
20664619
20665424
20706135
20818721
21106918
21257265
21270515
21295997
21348238
21450663
21471728
21559045
21646616
21685915
21775560
21955649
22002354
22039086
22086303
22119739
22158670
22302121
22400287
22452945
22480567
22512211
22706201
22745022
22898948
22964619
23106332
23240391
23284983
23512325
23515539
23545598
23545757
23592794
23602785
23643507
23678059
23725914
23743562
23765310
23769442
23795226
23840692
24003245
24174989
24215848
24349289
24362264
24383424
24430460
24596200
24692047
24731854
24753961
24829235
24857747
24900502
24936896
24953309
24967150
24994839
25027069
25177732
25177978
25220949
25227924
25305151
25419878
25430851
25451222
25566591
25742472
25815594
26019686
26070438
26081240
26239513
26249724
26290007
26348449
26374140
26395728
26469427
26482566
26563899
26670126
26672304
26709260
26740023
26812508
26847348
26864363
26931886
26950824
26972608
27013008
27025988
27045339
27055851
27058941
27068628
27120114
27159119
27210727
27267300
27345126
27464883
27602484
27612578
27645609
27723309
27726350
27727240
27834064
27838885
27877635
27903915
27936923
27995869
28003953
28009577
28033414
28094151
28130400
28166841
28185036
28190461
28220481
28257201
28270683
28283824
28384794
28405178
28421981
28425774
28580976
28633496
28643193
28719624
28743503
28772723
28792380
28852165
29028930
29066192
29066293
29071772
29099418
29108267
29132936
29140091
29155953
29210142
29242880
29260297
29264463
29268717
29282558
29291537
29387290
29408445
29422618
29488939
29518271
29527616
29534198
29535143
29557432
29611285
29649036
29749734
29752126
29876997
29893717
29908520
29960232
29968736
29980322
30009245
30016074
30030921
30104385
30143734
30179168
30195680
30222246
30247524
30268921
30352637
30355769
30403691
30405611
30548162
30656012
30664131
30678115
30685805
30713134
30729635
30741632
30763118
30821963
30840384
30931826
30952336
30952347
30982937
30990861
31042023
31055909
31074454
31152622
31164347
31178857
31187826
31260268
31286606
31347630
31451572
31451575
31462552
31493106
31552488
31560049
31637912
31751674
31767565
31804797
31817056
31817961
31830199
31867896
31886346
31910223
31919096
31927670
32007868
32078067
32100104
32102172
32153265
32153266
32225100
32242189
32301951
32348901
32470392
32470844
32488584
32508744
32514045
32521546
32587329
32651773
32657303
32688054
32744259
32812530
32876583
32876619
32942268
32945628
32973681
32976994
33095562
33139218
33207542
33248725
33338088
33367756
33375752
33410371
33417807
33448727
33493868
33494592
33502839
33503093
33526707
33544981
33547329
33566019
33571862
33572230
33617242
33650547
33650571
33650575
33718080
33718286
33743894
33756241
33762345
33788176
33815275
33848136
33872637
33889877
33914170
33925828
33937819
33949980
33949981
34060318
34135865
34157284
34169220
34209721
34222826
34232571
34292406
34412773
34422222
34443096
34467941
34475309
34493659
34494820
34507269
34586894
34590519
34667969
34678712
34689662
34689785
34738949
34762437
34832467
34910869
34935376
34940774
34959197
35020374
35075138
35103748
35129324
35146559
35177569
35223488
35254321
35317901
35346651
35348689
35430329
35440696
35445059
35460029
35475608
35476451
35479708
35489024
35511021
35515751
35518577
35519691
35537554
35551420
35596981
35596982
35623773
35628267
35645312
35657473
35717094
35727442
35775787
35802910
35843876
35860995
35906377
35982080
35994085
36069590
36088020
36100512
36131735
36138199
36156351
36162270
36174765
36180527
36220270
36228783
36234250
36241288
36245640
36265012
36352191
36363168
36376344
36398608
36425725
36427433
36495738
36502683
36558045
36560903
36581565
36611377
36621903
36625782
36640461
36643448
36661367
36723101
36727817
36731140
36769901
36798610
36802305
36855400
36874405
36890610
36891861
36914139
36931054
36966629
36991980
37003247
37047233
37067260
37086114
37104368
37125652
37129450
37157854
37159290
37233517
37241237
37242272
37299644
37304246
37336601
37347224
37368981
37400551
37483256
37500596
37502639
37506914
37527610
37555219
37572213
37576316
37630320
37639928
37644321
37720781
37748108
37749153
37762183
37778836
37840417
37875430
37894919
37908276
37930148
38041120
38126941
38135692
38141607
38174058
38227269
38239441
38247399
38262158
38264995
38301827
38316324
38355771
38365188
38402439
38408816
38433229
38470749
38504139
38507728
38538871
38545930
38572172
38576340
38576405
38605283
38629952
38634523
38709846
38754656
38793207
38809081
38866342
38899892
38933909
38937132
38944846
38949654
38989847
39021388
39028940
39044960
39051591
39072410
39072903
39075950
39080294
39081669
39083913
39110676
39142094
39172090
39177076
39193282
39229656
39246132
39279998
39307370
39308277
39366270
39386474
39393151
39422884
39444530
39468031
39468168
39474991
39481970
39512149
39523473
39560400
39608946
39611822
39617556
39619391
39757934
39805837
39847652
39885800
39893903
39909220
39923449
39924796
39934161
39934510
39950232
40007251
40025215
40034305
40045680
40077826
