10441743
10499592
10545939
10637515
10930409
11056019
11058112
11104560
11267993
12130785
12417741
12430186
12456671
12926109
12935920
12954776
14562041
15184874
15899845
16831587
17049487
17143486
17285135
17360956
18162445
18495292
18519584
19000668
19127118
19182514
19395862
19502488
20068036
20676650
21377502
21820404
22740654
22848106
23027038
23195996
23994068
24004570
24205214
24388747
24434851
25183517
25277759
25358258
25536520
25743892
26503472
27086921
27115207
27493500
27777312
28461979
28542810
29018507
29473320
29545913
29760383
30032956
30049810
30287469
30526825
30714079
31147739
31187846
31227496
31322271
31476572
31736964
31891275
32239153
32421892
33871441
34107280
34592200
35381620
35460607
35747940
35863105
36323843
36795441
37402954
37957685
37984997
38060262
39471261
