1720531
1894848
7682708
7835896
8790944
9070651
9655929
9771965
9850095
9880563
10978339
11389033
11830549
11841410
11960321
12149273
12455694
15077116
15241487
15262975
15286683
15915339
16761109
16997270
17010674
17110460
17561513
18032706
18452656
18493607
19012245
19077158
19344413
19556859
19737931
19968497
20023629
20051518
20357805
20484815
20495567
20829524
21292770
21368833
21368834
21406400
21475247
21628457
21887682
21937457
22008046
22194343
22257632
22313359
22378300
22456335
22496479
22516262
22548841
22742055
22934750
22936798
22994781
23182854
23225436
23257783
23269665
23428776
23478333
23547112
23640248
23824576
23872733
24086526
24113155
24140717
24142999
24165322
24234443
24236538
24363325
24369359
24553583
24556687
24564888
24852432
24975213
25012986
25119382
25139387
25289887
25314294
25386925
25505074
25516789
25650089
25685062
25692226
25733019
25749045
25837021
25882699
25909780
25922916
25987560
26096930
26258756
26297434
26297542
26467384
26504803
26636651
26864447
26910119
26918455
26943318
26995740
27264345
27293397
27307592
27356624
27367564
27409838
27465916
27480872
27523575
27697867
27757735
27760111
27871464
27906183
27907212
27913212
27932492
27939888
27956387
28053206
28179993
28295185
28415602
28465444
28472749
28611106
28751770
28945224
28978427
29072681
29118074
29152113
29205703
29335437
29339419
29348852
29408314
29484127
29484526
29696703
29719405
29748555
29855479
29913235
29990856
30008477
30013448
30021909
30119255
30131584
30185627
30213730
30214012
30254092
30254093
30296359
30302867
30309889
30479840
30498064
30510014
30518744
30543142
30647404
30718431
30777879
30782086
30816329
30863152
30912136
30944116
30949409
31004002
31043700
31117518
31200834
31262746
31294695
31297886
31399555
31434979
31467488
31653349
31666684
31706839
31718075
31727888
31751869
31753743
31754782
31837377
31919392
31967512
32015503
32040552
32066201
32094511
32111816
32141178
32152266
32179094
32184020
32223928
32249419
32305283
32371863
32376253
32446890
32484436
32486166
32504673
32513939
32572959
32619164
32665700
32675387
32699213
32731448
32737157
32764384
32824203
32928910
32999756
33067607
33126914
33144577
33203722
33300066
33342330
33378038
33402171
33469534
33469676
33508399
33540760
33552251
33553610
33587348
33690800
33803266
33803505
33816494
33831396
33886686
33898171
33921161
33979572
33982773
33982799
34063233
34109173
34156978
34175129
34270823
34310025
34320168
34331013
34349350
34358524
34360855
34385422
34398253
34413875
34451846
34475520
34539989
34540003
34564697
34606682
34610112
34638252
34675675
34685495
34689155
34702806
34728569
34758305
34963561
35023102
35042842
35058488
35063767
35229202
35233562
35256597
35354755
35371054
35391656
35429048
35444548
35561756
35668118
35794816
35979721
36103824
36104628
36126466
36154801
36171331
36258201
36260529
36262872
36329234
36388033
36398728
36416587
36445338
36455198
36683178
36696417
36720359
36732564
36734950
36824780
36847580
36924905
37066354
37142223
37211156
37349598
37446326
37474714
37562509
37577538
37676378
37723317
37989415
38055341
38058715
38058829
38066391
38142463
38172496
38316350
38371625
38383524
38459020
38485916
38679209
38762181
38780456
38781960
38901385
38987275
39126925
39179926
39261678
39305307
39386614
39461095
39488085
39608719
39663392
39747141
39802137
39831242
39846250
39931465
40075071
