7472776
7477326
7477327
7506024
7519048
7520271
7529554
7539340
7547235
7551299
7551341
7553598
7576957
7587074
7589715
7590734
7591308
7618270
7624121
7651732
7651818
7654034
7663443
7698255
7700632
7731677
7734324
7738717
7742600
7753547
7756655
7761100
7791903
7791904
7803295
7815080
7849395
7872679
7888679
7891224
7916985
7923211
7936657
7946596
7949188
7958853
7994045
8044775
8048160
8058315
8058335
8058341
8064885
8064888
8064890
8064891
8092130
8117620
8146175
8168847
8198970
8199038
8221695
8238255
8247544
8261417
8280379
8288680
8289798
8306343
8313378
8314334
8324731
8334996
8350630
8378080
8387391
8413278
8416741
8440237
8449492
8479525
8504413
8548129
8570197
8612583
8612724
8625108
8630877
8660994
8666362
8683121
8686737
8692535
8695156
8697092
8697432
8704651
8705862
8721685
8751388
8756663
8781571
8827714
8875929
8883415
8895519
8895524
8895579
8911758
8912848
8919547
8932331
8943068
8943816
8946207
8950981
8972476
8976869
8980401
9025080
9029163
9034372
9049861
9061027
9067734
9071998
9072003
9087426
9118036
9120719
9131587
9136986
9137486
9144426
9153395
9153396
9155045
9155050
9159347
9172803
9176749
9178766
9178897
9182520
9186361
9205859
9216675
9227342
9241268
9252682
9260156
9260591
9270029
9271120
9275659
9278461
9285554
9292533
9294611
9311842
9322885
9357310
9363941
9380404
9382809
9388063
9388200
9400998
9412812
9419352
9438391
9450543
9458382
9472631
9485008
9486847
9486848
9513873
9516979
9521509
9528859
9528860
9529248
9529249
9540056
9546748
9548451
9553809
9559293
9564034
9569028
9606977
9615783
9619834
9624416
9626190
9627179
9632782
9635674
9640970
9645455
9649502
9651526
9653180
9664113
9671804
9673391
9680365
9681831
9703886
9713346
9723034
9724636
9742086
9769946
9770599
9771485
9778240
9793960
9794481
9804374
9809062
9810172
9815889
9819415
9824166
9829856
9840926
9842645
9846966
9856953
9858609
9861017
9875138
9878046
9891236
9891508
9892174
9926934
9950250
9989829
10023338
10023685
10027414
10050879
10065155
10072445
10074902
10074928
10075719
10078201
10085066
10085538
10086736
10095448
10099828
10101594
10188733
10189892
10202144
10202280
10203572
10207051
10208414
10208415
10211113
10211312
10218570
10224064
10226602
10232588
10318779
10321734
10323080
10329038
10329377
10329737
10347217
10348346
10359817
10360174
10374333
10374529
10389975
10389981
10398121
10404639
10412269
10419603
10432310
10435158
10435614
10469568
10473112
10483067
10488081
10490460
10491313
10493945
10512695
10523842
10533452
10537276
10541552
10544021
10559859
10561259
10561590
10565683
10574597
10574604
10597303
10598372
10606188
10608892
10611293
10611322
10614665
10618708
10626788
10626796
10628802
10629057
10629547
10631371
10631716
10632343
10637478
10645001
10645402
10648610
10651023
10656807
10657873
10667596
10673786
10674873
10681559
10688649
10688665
10698510
10702793
10707090
10712385
10713175
10718212
10719738
10721693
10722742
10723139
10726657
10727978
10734067
10737722
10751633
10754200
10755400
10763826
10764661
10765129
10767389
10775510
10781812
10788589
10801444
10803408
10810363
10810396
10812014
10815906
10822382
10824927
10827196
10830726
10835493
10845931
10851071
10856296
10861503
10861569
10872663
10874665
10889922
10891494
10892746
10894886
10902970
10906133
10909873
10914734
10918230
10918576
10922493
10931462
10934161
10942797
10949923
10951578
10963116
10963376
10965496
10980197
10980696
10980713
10982879
10995885
11003613
11004672
11007040
11008360
11012984
11013216
11016968
11033015
11037343
11038752
11053443
11057904
11059788
11060448
11062736
11070080
11072252
11085543
11087894
11087896
11091516
11091612
11094089
11100897
11107050
11125034
11127820
11140901
11148027
11148457
11152666
11158620
11159535
11168685
11172000
11173581
11178871
11178989
11179471
11179833
11184447
11189516
11212898
11213836
11223035
11223036
11226218
11237699
11240753
11240767
11245471
11245988
11250899
11260082
11267938
11284721
11295035
11297540
11298083
11306450
11306511
11306736
11307150
11311495
11313871
11319147
11323395
11328884
11331246
11331603
11331871
11332692
11335127
11340074
11343379
11345951
11350078
11351242
11351297
11353053
11359766
11360201
11376017
11384992
11397792
11400116
11423970
11445003
11456567
11484509
11485818
11488730
11494046
11494153
11497299
11498389
11504915
11505267
11507088
11518050
11526482
11528400
11532197
11555594
11559539
11572869
11577350
11590071
11593391
11597128
11599019
11606405
11606419
11640890
11675155
11692147
11705884
11707453
11710938
11713288
11714701
11715018
11717960
11724970
11729185
11739734
11742497
11752900
11753042
11764099
11779693
11790555
11798871
11801556
11805282
11812371
11820589
11823051
11836589
11839563
11850850
11852808
11854062
11857802
11857803
11859876
11861407
11867628
11877395
11894120
11896104
11916503
11923280
11925449
11927338
11927554
11939408
11940214
11940218
11948180
11948421
11948425
11953423
11953887
11956608
11956627
11960904
11964305
11965548
11971182
11971195
11983168
12015958
12016060
12017271
12027449
12032546
12032854
12064872
12065876
12068014
12080472
12085228
12110584
12114697
12138177
12138399
12145204
12149568
12150820
12160248
12167164
12167711
12168835
12175345
12181274
12202042
12208736
12212235
12217521
12228213
12231395
12241107
12297306
12381304
12383214
12383858
12393902
12393906
12401524
12414343
12416559
12421820
12424454
12426395
12460470
12481433
12488444
12493762
12507556
12509446
12518324
12529324
12536604
12552135
12556559
12563309
12563945
12565795
12570062
12582232
12582944
12586367
12592381
12600196
12606552
12612087
12613590
12620409
12622447
12628936
12629507
12636099
12646252
12654198
12661905
12687276
12698001
12698949
12700122
12702724
12710210
12711691
12713619
12730202
12745272
12754350
12759344
12782320
12810724
12821780
12824538
12832478
12832479
12860999
12874296
12877998
12887889
12893182
12897156
12907216
12908522
12915590
12917636
12926050
12927808
12940073
12944468
12963717
13130078
14507915
14522887
14555611
14555613
14555661
14558534
14559824
14575575
14580339
14586409
14587869
14612427
14612455
14614050
14625023
14633995
14654783
14654951
14671306
14673154
14679203
14682762
14694526
14695178
14695989
14702041
14704432
14707282
14707283
14707284
14707285
14707286
14707287
14720195
14720371
14723816
14729628
14730303
14731389
14734618
14741215
14751501
14751837
14756544
14757840
14757841
14757842
14757843
14761977
14769800
14977824
15001356
15001357
15004525
15013777
15024700
15024701
15029243
15033823
15034933
15053880
15064742
15078490
15090541
15094782
15107623
15122315
15132849
15144396
15150125
15154850
15165086
15169778
15172967
15176048
15192123
15195100
15199126
15205329
15218947
15221942
15242638
15242646
15246006
15254415
15254433
15269162
15280670
15281244
15293784
15293988
15308643
15310147
15313915
15314173
15315825
15337531
15358376
15361844
15364927
15371552
15375540
15381928
15448710
15452548
15459018
15464845
15467748
15485814
15485902
15492852
15505803
15520215
15527798
15546622
15548678
15550242
15557803
15563574
15577944
15592502
15600307
15610030
15622743
15625077
15625370
15629477
15632057
15634483
15640443
15641702
15644444
15656374
15656906
15678128
15684615
15693850
15703839
15713419
15714438
15720184
15720185
15720186
15720187
15720188
15720189
15720190
15725723
15734743
15735705
15753391
15771712
15781632
15782125
15790436
15807633
15810085
15831040
15832769
15844214
15853644
15865937
15866118
15875733
15876864
15878855
15880652
15897859
15908423
15917407
15917661
15927364
15943041
15946145
15946545
15953616
15956260
15985438
15994915
16006876
16007688
16014563
16022282
16023600
16027727
16028106
16028899
16055726
16059649
16082221
16093994
16107876
16122802
16141004
16142358
16152608
16159876
16160477
16161005
16166295
16167062
16170375
16170383
16174299
16202543
16203772
16209341
16212962
16227609
16230424
16239061
16243710
16246194
16258005
16258514
16270059
16287156
16288830
16297858
16308103
16335531
16337594
16338385
16338390
16339144
16343421
16354690
16394138
16402859
16413390
16419059
16434325
16434608
16436381
16439685
16443686
16455486
16466457
16470212
16474381
16474402
16478747
16489014
16491126
16492743
16492744
16496380
16510145
16533949
16543464
16543935
16563154
16571800
16616333
16636310
16675470
16677000
16678796
16678843
16696089
16696307
16697215
16707369
16707433
16720899
16729027
16737965
16738062
16757883
16757884
16759082
16789731
16803902
16815295
16817233
16818855
16825430
16825434
16845383
16849229
16857591
16861890
16866370
16870621
16876289
16877339
16880812
16896050
16905541
16914427
16914573
16917206
16919268
16919599
16925398
16934800
16938516
16980297
16980628
16982679
16983111
16985070
16986275
17000718
17002294
17003841
17006543
17013834
17018606
17018622
17034127
17056014
17060450
17064483
17073727
17080019
17080308
17086174
17094469
17096342
17105817
17107963
17110379
17116689
17120309
17120736
17121812
17123590
17126603
17138942
17139261
17142834
17149774
17157790
17159902
17170710
17170761
17171684
17172851
17201132
17214366
17214373
17226766
17237821
17242401
17290220
17297446
17297463
17297477
17301054
17302414
17303558
17306348
17310983
17318220
17329361
17329973
17332326
17339337
17343003
17349959
17354236
17360557
17363365
17363562
17363597
17369817
17371838
17377491
17386256
17387621
17395400
17406677
17420250
17426254
17426698
17427181
17429071
17440969
17473193
17487067
17487365
17488676
17499002
17500067
17508926
17525743
17526734
17536310
17538168
17545634
17546054
17553029
17568997
17576019
17585950
17592964
17616658
17616682
17620186
17625704
17627285
17634539
17637390
17638920
17671205
17671677
17671681
17671841
17680991
17721920
17786043
17827408
17828296
17828300
17846171
17848574
17875722
17879958
17893884
17895748
17896003
17897804
17902662
17909070
17913939
17914240
17932951
17936559
17936560
17938575
17942278
17957142
17957785
17971485
17973240
17984062
17989425
18002937
18023538
18026135
18026875
18038763
18045074
18051440
18076702
18080767
18086778
18086887
18096571
18196567
18199985
18204439
18214854
18217949
18219319
18231594
18234963
18235222
18246039
18256546
18262501
18264029
18270365
18273046
18281248
18297734
18298387
18309296
18313915
18314481
18316739
18332867
18332869
18333294
18340116
18348658
18355443
18355939
18359851
18381604
18382127
18384755
18390844
18398041
18414049
18423915
18426907
18426989
18428185
18433484
18433491
18435534
18438568
18445009
18451149
18451213
18462472
18467333
18467712
18467716
18469520
18471438
18480108
18483214
18483220
18485798
18487080
18498130
18499675
18500263
18508789
18519749
18519798
18520179
18521084
18521196
18521197
18535402
18541670
18547962
18548093
18548200
18558393
18559624
18566224
18566590
18567799
18568525
18575717
18577987
18582208
18607552
18612801
18618574
18632619
18633130
18638452
18644346
18646312
18665269
18673221
18691119
18706112
18707164
18725577
18754770
18765522
18768758
18781178
18783169
18784257
18799043
18799058
18800837
18802403
18804411
18814047
18826207
18828900
18834305
18835771
18836421
18839023
18852133
18923161
18940243
18951086
18953830
18959403
18976073
18981727
18989794
19004934
19010821
19015526
19015838
19020940
19029147
19032150
19033382
19033443
19062713
19062715
19074170
19082401
19090619
19098711
19103650
19106616
19124015
19128510
19132120
19144119
19144715
19147532
19158992
19160491
19166840
19166854
19176998
19188164
19188367
19193430
19204927
19217357
19219073
19221470
19226467
19233211
19233569
19238334
19244108
19244339
19246469
19249672
19249676
19255450
19264476
19273224
19276167
19286999
19302219
19303885
19305137
19308274
19318491
19318567
19318577
19321440
19323449
19346994
19360352
19363159
19363523
19369353
19372219
19375142
19380490
19383811
19411066
19421231
19423162
19428175
19432880
19441944
19448627
19450442
19451596
19454362
19455066
19457663
19470936
19477214
19488782
19491200
19492228
19498444
19507240
19509552
19513075
19521721
19523862
19524506
19526525
19538162
19541936
19542078
19548636
19560254
19560264
19565011
19568783
19573916
19579266
19580521
19584241
19590949
19596022
19619542
19630168
19631207
19638586
19638633
19639206
19640162
19642417
19648273
19649205
19656744
19657064
19671680
19679062
19683495
19707196
19707204
19709747
19710698
19713735
19732750
19738896
19751436
19751709
19752772
19754775
19756449
19759023
19764997
19772793
19779493
19779722
19784069
19788889
19808967
19811804
19816404
19824037
19833129
19837266
19840920
19842060
19855165
19874399
19897041
19897042
19903807
19903809
19910468
19916559
19928922
19938200
19941079
19941302
19945467
19946100
19950214
19954744
19955655
19958516
19958544
19965871
19996219
20008789
20019182
20019189
20020415
20021639
20025780
20028212
20052733
20056466
20080206
20081368
20089965
20092961
20100001
20110711
20128976
20141510
20145180
20153724
20156327
20156675
20157557
20160485
20172729
20173098
20182601
20190571
20196171
20200430
20219101
20226197
20232446
20234175
20237429
20303977
20305689
20308078
20333547
20346959
20348845
20358297
20370686
20372076
20377522
20386595
20388212
20395212
20398418
20404136
20406950
20418664
20422343
20436290
20436789
20447891
20449836
20461754
20473904
20479273
20484049
20490618
20491880
20492448
20495536
20498634
20503107
20520810
20528739
20530418
20535124
20538323
20540933
20547751
20571051
20576614
20577896
20582981
20583115
20588255
20588277
20591158
20591429
20592017
20598683
20601938
20622329
20624280
20639786
20639885
20651945
20657550
20660730
20666726
20671028
20679392
20680659
20697359
20703089
20708156
20726601
20736372
20812030
20816748
20818437
20821791
20832018
20832751
20837136
20847049
20849851
20849854
20850924
20851891
20875869
20876686
20921405
20935220
20935493
20944104
20951939
20951946
20956468
20972874
20979563
21034728
21034743
21040902
21046355
21051533
21051655
21060154
21080085
21081495
21084285
21088494
21091766
21093410
21097889
21113617
21123063
21123835
21132010
21135577
21152588
21159888
21161371
21169420
21170087
21172150
21183956
21184761
21191186
21205074
21211512
21213101
21217645
21220944
21223569
21229604
21244642
21261729
21268124
21277201
21284766
21290342
21295542
21295684
21305319
21314128
21316347
21316605
21317463
21317535
21317707
21333377
21334322
21336260
21338495
21340030
21341346
21345989
21374733
21386656
21389118
21391905
21391906
21394100
21402876
21404460
21406728
21419099
21420949
21423613
21425995
21431817
21436469
21437245
21451571
21454483
21459080
21460101
21460638
21466165
21471462
21472319
21478269
21479369
21484514
21498419
21504235
21504625
21504894
21509038
21530075
21539745
21542687
21544443
21547352
21556366
21556531
21556649
21557332
21558803
21559710
21561866
21565629
21572037
21584881
21590046
21591298
21594432
21594483
21602883
21619694
21623005
21624110
21637567
21640377
21647873
21656578
21667122
21684790
21685937
21706156
21725357
21725850
21726810
21730132
21730163
21738215
21743494
21747916
21756282
21762075
21762762
21764342
21770737
21773579
21779508
21785463
21804542
21814224
21820342
21822304
21833626
21841506
21843334
21855354
21862876
21867960
21875801
21887275
21896991
21900752
21903592
21904608
21912780
21949095
21954050
21957016
21959406
21982800
21983128
21986495
21986500
21996465
22021675
22032989
22047690
22051195
22056306
22066579
22074548
22081073
22084793
22104152
22107961
22108807
22119201
22134240
22134502
22137485
22148351
22158377
22166998
22170099
22173032
22180099
22180176
22187011
22197810
22200978
22205265
22208493
22231115
22233482
22233735
22244827
22262167
22264782
22264786
22266832
22266850
22273545
22285926
22289577
22290440
22292622
22297670
22301280
22301498
22301501
22306053
22310835
22316395
22318725
22330136
22333590
22334509
22336889
22336942
22337874
22343310
22348305
22349818
22356895
22365399
22374325
22377766
22380771
22383580
22388350
22391559
22397410
22397761
22405968
22408446
22410433
22411991
22413855
22441882
22444248
22461661
22472959
22474335
22487680
22487911
22504553
22507962
22510592
22510990
22513981
22524527
22525275
22527944
22528789
22544075
22550420
22556265
22558411
22563815
22575647
22578852
22586610
22609775
22617389
22624708
22624716
22624960
22650254
22659184
22666487
22668018
22673503
22684342
22694121
22699518
22700758
22701761
22703554
22703617
22705356
22708054
22710720
22729912
22731511
22733537
22734631
22744426
22745160
22753001
22771796
22773013
22777350
22787160
22789708
22807444
22807971
22815859
22819825
22821713
22830335
22838251
22842367
22843172
22844496
22848253
22869143
22872685
22902907
22911819
22912688
22914606
22916154
22916255
22920093
22933182
22938470
22939400
22940704
22940738
22961628
22963678
22976441
22981919
22987247
22991965
22993550
22995624
23002429
23029416
23032264
23035244
23039052
23039163
23046248
23051735
23059707
23059763
23060298
23084518
23084521
23091802
23096687
23099920
23109990
23113306
23115126
23132866
23139272
23145162
23147543
23149414
23150440
23150752
23150753
23150755
23150756
23150757
23150759
23150760
23150761
23150762
23150763
23150764
23150765
23159155
23165797
23167335
23167337
23170107
23174211
23187459
23187804
23189248
23201157
23208375
23210739
23218882
23236372
23238568
23243057
23244604
23251530
23252402
23259295
23261415
23262034
23266121
23292895
23303139
23308042
23318437
23324352
23327795
23347235
23350884
23352573
23356517
23359199
23361066
23365201
23374098
23383041
23391506
23398638
23400593
23416275
23423487
23428467
23437037
23437428
23438693
23451111
23458617
23479511
23483203
23496268
23506213
23529275
23540934
23563151
23565197
23580573
23584477
23597064
23601819
23611770
23615706
23623661
23624782
23625604
23626610
23631309
23638184
23641733
23650573
23652204
23660015
23661019
23666059
23671280
23677067
23679294
23681232
23682023
23685175
23724261
23726030
23726840
23735059
23745682
23749209
23749457
23766666
23776060
23777425
23786219
23808545
23818300
23826318
23826411
23837945
23839035
23856033
23862015
23870475
23874713
23881403
23884452
23885265
23897459
23907365
23912475
23912932
23931236
23933591
23934659
23946421
23967744
23973961
23977270
23979978
23982177
23989611
23994832
24003224
24005053
24010568
24018792
24027430
24029834
24040331
24041229
24050442
24061453
24077661
24078862
24096477
24098760
24121268
24126697
24141721
24147044
24163099
24175836
24177565
24180275
24207125
24210632
24211465
24217660
24227706
24236052
24240203
24241349
24258024
24264557
24270847
24279301
24289472
24292333
24293392
24303553
24309210
24324033
24325471
24329813
24330579
24338709
24349246
24349524
24356649
24358984
24361594
24376578
24377582
24379140
24387312
24389645
24391119
24405416
24413081
24413661
24418072
24423195
24428757
24440154
24447820
24456472
24466404
24469044
24476585
24488098
24491548
24515760
24522076
24522962
24525499
24532430
24548297
24554192
24567357
24583282
24584189
24586820
24595525
24598047
24601644
24608433
24621507
24625390
24632578
24635435
24649079
24658419
24667108
24673452
24704029
24708820
24732641
24740562
24747123
24748654
24751726
24777400
24777531
24789767
24790452
24792886
24797588
24797837
24798327
24803860
24804778
24810962
24812409
24813735
24823443
24829283
24835790
24842904
24845566
24849437
24852275
24858256
24868102
24869939
24870800
24872453
24882579
24889555
24898892
24900694
24900784
24920214
24921920
24925056
24938213
24941985
24952502
24964769
24964960
24965044
24965442
24967612
24968304
24972565
24974983
24980433
24982421
24994714
24997575
25001177
25016295
25022573
25040988
25042256
25054017
25059573
25063292
25067787
25070969
25074979
25075210
25081543
25082786
25088421
25105592
25109953
25110100
25115702
25117711
25119006
25119170
25122426
25126005
25132285
25132684
25136862
25144722
25145672
25147610
25151861
25156865
25168242
25169523
25172547
25176350
25181402
25181509
25193859
25198897
25201194
25201196
25201197
25201198
25201199
25201200
25201201
25201204
25216322
25218545
25221773
25226874
25227851
25227860
25241153
25263199
25271042
25271708
25275651
25280518
25301064
25307786
25312347
25316267
25323535
25323564
25326024
25327560
25361931
25362358
25366069
25366142
25367850
25372739
25377899
25382750
25384157
25386766
25388787
25392082
25396320
25398437
25410780
25417702
25431177
25431954
25435368
25435943
25439588
25453499
25477334
25479770
25480405
25482940
25482947
25486483
25496041
25501825
25504419
25509187
25511444
25524737
25537146
25543083
25551700
25567130
25573363
25573381
25584963
25591003
25600314
25602366
25605253
25621298
25624478
25629302
25637791
25639470
25659040
25668009
25672611
25675188
25679065
25680902
25720496
25723571
25728675
25730903
25734904
25739118
25740728
25746004
25754349
25773666
25781726
25790771
25798742
25803170
25808617
25808808
25809483
25810689
25818095
25823025
25832557
25840370
25842826
25844600
25845590
25854351
25855517
25859977
25867069
25875736
25882531
25884407
25888633
25888903
25898313
25902914
25912675
25915849
25921402
25942498
25955581
25957541
25964101
25969952
25979450
25981963
25987034
25987086
25987256
25995995
26001071
26020483
26025918
26025930
26026618
26032728
26041888
26046940
26050209
26062755
26070072
26090506
26103464
26112937
26115576
26124108
26124340
26125230
26131172
26132471
26138282
26141769
26146760
26159518
26162687
26163638
26180935
26181851
26200049
26200271
26210682
26217671
26220995
26228571
26229107
26238070
26260883
26261649
26265252
26273341
26275695
26279182
26279702
26280083
26281353
26288114
26289323
26293665
26317544
26320449
26328271
26336826
26343143
26350565
26358421
26359458
26369479
26371559
26373042
26383830
26414189
26416355
26416416
26416444
26427060
26428461
26431162
26431163
26440054
26440941
26444253
26450685
26456660
26459177
26460617
26461225
26470726
26475335
26475964
26476535
26482041
26491944
26492369
26494859
26509911
26514489
26514551
26521020
26531827
26542423
26544728
26546875
26549658
26550195
26550276
26553387
26580383
26581688
26584879
26586447
26616018
26625797
26627563
26655743
26656605
26661925
26672516
26676832
26689115
26694802
26701330
26718225
26718483
26719543
26719546
26720344
26726742
26746660
26748827
26761214
26776160
26791088
26796597
26798135
26799187
26802432
26823446
26823818
26832796
26832969
26840028
26840447
26854347
26858935
26863418
26864212
26869629
26882543
26883108
26883465
26887044
26908445
26908453
26909605
26916894
26918730
26926424
26926790
26936915
26937175
26945408
26954495
26956143
26971997
26973248
26977010
26982372
26984736
26992014
26992741
26993060
26993784
26997440
26998348
27000207
27003154
27004407
27020493
27022975
27023610
27028243
27036047
27039725
27040927
27041565
27042854
27044814
27050388
27081698
27082635
27105525
27108384
27122614
27129163
27129219
27130667
27141010
27157929
27171940
27177180
27184007
27187988
27194168
27208405
27213086
27223080
27228500
27234536
27238606
27246850
27256046
27256803
27259273
27264869
27265727
27269808
27271257
27273042
27287767
27302609
27308591
27308622
27308631
27315554
27323823
27330794
27350017
27353420
27362806
27364741
27369456
27386018
27394681
27402219
27414035
27432230
27438225
27445491
27455660
27467958
27481281
27485527
27492446
27505674
27506496
27507190
27508976
27509966
27524244
27525270
27528756
27532687
27533941
27538695
27542305
27543608
27550999
27568562
27569097
27573292
27597521
27603098
27604213
27614128
27617574
27617579
27621617
27624283
27642319
27649550
27659536
27662657
27666947
27684983
27686656
27688014
27688085
27693458
27698494
27709883
27714671
27728801
27731454
27736841
27743086
27746879
27748758
27758855
27764791
27765850
27775892
27777309
27777973
27778364
27785069
27792410
27798881
27810359
27811966
27825169
27826076
27829214
27837610
27846394
27856536
27857973
27871087
27874234
27882940
27890964
27903487
27905468
27907876
27908926
27924072
27926798
27927748
27927749
27927750
27932484
27943171
27956626
27957778
27959389
27965283
27986870
27993876
27994519
28005077
28018226
28025327
28035066
28042965
28050229
28054709
28068628
28077607
28082682
28083704
28092675
28096292
28096293
28096294
28099510
28100501
28118981
28122227
28126523
28129655
28130307
28144352
28147328
28158999
28166445
28181574
28189682
28196907
28207100
28212808
28216878
28223335
28231749
28233861
28235629
28252164
28253504
28255749
28265066
28270530
28274247
28296148
28339198
28341911
28351583
28393235
28400230
28406480
28415963
28418896
28425639
28425916
28431888
28436570
28438863
28440085
28441761
28454424
28468838
28474091
28477272
28478507
28482147
28498468
28498808
28508227
28544358
28553961
28557706
28562336
28576884
28605833
28611469
28615518
28619518
28629371
28643424
28659312
28667029
28669344
28673313
28676527
28678832
28690977
28692049
28712389
28714398
28723868
28741571
28745540
28756620
28774266
28775961
28781817
28783173
28784612
28785074
28789416
28794641
28797774
28800790
28806397
28817834
28819417
28834715
28835697
28844019
28846075
28847363
28849107
28855652
28864115
28871126
28871352
28878120
28885338
28892044
28903316
28910819
28915653
28916339
28925402
28932295
28959361
28973420
28979137
28981153
29016848
29030058
29032337
29034069
29035454
29049737
29050241
29057045
29057323
29065514
29070416
29085443
29089230
29090237
29096752
29096894
29121928
29122980
29123033
29132330
29137250
29142290
29143558
29153098
29153842
29158845
29168185
29175211
29178319
29181159
29192902
29207594
29209796
29210587
29216716
29228061
29235570
29262653
29267372
29269425
29282301
29290977
29295817
29302672
29309298
29309301
29311926
29323708
29324237
29326019
29339436
29340077
29344658
29354595
29360447
29368050
29369427
29371613
29375730
29387014
29392451
29396424
29402901
29410603
29416773
29422956
29423041
29427358
29432785
29436749
29439719
29452639
29452959
29464071
29484412
29487367
29489027
29490944
29515768
29547122
29549180
29584707
29614506
29632240
29637949
29643228
29651441
29655550
29670376
29671327
29691476
29696695
29699057
29704532
29716622
29723979
29739873
29748481
29748845
29755129
29755284
29762656
29777315
29789718
29793321
29808713
29851469
29857559
29866007
29876924
29877036
29878773
29894688
29896089
29899406
29899887
29907686
29931788
29932882
29957069
29970480
29976747
29992578
30001240
30001242
30011084
30012555
30022047
30026328
30038384
30041135
30045621
30057354
30064446
30101008
30108877
30109812
30109865
30112000
30115703
30131393
30132214
30135191
30148248
30149877
30158012
30169723
30175854
30176896
30181579
30191243
30206211
30217415
30217928
30221935
30237857
30237864
30244662
30250516
30250882
30252584
30253242
30256376
30259932
30260703
30260777
30271790
30272249
30274984
30275026
30284823
30288482
30319942
30320185
30322832
30355102
30385614
30389549
30391206
30413623
30419262
30419554
30425162
30454706
30455251
30455751
30458062
30462562
30464405
30464807
30470976
30482390
30488540
30498096
30513790
30514153
30518908
30520819
30526032
30532073
30536898
30544386
30544467
30548972
30549062
30551517
30555571
30560724
30564368
30565387
30575392
30577494
30583560
30598450
30626627
30627419
30628640
30642351
30645121
30647052
30651135
30655613
30656973
30664963
30674627
30679555
30679904
30690837
30691044
30703414
30715803
30721669
30724592
30726272
30735716
30755442
30761293
30762566
30774764
30799331
30802707
30804472
30809951
30816344
30818224
30822185
30832340
30840303
30861607
30873235
30879903
30886745
30887579
30896891
30899200
30910997
30930998
30943944
30946310
30947669
30948704
30956778
30972184
30981113
30988629
30989812
30998966
31004033
31004651
31016032
31019022
31022952
31023317
31024344
31028217
31056264
31059057
31081101
31083332
31086728
31089613
31092600
31100649
31117332
31128449
31131831
31134974
31138778
31144295
31145104
31146672
31160689
31181320
31181622
31196710
31200957
31201607
31211236
31211452
31225847
31227395
31253596
31278903
31279708
31282659
31289443
31298384
31310653
31311404
31313490
31316744
31324563
31326197
31331108
31339234
31350972
31358320
31359240
31364731
31366498
31371419
31387924
31405162
31413145
31421630
31424672
31425749
31439892
31440117
31442826
31444979
31451549
31454863
31467081
31472117
31473433
31478534
31480519
31485592
31493899
31502598
31509007
31522038
31527309
31528638
31536651
31538959
31541467
31557161
31560543
31568878
31582633
31587329
31613681
31619389
31620242
31632968
31634457
31638250
31642413
31662450
31665549
31689934
31691804
31706019
31720601
31727503
31732813
31734832
31749402
31753697
31756773
31759358
31767619
31770435
31774938
31779710
31781989
31784478
31784573
31795143
31807077
31812692
31819532
31832522
31847417
31847675
31881227
31884961
31885751
31892970
31903119
31907996
31914692
31915345
31918545
31924674
31927215
31928715
31930662
31933791
31939612
31954330
31959058
31968395
31970867
31971801
31973811
31979361
31984273
31995625
32001262
32001373
32002372
32005977
32011031
32015093
32016904
32020437
32023766
32026294
32037568
32037602
32038776
32041821
32052897
32053358
32062693
32063580
32066565
32066912
32075226
32079652
32093809
32101134
32110946
32120026
32132307
32156064
32167760
32169890
32171824
32175898
32181287
32193420
32195970
32211658
32213297
32224842
32231834
32234759
32236588
32258243
32264215
32271428
32276266
32280825
32297247
32300595
32300907
32303678
32322877
32328195
32334023
32335977
32337406
32350255
32352245
32379408
32384200
32390036
32392664
32397368
32404984
32409886
32424731
32425378
32426838
32439322
32439850
32448094
32450252
32453417
32468177
32471716
32489456
32492903
32497081
32500444
32508473
32521839
32522803
32535367
32537835
32554467
32555333
32558607
32559641
32560270
32561413
32585463
32585639
32595984
32611363
32629830
32630235
32635537
32651397
32651541
32655895
32667627
32691963
32696740
32705219
32738747
32742197
32752095
32755395
32757426
32758579
32759684
32767629
32779270
32782690
32787886
32796171
32797477
32800832
32802408
32806555
32815035
32821748
32822169
32826336
32828283
32856486
32874188
32874827
32880469
32894144
32901886
32904724
32910383
32924682
32926529
32951271
32953734
32962859
32963945
32980562
32982771
32985545
32994424
33005102
33007410
33008727
33034426
33042992
33061808
33069768
33071125
33092134
33103305
33109563
33111425
33116627
33125146
33144356
33174015
33174520
33185004
33202864
33262524
33262829
33277368
33277871
33291373
33312490
33328571
33334825
33337917
33340525
33365081
33384900
33393764
33396576
33401765
33410915
33411316
33414453
33425720
33425912
33450248
33456361
33460527
33468664
33503543
33504557
33533253
33550433
33551066
33554304
33556244
33579943
33581134
33601405
33611816
33612481
33617858
33619112
33645339
33649538
33662498
33663585
33664578
33669778
33675124
33678118
33680941
33686772
33690977
33710818
33722609
33723162
33727672
33731308
33760190
33761253
33767425
33771522
33773191
33790647
33799733
33801773
33806062
33809929
33811963
33830760
33862513
33866408
33870652
33870698
33878647
33880579
33888565
33889298
33894310
33904383
33905247
33906432
33908859
33911942
33917342
33924734
33930714
33941774
33948362
33952867
33955525
33958725
33959694
33968713
33985974
33987175
33988074
34003788
34017077
34032749
34040386
34044759
34050122
34057658
34077778
34084225
34089125
34111705
34114479
34166715
34168813
34179958
34180037
34185411
34188177
34198395
34210805
34215023
34221872
34230221
34230456
34249768
34257081
34258530
34258531
34268375
34287267
34298892
34301750
34306137
34307171
34312479
34319505
34334113
34345306
34374559
34384473
34386548
34391746
34396583
34408418
34413896
34420795
34426149
34433556
34445495
34461110
34469575
34471176
34474304
34480939
34481841
34502494
34511432
34523152
34523337
34537545
34551723
34558228
34568326
34572735
34589387
34638383
34688145
34695137
34703648
34711913
34712362
34716260
34732238
34750429
34754888
34782045
34794098
34798199
34799910
34803431
34804982
34806333
34820006
34845330
34861697
34866036
34883204
34911439
34921024
34927257
34933330
34966486
34970530
34974536
34977581
34986184
34992144
34994620
34998788
35008180
35008383
35008477
35018225
35030630
35037401
35044106
35045962
35045964
35049602
35053170
35066205
35070121
35072515
35073964
35074968
35075200
35078113
35078816
35082997
35117546
35117630
35124908
35128379
35147042
35154467
35155432
35156778
35158979
35173534
35177036
35179215
35181378
35201567
35213076
35220546
35220830
35233509
35234168
35249280
35266324
35303521
35326742
35342850
35342856
35359149
35359434
35369583
35371302
35384151
35397923
35410346
35410638
35420431
35429910
35429966
35436588
35440675
35455441
35468874
35468881
35489754
35499168
35505093
35513074
35524581
35536362
35546121
35546651
35548335
35563397
35588102
35598409
35605655
35616155
35623300
35625571
35628480
35628577
35649362
35667548
35675286
35693093
35702782
35714490
35720128
35734447
35735670
35744849
35745671
35759469
35760783
35772605
35775962
35780910
35782637
35785714
35787660
35792674
35794284
35801592
35814430
35818191
35822492
35829882
35831864
35836814
35853161
35859155
35890172
35900024
35901340
35911386
35927226
35927984
35928802
35944364
35944929
35955808
35961068
35968343
35992773
35995868
36010623
36032359
36039053
36043494
36050601
36055408
36059252
36059664
36071402
36074535
36099437
36109589
36119484
36120600
36129145
36149602
36165233
36180435
36182806
36182968
36184717
36185610
36208663
36232374
36233247
36277904
36280757
36306791
36306793
36309559
36309626
36319202
36336316
36338723
36352194
36358645
36358925
36361773
36375063
36377775
36416118
36416364
36435197
36439412
36476836
36515454
36521007
36551770
36585955
36602436
36609449
36612117
36652666
36669146
36672146
36673369
36674856
36675264
36692149
36717249
36726409
36734633
36741966
36758667
36768563
36768733
36777618
36796718
36804898
36812228
36831540
36837574
36852267
36864743
36865087
36868971
36881716
36894973
36898827
36899536
36903622
36906190
36909480
36910255
36916207
36922937
36929437
36941277
36977943
36987836
36989812
36990905
37002708
37016745
37018978
37029281
37042132
37044314
37049742
37071397
37086514
37091148
37095515
37097083
37108696
37116145
37119456
37128274
37130471
37132262
37138218
37139431
37139722
37153032
37156796
37179400
37182602
37185737
37190755
37191966
37198641
37203180
37205634
37211711
37217945
37245583
37257061
37259217
37269344
37276911
37279970
37291112
37291423
37293161
37297833
37312849
37314603
37315416
37326394
37345045
37353528
37353565
37369013
37371806
37379210
37382239
37391487
37395142
37399373
37409874
37416993
37427135
37450037
37463352
37467495
37473983
37474204
37480689
37492096
37496993
37501528
37509518
37511096
37532224
37537694
37539475
37542992
37568720
37573658
37580909
37599041
37632105
37634814
37648962
37667747
37686602
37688632
37692855
37698344
37700392
37702691
37709594
37710348
37736568
37764441
37779953
37781202
37804415
37818252
37821635
37828724
37833954
37867720
37872294
37886847
37897912
37926401
37941973
37963859
37972871
37981069
37987182
38000678
38002053
38005300
38008232
38011915
38037420
38054226
38059334
38059668
38062557
38070468
38078919
38081879
38087753
38104352
38111168
38134636
38134838
38138884
38148119
38159247
38165230
38192254
38200609
38203613
38204258
38216578
38229760
38237679
38263255
38281981
38285632
38289595
38301272
38302840
38312638
38328189
38331575
38334409
38338471
38386812
38394412
38396916
38401716
38410785
38426258
38433050
38434910
38455756
38473360
38517158
38519029
38522240
38540160
38549925
38553254
38567193
38581730
38581732
38612758
38640125
38679255
38682476
38697854
38708906
38709242
38714647
38732333
38741108
38743086
38745586
38756815
38760541
38761584
38762096
38769442
38771951
38773379
38776419
38784022
38802602
38810774
38810862
38852643
38859834
38869281
38871298
38890407
38901057
38902430
38911993
38914920
38916177
38924101
38928729
38955084
38961268
38971273
38979342
38991490
39002360
39011853
39030997
39039194
39047034
39050338
39053726
39061962
39064955
39080217
39081544
39097584
39105970
39116089
39134014
39134872
39144622
39164013
39164253
39186526
39186528
39199272
39207452
39210216
39222276
39230557
39230950
39234815
39244969
39251848
39258423
39259562
39259915
39262004
39263534
39264435
39273281
39273591
39277057
39300610
39302603
39305365
39313097
39315600
39318039
39322633
39327932
39329730
39333141
39344766
39366973
39368400
39369567
39384887
39400638
39404986
39417407
39424038
39435470
39441379
39464575
39480241
39493445
39525665
39535850
39543744
39548735
39563528
39574032
39575482
39596239
39648478
39649279
39664242
39671783
39681743
39693937
39705318
39738367
39740390
39746389
39756787
39761862
39762080
39762180
39763603
39764218
39769278
39770487
39789219
39795242
39797946
39799037
39802403
39823766
39824144
39830683
39840810
39857778
39857959
39858058
39880128
39894196
39896528
39900989
39903703
39911252
39919356
39920118
39940844
39945321
39948100
39960347
39970293
39970716
39979836
39987355
39991005
40006086
40009487
40017256
40022459
40046748
40052567
40081463
40081547
40083383
40089132
40097123
40109865
40115185
