10626796
11528400
12101245
12640683
14660608
14695178
14712235
15199139
15361844
15604276
15906355
16027727
16354690
16492743
16492744
16543935
16616333
16729027
17018606
17105817
17499002
17510313
17526734
17533180
17651783
18279506
18335186
18451213
18567799
18644346
19084022
19273224
19371999
19497887
19521340
19721810
19727615
19762336
19887911
20140020
20182601
20417304
20461752
20507307
20515689
20520810
20680659
20697359
20736370
20855528
20863813
21084273
21196223
21422812
21503588
21540763
21730132
21784052
21823114
22021675
22074548
22107961
22180099
22262167
22374672
22490292
22675482
22783402
22820643
22821713
22845047
22870278
22916154
22937789
23035244
23262034
23327795
23474762
23724042
23793604
23994448
24013503
24027430
24128662
24141721
24285179
24445145
24476585
24659749
24868102
24983416
25026175
25088193
25203442
25394965
25405759
25621298
25670033
25746004
25961923
25981963
26001071
26028311
26159518
26274820
26328271
26359458
26471763
26477779
26525060
26527653
26567881
26595814
26661925
26798135
26867771
26876197
26909605
26996321
27308591
27371671
27462918
27603098
27621617
27626496
27646776
27687591
27738340
27742919
27748758
27798881
27925213
28077607
28096292
28096293
28097652
28099948
28164646
28166445
28230750
28270148
28430625
28460439
28547953
28756620
29156829
29207086
29228061
29423041
29434862
29439926
29484110
29697201
29805525
29946150
30012555
30038284
30488540
30537038
30597480
30598450
30642351
30672125
30689920
30755442
30886745
30906631
31000522
31007746
31078695
31229512
31250570
31311845
31322272
31439820
31489110
31513313
31547268
31784573
31824846
31881081
31963499
31995625
32110946
32300648
32312807
32385717
32427989
32464196
32492903
32556890
32581023
32606734
32619931
32924682
32934219
33146951
33273845
33275219
33429878
33536467
33569988
33669778
33688918
33788740
34006850
34052831
34054730
34077778
34084225
34144037
34286973
34312479
34347554
34384473
34423389
34599198
34697572
35018230
35069793
35098683
35117225
35226569
35269477
35344194
35347102
35420431
35693093
35720128
35772657
35778656
35961068
35992795
36010941
36192008
36431769
36566308
36736290
36744846
36831624
36982536
37091312
37128274
37284444
37306552
37345045
37421283
37509605
37546802
37605571
37686602
37846109
37990515
38106152
38201546
38281029
38285632
38328189
38661115
38682900
38749830
38796806
38964325
39016548
39041487
39066930
39116201
39118304
39146182
39273363
39329452
39369567
39516053
39543140
39572522
39627951
39763603
39766093
39795242
39821075
39960347
40022459
40081463
