16712834
17334363
17369503
17716226
18394596
18451032
18973276
19036726
19047373
20023166
20301719
20507344
20589884
20630950
21533047
21868628
22182697
22223266
22247249
22428002
22532225
22610119
22768200
23091001
23132392
23178117
23222489
23225304
23347103
23395478
23443020
23635816
23661306
23729306
23738817
23836153
23913526
24039113
24123922
24196187
24390224
24446130
24642626
24715367
24746821
24938407
24980722
25015674
25038752
25108465
25325994
25377553
25438604
25506394
25593300
25595892
25615570
25839987
25855048
25865354
25931199
26018969
26037152
26093648
26109290
26137144
26193636
26273451
26298726
26338144
26355235
26383637
26396919
26601288
26630226
26813965
26856273
26860948
26891131
26924278
27056456
27081531
27096886
27187686
27188461
27286923
27312080
27438523
27491313
27570068
27806318
27967206
28002623
28054750
28055980
28183795
28217705
28217706
28369444
28410233
28432313
28544239
28592321
28634282
28724790
28771672
28780645
28794916
28944423
29126187
29315289
29333096
29440396
29530929
29628309
29633481
29700012
29735544
29790226
29944972
30006928
30017537
30036562
30099503
30230586
30376129
30456381
30467240
30527838
30538295
30554729
30619444
30647905
30729724
30895261
31072327
31098807
31322785
31334283
31507331
31536828
31662438
31824579
31988137
32021594
32046450
32094355
32174975
32240666
32682435
32715471
33025089
33046803
33174211
33244165
33244166
33259844
33376197
33444473
33569750
33913598
33925166
34056708
34079076
34253626
34573309
34597441
34626221
34670449
34871431
34910943
34987808
35018809
35064560
35071776
35091793
35102032
35181487
35385210
35418189
35456498
35461070
35618793
35690084
35869560
36017700
36150519
36271811
36309740
36427307
36798375
36835153
36894399
36971000
37113812
37293147
37429859
37501721
37520466
37607000
37668348
37961243
38041927
38129817
38279317
38380720
38492468
38655688
38777622
38886586
38915457
38956209
39137592
39166292
39215511
39216984
39253786
39273004
39684492
39702865
39747270
39820259
39986018
40025195
40070855
40105922
