1349571
1350263
1358429
1358795
1639957
1672619
1683706
1968641
7587389
7734208
7849701
7902670
7912130
7959678
8098981
8099302
8353510
8912868
8917740
8938448
8954798
8977082
9067266
9150722
9157974
9178662
9187672
9205112
9205115
9215689
9215690
9241276
9272177
9286704
9324134
9341888
9354421
9361035
9385379
9407947
9425389
9438006
9439676
9465067
9498491
9506756
9510467
9540988
9543172
9554741
9562970
9671267
9681840
9681841
9681842
9703929
9709921
9709922
9709923
9709976
9709985
9740255
9747036
9792884
9820618
9824159
9832038
9843042
9888389
9888998
9893060
9893679
9895334
9920087
9929977
9935177
10022445
10027401
10049065
10189986
10229909
10341092
10366412
10389976
10395226
10395230
10395246
10396374
10398160
10424779
10424788
10435055
10441003
10460018
10465580
10468944
10468972
10503881
10524203
10529376
10534569
10551325
10557080
10576763
10580746
10594843
10595737
10598193
10617276
10660339
10664520
10664521
10674843
10715991
10720085
10724357
10738303
10759881
10762295
10811291
10818209
10856877
10861492
10861493
10870030
10879731
10882148
10893442
10914990
10915003
10918183
10931084
10963041
10980535
10989949
10989951
10993646
10993647
11027505
11034102
11058905
11102994
11167010
11223240
11238532
11336326
11352308
11421544
11449303
11473132
11550286
11580998
11701693
11701736
11712086
11740047
11741745
11762748
11765049
11765051
11804454
11836267
11836268
11857805
11956591
11966738
12016470
12025964
12089860
12108687
12109621
12112656
12144911
12203793
12210500
12213668
12417605
12505253
12509449
12638720
12652570
12699448
12746426
12755955
12755956
12791038
12807514
12819299
12860285
12917331
12941803
12946485
12953815
14516745
14633735
14678300
14686752
14971285
14989015
15034196
15060136
15067750
15153434
15168774
15205994
15240620
15281352
15283399
15292357
15531478
15635078
15670192
15672591
15691381
15730416
15753990
15754732
15870131
15894711
16322378
16465412
16521275
16528608
16595707
16604156
16680582
16714299
16740708
16794369
16840830
16915538
16943588
17000701
17013727
17065424
17125736
17135306
17145768
17158767
17173065
17179192
17184987
17185897
17188139
17194968
17388795
17392605
17397250
17409423
17455252
17526943
17555499
17555500
17560264
17590169
17592794
17623761
17803708
17854391
17879353
17890894
17893233
17925925
17940620
17953629
17961653
18036394
18045958
18084346
18200440
18206547
18221402
18258493
18300794
18314630
18350655
18386357
18414463
18485119
18520436
18524795
18549467
18601604
18616711
18710468
18729310
18753104
18775714
19058182
19068082
19208834
19294466
19309299
19391077
19405259
19407509
19461164
19474519
19528440
19587266
19596265
19596783
19729047
19837273
19904212
19949948
19953642
20058152
20138042
20175448
20175449
20175450
20175457
20175458
20223025
20507346
20531244
20566584
20585352
20663219
20690576
20706287
20710116
20833329
20960638
20960658
20962866
21059956
21078971
21184284
21249756
21252315
21266030
21318185
21441703
21454242
21468568
21521296
21551167
21627674
21655742
21713580
21726266
21763627
21788502
21805182
21830623
21915802
21917868
22026581
22037578
22084155
22090276
22120711
22136834
22187299
22193451
22207168
22275377
22350475
22447146
22470073
22492302
22520146
22522645
22525736
22542456
22549346
22573248
22577108
22584705
22584706
22615588
22664530
22666422
22723327
22761894
22825745
22915754
22965167
23024266
23093699
23102680
23180448
23188049
23279763
23321498
23376981
23435440
23580576
23583653
23645327
23648481
23749864
23778871
23905891
23933118
24074368
24183932
24218143
24276465
24302194
24443791
24522746
24531709
24882518
24915123
24920291
24936550
24997771
25022420
25031887
25047095
25210877
25279812
25309600
25343275
25409873
25517963
25538206
25545711
25592387
25594862
25625803
25807996
25870702
25926542
26126205
26165399
26191410
26224587
26239674
26242621
26392472
26424307
26495792
26515642
26709830
26721691
26731608
26732163
26751192
26767918
26819103
26860771
26871472
26990064
27038812
27071757
27076911
27144202
27185868
27212590
27246634
27263513
27347164
27430871
27432891
27594983
27600151
27766445
27799361
27811505
27842554
27873319
27933172
28079577
28110695
28130400
28133267
28188614
28203045
28217023
28225311
28238068
28257328
28263205
28321559
28323962
28323985
28329921
28395809
28420716
28429092
28458907
28469779
28530019
28567607
28591701
28597079
28663159
28693130
28701629
28710500
28733468
28736585
28743793
28768698
28785839
28790162
28811298
28811299
28899948
28899949
28924486
28938468
28968916
28993466
29034888
29039523
29066490
29097378
29128174
29174091
29263719
29264567
29335487
29383428
29416715
29435419
29449689
29468058
29496634
29497973
29607201
29615472
29618015
29725435
29782244
29848728
29903750
29921249
29927501
29942404
30025403
30032405
30083038
30083881
30099020
30149991
30202829
30254610
30315258
30326482
30339208
30352412
30364322
30389902
30444722
30459713
30481156
30600364
30630164
30665551
30721134
30780845
30820182
30822274
30869828
30894303
31044390
31088683
31263451
31384998
31401809
31489630
31551189
31557724
31586182
31616499
31626728
31642976
31658439
31681967
31737856
31760587
31982106
32069215
32081882
32126984
32130200
32156729
32190804
32229700
32299109
32348957
32351454
32384260
32411220
32460232
32565981
32577074
32590358
32606444
32681321
32695849
32703679
32705580
32715270
32733644
32756962
32780442
32780883
32796241
32808116
32847108
32884006
32901291
32937789
32971521
32993530
33033552
33125695
33135721
33150274
33173995
33233395
33247355
33309626
33312161
33323967
33386454
33395907
33506308
33521900
33534953
33717601
33807230
33853118
33931963
33960322
34105807
34118524
34156350
34160414
34199594
34237211
34313384
34318891
34333645
34352404
34440663
34446068
34515662
34543418
34681263
34713690
34769484
34878630
34897474
34922358
34940846
34952716
34993034
35038837
35079671
35137463
35145695
35169281
35171113
35193346
35199646
35247589
35262299
35287658
35297010
35323929
35324455
35370956
35448982
35550366
35583188
35628193
35835391
35856247
35900839
35904487
35941657
35954231
35965945
35968938
36042606
36048542
36112497
36179244
36206476
36380266
36428828
36436191
36552783
36597712
36604142
36840469
36842074
36847722
36889692
36922589
36939378
36943311
36998475
37169283
37179722
37209468
37305036
37307230
37350653
37357885
37395406
37437063
37438451
37460547
37492626
37539859
37581694
37604166
37621212
37646771
37661450
37795364
37894286
37895301
37908266
37908584
37929040
37968947
38003662
38057652
38108666
38152096
38180518
38244045
38288531
38294658
38433544
38470411
38573327
38573910
38609433
38685894
38737174
38781437
38828659
38861616
38928056
38962036
39034953
39041891
39056047
39093924
39104820
39162656
39227744
39309708
39314235
39384404
39518523
39519139
39579612
39587981
39609309
39638700
39649118
39795539
39949334
40016943
40057116
