564416
859689
983134
1104615
1521705
1668197
1668619
1681766
1979868
2037248
2052572
2127755
2274118
2300559
2303248
2323775
2426791
2568615
2581233
2803976
2819873
2888722
3277171
3282234
4676150
4735626
4946069
6121872
6273021
6600136
7109837
7398874
7456428
7534113
7904052
7914509
8176866
8600012
8674545
8937627
9263766
9388169
9565769
9571645
9689817
9824203
9972409
10022739
10292898
10304867
10520723
10579226
10812052
10820142
10864034
10942199
10993420
11093075
11116140
11237703
11382518
11382583
11414349
11758947
12114654
12147692
12220604
12809275
12861232
12877595
14053224
14118365
14232856
14278658
14324952
14324953
14634685
15289627
15500976
15735745
15747911
15964445
16171945
16195564
16540912
16542477
16542491
16566692
16604346
16706306
16751824
16757089
16808440
16884122
16888469
16909106
16955865
17153866
17153870
17211071
17321199
17328356
17338295
17370922
17536978
17536993
17558195
17666242
17668228
17705012
17706856
17863984
17883664
17925436
17990089
18008640
18058643
18167808
18167817
18167824
18167959
18168002
18168402
18203483
18254927
18277802
18350253
18493858
18542957
18566898
18628750
18640997
18738267
18741303
18829470
19058093
19114755
19164228
19226830
19226831
19341507
19433945
19447220
19465595
19837501
19866879
19955662
19968287
19997011
20008162
20025366
20066159
20091333
20111617
20127563
20142781
20317871
20368753
20380547
20450956
20487489
20493426
20621040
20683093
20762006
20762351
20763306
20766846
20818419
20842375
20945028
20962463
21151472
21226387
21277012
21297195
21345573
21360402
21488575
21513674
21530092
21544431
21570201
21666851
21671763
21681120
21745535
21779429
21815704
21900919
21909284
22111404
22140271
22188537
22249180
22416915
22504769
22577290
22580963
22729277
22736407
22787409
22866074
22869330
22933842
22973229
23143764
23166523
23238008
23300902
23320251
23355676
23422757
23466707
23474494
23478253
23552883
23554766
23612071
23674084
23708003
23720678
23731667
23791321
23829659
23913923
23933174
24012915
24039787
24092988
24100611
24101046
24145986
24158887
24213238
24376804
24378750
24396576
24440956
24450886
24454732
24503879
24515256
24569463
24584980
24642461
24650263
24702989
24766136
24802724
24842844
24856452
24891360
24959084
24959087
24959301
24965570
24979765
24992580
25028262
25036022
25055117
25102007
25152190
25157335
25197427
25232318
25328417
25364264
25389455
25425912
25492426
25500541
25532429
25545400
25549175
25574796
25626308
25736540
25760100
25798460
25803827
25806180
25806181
25806183
25806189
25806202
25806329
25806330
25806331
25910030
25914548
25927844
25958005
25986337
25992367
25992381
25992382
26003733
26009700
26021449
26222185
26237148
26247233
26271677
26291767
26304789
26306302
26320090
26366398
26383613
26412935
26413215
26435753
26463477
26520222
26536195
26622787
26623562
26649038
26670562
26722245
26767046
26798595
26811229
26826285
26896094
26910561
26975633
27000277
27002940
27014419
27047955
27047956
27068668
27076844
27141009
27215027
27242035
27390595
27422202
27422203
27446414
27552168
27562340
27563407
27565402
27578044
27578531
27602162
27623213
27715452
27726115
27737688
27785366
27803065
27811917
27832561
27843629
27872128
27923027
27994561
28081673
28105194
28164086
28164087
28164088
28164089
28164090
28192401
28209746
28210125
28210131
28228351
28251140
28258444
28271038
28274743
28342384
28343968
28368392
28389240
28406483
28466868
28472534
28494752
28499860
28511954
28536396
28536405
28548075
28548076
28548345
28556516
28580167
28603720
28607809
28611183
28629543
28669750
28696366
28713684
28717459
28720365
28720367
28748818
28751462
28758926
28779874
28810597
28857451
28874566
28881678
28890802
28898622
28904870
28910432
28927456
28950400
28954551
28968967
28978055
28978110
28984795
29042798
29047029
29051564
29071414
29086093
29088885
29102694
29114476
29128427
29137273
29190909
29209570
29212199
29225472
29272091
29281665
29281720
29285237
29285491
29313845
29314614
29381967
29394261
29402166
29425213
29445086
29482601
29521056
29527595
29560123
29568386
29581707
29609582
29625880
29672923
29721169
29730462
29741569
29805710
29928341
29930749
29946484
29951109
30014222
30015274
30069760
30090230
30094412
30095326
30102570
30140389
30190953
30227653
30244854
30252573
30254295
30289981
30311833
30366938
30368411
30368417
30425090
30479688
30504658
30516675
30542697
30571856
30614616
30630697
30631034
30688731
30705843
30705845
30705848
30737265
30755224
30760397
30777867
30792648
30797494
30811294
30813275
30813513
30881166
30896412
30922580
30949414
30993313
30997444
31018105
31018947
31019977
31040922
31083323
31120833
31122565
31155230
31157314
31175924
31208212
31213837
31213843
31262834
31374854
31391294
31473464
31547040
31564914
31582532
31586213
31602266
31622732
31649529
31659107
31724322
31744898
31762957
31807006
31840135
31853265
31861060
31864551
31864558
31867280
31867475
31924585
31925938
31938280
31945494
31949132
31968279
32027845
32039030
32047115
32055714
32060518
32094403
32125279
32133617
32156068
32160544
32169477
32201507
32234315
32235679
32238411
32238412
32245152
32308421
32308434
32336009
32340672
32382870
32391729
32396862
32405814
32435640
32447117
32475345
32479793
32485915
32489479
32521387
32535881
32550005
32575417
32593453
32593454
32617305
32642122
32642717
32648452
32648914
32653414
32655941
32659961
32669854
32676323
32778247
32780611
32785028
32800658
32823931
32865687
32889305
32916980
32920328
32920669
32921439
32923890
32923895
32939711
32949827
32952656
32953535
33008149
33012556
33045465
33061446
33072555
33109268
33116950
33149187
33163272
33169579
33187736
33198383
33209603
33209611
33225315
33235904
33262462
33283138
33297508
33300203
33305187
33311983
33312753
33313283
33334379
33364584
33375764
33377662
33381660
33397178
33403024
33437521
33437811
33457099
33475256
33559882
33589510
33631102
33637343
33654504
33660106
33675471
33676017
33688375
33692858
33708852
33735112
33738448
33754008
33772015
33776501
33798902
33818908
33821979
33830437
33841651
33842645
33854337
33868463
33889528
33896567
33898310
33917539
33921709
33932898
33937262
33946207
33959414
33976623
33991153
33994796
33996551
34002144
34017755
34036220
34053700
34055614
34059475
34079081
34091214
34100553
34123778
34140247
34154791
34156690
34166627
34178662
34179015
34183692
34200749
34202288
34205733
34207695
34223308
34227073
34234464
34249687
34295201
34298655
34298732
34306343
34320421
34322251
34368128
34389035
34465078
34470051
34504652
34514432
34516823
34532491
34548228
34557411
34572451
34589954
34589961
34589996
34589997
34590003
34590012
34605506
34620654
34638507
34642436
34659893
34660287
34677235
34680284
34687977
34708556
34724292
34726004
34733418
34734960
34756982
34758872
34766065
34766112
34771620
34786048
34789481
34789563
34790842
34799910
34803597
34853888
34898564
34918545
34926253
34926665
34945842
34952869
34953403
34973484
34999209
35045961
35070392
35089466
35100688
35100732
35102319
35110965
35116239
35116349
35151198
35169687
35171350
35172503
35174181
35179739
35180125
35205190
35234267
35237515
35252894
35269415
35280795
35301291
35325006
35326531
35326608
35326642
35334419
35365752
35372088
35389070
35400584
35408753
35419590
35426999
35428846
35430374
35434049
35439178
35442489
35444940
35445204
35466070
35491960
35497936
35503286
35536994
35539091
35543963
35550186
35565287
35574376
35583827
35592355
35606837
35609852
35626038
35628590
35634427
35640484
35646541
35675576
35677888
35693217
35702678
35720834
35739536
35784570
35804837
35820242
35822295
35833436
35851031
35855460
35860830
35898510
35903536
35904603
35941699
35946569
35957915
35983925
35985889
36033470
36033501
36044468
36052259
36072511
36082279
36093550
36093718
36101520
36108212
36126466
36127251
36131603
36139568
36147925
36148917
36171728
36173984
36176406
36188633
36195688
36198244
36210290
36212500
36217329
36224763
36227404
36230737
36242474
36248327
36264123
36271379
36281696
36291897
36297669
36313664
36323537
36323591
36331252
36333268
36338701
36338758
36339926
36341335
36350424
36380441
36386451
36387081
36387098
36399631
36401092
36408924
36416133
36422403
36428800
36433941
36434677
36441751
36457016
36459255
36464850
36481319
36483096
36502446
36524724
36534523
36538176
36550824
36551608
36556214
36575652
36612221
36612298
36614199
36617474
36618809
36650584
36683507
36690660
36692137
36698189
36713931
36749292
36751113
36765572
36805576
36806896
36829199
36832117
36846984
36848606
36857181
36882009
36888921
36910616
36915128
36921315
36923435
36938771
36943497
36944766
36971777
36972629
36998281
37004643
37007311
37013058
37025355
37042205
37083010
37083791
37096188
37104404
37133713
37146958
37150140
37169317
37170152
37171945
37177515
37179908
37188656
37188738
37200850
37228358
37229542
37259089
37270698
37272907
37279697
37287496
37296895
37296959
37310660
37326363
37331584
37345079
37375968
37402008
37415001
37429463
37432970
37433225
37440553
37444518
37460540
37465082
37481142
37496665
37499190
37504788
37506884
37508550
37509224
37530224
37533439
37534190
37547755
37549472
37554169
37558711
37568643
37577651
37588206
37607900
37636961
37649681
37655101
37673888
37679999
37691875
37692088
37720351
37722653
37744307
37744308
37745898
37758334
37760522
37760640
37771457
37772487
37779207
37789240
37813016
37818074
37822091
37829573
37832054
37835473
37838732
37840886
37844446
37856922
37875725
37876974
37881431
37887325
37894454
37897706
37923925
37927472
37944528
37956621
37961176
37965202
37985154
37996058
38000030
38004462
38014514
38021574
38065965
38074875
38112201
38179893
38182507
38188466
38195375
38195556
38201232
38205199
38216754
38249331
38266456
38271745
38273845
38297399
38326210
38333112
38361739
38361741
38365957
38367451
38370634
38386085
38402853
38417277
38429387
38430702
38432625
38449561
38456787
38468814
38470543
38512058
38521659
38536477
38550296
38570866
38596618
38606513
38607540
38630694
38639799
38675409
38702161
38706592
38707111
38711889
38736494
38736555
38742143
38766346
38781072
38789333
38839893
38841537
38845935
38854944
38870064
38877572
38882007
38893636
38939527
38962049
38973946
38973950
38973955
38973959
39035465
39071407
39075910
39091578
39091606
39105968
39118880
39144239
39193383
39221108
39226180
39228158
39233612
39251846
39253447
39270694
39315807
39328538
39329782
39347738
39354638
39390836
39402063
39424835
39430327
39449330
39493678
39497720
39505670
39507027
39507439
39508772
39531600
39554732
39574967
39588063
39598385
39609287
39631470
39633871
39651287
39669996
39670004
39699646
39720556
39743377
39743378
39757718
39761811
39822334
39837982
39838827
39858056
39858062
39866270
39867671
39879586
39886673
39898250
39903758
39925845
39965191
39980226
39980519
39986540
39987695
39991569
40011191
40028158
40034576
40034596
40056282
40070221
40075658
40089772
40092711
40107386
40112699
