7728749
7812952
7894494
8066446
8264608
8608876
8649412
8673133
8674118
8880570
8940269
8993976
8993979
9071575
9087566
9203583
9230812
9326924
9368761
9485033
9490293
9500552
9506527
9545323
9559626
9697702
9811473
9841970
9927033
9973196
10072435
10082584
10092760
10096563
10097147
10101178
10190329
10200055
10359802
10378595
10385520
10394915
10432927
10534773
10570173
10573010
10601588
10612836
10623697
10627141
10644444
10657972
10720737
10769651
10778972
10793088
10851078
10923051
10928988
10978352
10980144
10999751
11015456
11066084
11126362
11138465
11139242
11154280
11182541
11241897
11245440
11260232
11291077
11309221
11313994
11325959
11369138
11385712
11391585
11409565
11433526
11532035
11555625
11575920
11585722
11585727
11600610
11601928
11604984
11691925
11717305
11717437
11748856
11754112
11793442
11793469
11828012
11830542
11857745
11859205
11879922
11896123
11897781
11901110
11918085
11920650
11956307
12011148
12011151
12023887
12063388
12067992
12079302
12115503
12118112
12124320
12200140
12203784
12217320
12222686
12362047
12373605
12402334
12414824
12461746
12494471
12513688
12529393
12584560
12610360
12618391
12624141
12624159
12627520
12649668
12655562
12655568
12682353
12684669
12696065
12697826
12697830
12700670
12740349
12743174
12801268
12881715
12930688
12938096
12939400
12955088
12967659
12969785
13679151
14504054
14512394
14517962
14534898
14555508
14635101
14646573
14695993
14760069
14760383
14762794
14767526
14871813
14960518
14961575
14985405
15010317
15024732
15064764
15083191
15084308
15087450
15118395
15138486
15139004
15161053
15184898
15239345
15253764
15289847
15300854
15354418
15365995
15365996
15452042
15475387
15480418
15483016
15563510
15571801
15637721
15654114
15700306
15709190
15713769
15781865
15782118
15811858
15814658
15818612
15831578
15849733
15862756
15870828
15890739
15923275
15926618
15931783
15942939
15943554
15944788
15949572
15951966
15988827
15991064
15991306
16003840
16033773
16083711
16098012
16106253
16216036
16237223
16256150
16273226
16285940
16329043
16331552
16338176
16341550
16341804
16343186
16343558
16357104
16395668
16423994
16451135
16456782
16474933
16492773
16520660
16521201
16531764
16540742
16541406
16542391
16619529
16619569
16623753
16630478
16685411
16696788
16710035
16710977
16724012
16728433
16769400
16784982
16803849
16816424
16826164
16830052
16837128
16908935
16955466
16963262
16964567
16982745
16985024
16995940
17003395
17086208
17130966
17135187
17148452
17176067
17192056
17201183
17203532
17210669
17224235
17228328
17230510
17230646
17235623
17237513
17260015
17298983
17301300
17309645
17337626
17347588
17370310
17374836
17417778
17457197
17465465
17483430
17498565
17505997
17510385
17513808
17545526
17546041
17559505
17569143
17573746
17623546
17636402
17653898
17671701
17724798
17804421
17849149
17854609
17889038
17895478
17909015
17959715
17968340
17973250
17987798
17996647
18005136
18056700
18069769
18097574
18166368
18200512
18205192
18225536
18247060
18301449
18330910
18335486
18339680
18345027
18370958
18383312
18393252
18405947
18496770
18512122
18535288
18556772
18561205
18581137
18594535
18594839
18615680
18692554
18708397
18712731
18718023
18726168
18772310
18787696
18787700
18792805
18842633
18999873
19015241
19089477
19100506
19109866
19127559
19148896
19164452
19164453
19188145
19224586
19246465
19267393
19300472
19364498
19376149
19419416
19424639
19455606
19479271
19494183
19502488
19504447
19526325
19553545
19564652
19567531
19603033
19623177
19639184
19665066
19669161
19672700
19690386
19697156
19698169
19728162
19755659
19760518
19804602
19861440
19863800
19930554
19934329
19949877
19995443
20020535
20028567
20060799
20063070
20104243
20133210
20162719
20167975
20210238
20223108
20227038
20305446
20332274
20444249
20445804
20470425
20473912
20489114
20533529
20628250
20640893
20658644
20704743
20706999
20708344
20717847
20727894
20858091
20858721
20860725
20864636
20937110
20967208
20978114
21029181
21034533
21093899
21093954
21102416
21155023
21169277
21206982
21213371
21233718
21242524
21247423
21290340
21358597
21375527
21425258
21565826
21590118
21601892
21615986
21622124
21642682
21671475
21681552
21712435
21745804
21766496
21785361
21801734
21809660
21840485
21875327
21952876
21953887
22022465
22067334
22136435
22144422
22152609
22156295
22188959
22246327
22274583
22283331
22285073
22344730
22350750
22368298
22371642
22426235
22451719
22453149
22496206
22498935
22526901
22631669
22659005
22669205
22736432
22737274
22740444
22740928
22753075
22763379
22766992
22773173
22825585
22843073
22864660
22866067
22878509
22886683
22892529
22899370
22918162
22933969
22987364
22987381
23017166
23025454
23060557
23073540
23084580
23100212
23112559
23136600
23155252
23226285
23240038
23255516
23266441
23283390
23328702
23370766
23374646
23403630
23414134
23435383
23504373
23536426
23555617
23570624
23603367
23604240
23621208
23653048
23712482
23715647
23716983
23729658
23760103
23804311
23804521
23810210
23880961
23888949
23935509
24027018
24035280
24084575
24090359
24122742
24165159
24179526
24204293
24204323
24204690
24259277
24302565
24308239
24323032
24333619
24356193
24360395
24400091
24403070
24443562
24456667
24509146
24550389
24595079
24743384
24748501
24802709
24811117
24874052
24919261
24924810
24981171
24995467
25043185
25060679
25077178
25098240
25107687
25115745
25197397
25213678
25232430
25249451
25280751
25287593
25389437
25421847
25436004
25437057
25477341
25526032
25528216
25529563
25530820
25596266
25712765
25742745
25761822
25762362
25786082
25823662
25871621
25908759
26053027
26096739
26101330
26121593
26149658
26170454
26185030
26185136
26194101
26249686
26406935
26512054
26552419
26622562
26728996
26781822
26848797
26866578
26883113
26886015
26895986
26911399
27017609
27173243
27247567
27258561
27287342
27294005
27436342
27438990
27447752
27468915
27570841
27581132
27606285
27618981
27629256
27643877
27693945
27780606
27803051
27880934
27915441
27977020
27984238
28059100
28117625
28120777
28133142
28133504
28180301
28214209
28224663
28248820
28293308
28293327
28304185
28334867
28404976
28453523
28454461
28512763
28591715
28613268
28667494
28674222
28693258
28701629
28705114
28709704
28730335
28748002
28752838
28819720
28934397
28983945
29046738
29053185
29108386
29137397
29175432
29181059
29288294
29290392
29304767
29333502
29334683
29341452
29362915
29399413
29440913
29472279
29489087
29490919
29511481
29520894
29544212
29575718
29701748
29760937
29783979
29790873
29852531
29854080
29896277
29898989
29929473
30009279
30023504
30044143
30083359
30134578
30136313
30149959
30173944
30238922
30275527
30283143
30289396
30348651
30379344
30481381
30519050
30539002
30585020
30594176
30613919
30614234
30617648
30643016
30721949
30723092
30723297
30770470
30803214
30815977
30829280
30856214
30877919
30897027
30974487
30990915
30998989
31046708
31104363
31116268
31139268
31150123
31209634
31232917
31259424
31273885
31323602
31358837
31402167
31530880
31566049
31570444
31579968
31581674
31641109
31649038
31651887
31660093
31697235
31701475
31745674
31749828
31779681
31784484
31792356
31798786
31855955
31881335
31889830
31926173
31932604
31938267
31955481
31992951
32002723
32015124
32040686
32060377
32076465
32193690
32197529
32207245
32280038
32303762
32319830
32356167
32363481
32388775
32427409
32432717
32449172
32490589
32579207
32614055
32641106
32661327
32670759
32814904
32876667
32917950
33017431
33058565
33082400
33105024
33112435
33191490
33192293
33292409
33332859
33335961
33338427
33411254
33433757
33449452
33468175
33469227
33528673
33544956
33577226
33608032
33619096
33660890
33676177
33734109
33740045
33745841
33794988
33826163
33915664
33934415
33996597
34019865
34026821
34088835
34091457
34203177
34243735
34311271
34330701
34347667
34390347
34408140
34419117
34428613
34431253
34469738
34483242
34504932
34525375
34723847
34772843
34787019
34807001
34925852
34952246
34957998
35108246
35149321
35155723
35205366
35226658
35237889
35267656
35326704
35415788
35657956
35673816
35709138
35849120
35888599
36044719
36051725
36054288
36073783
36122480
36128324
36215471
36338985
36387226
36434146
36454741
36620890
36736685
36755857
36760167
36893489
36907525
36915797
36983044
37001204
37067391
37094360
37147951
37196219
37224528
37270516
37296742
37314251
37350751
37424007
37433431
37476627
37532794
37554185
37637493
37642081
37643636
37657688
37664053
37683549
37692022
37692497
37745359
37746995
37838086
37887553
37919876
37932477
37958361
38003003
38014100
38061582
38107455
38191122
38255924
38271119
38285100
38317368
38389973
38459936
38477507
38498709
38504345
38557488
38566849
38584802
38657110
38683237
38696002
38718098
38737450
38826483
38840222
38847920
38874740
38893238
38915520
38945374
38964504
39032648
39149360
39285166
39309195
39400169
39435727
39457514
39516038
39516700
39548353
39609574
39615226
39702679
39704127
39724851
39741348
39758786
39767683
39767815
39807593
39814695
39831439
39868200
39894875
39904886
39931465
39948959
39949324
39981936
40004511
