1394235
1465401
1720549
7475292
7515665
7536459
7564531
7568208
7579356
7583381
7598802
7643616
7643617
7655016
7671224
7688552
7689231
7718874
7808011
7827204
7833468
7938000
7949133
7950907
7966394
7967737
7991593
8058765
8078192
8152249
8164041
8194047
8260707
8282816
8286732
8298125
8358709
8361504
8378328
8400276
8414518
8527389
8555498
8562939
8585957
8609712
8616778
8630416
8634439
8639880
8639906
8640717
8656671
8703835
8709635
8724626
8814454
8824725
8839887
8892693
8896421
8921910
8950979
8974790
8988051
9002963
9010221
9058751
9059068
9122235
9136917
9158002
9160687
9166831
9168451
9199342
9209466
9226152
9238046
9242213
9250788
9264370
9277049
9290955
9305618
9326653
9345057
9349501
9379688
9389682
9426057
9436917
9436928
9447829
9477123
9482895
9485036
9523205
9540777
9546437
9594441
9600980
9616138
9616163
9624533
9639429
9648554
9665199
9680337
9680349
9681821
9694699
9703001
9713591
9716602
9724755
9731482
9766500
9790509
9808573
9808577
9827932
9844825
9846017
9885982
9933140
9973924
9973952
10025907
10025980
10025981
10028848
10086743
10092126
10233389
10233872
10339604
10374852
10374871
10374873
10381524
10400416
10409430
10422627
10434126
10458233
10463613
10485469
10516752
10516753
10526538
10557043
10583275
10588740
10602437
10602439
10612801
10673329
10673755
10679915
10681437
10686950
10688900
10700861
10706619
10719368
10719372
10720155
10731590
10738298
10743082
10758153
10764144
10773450
10777208
10781030
10803509
10822761
10825008
10846829
10861817
10865968
10886213
10908648
10914547
10918392
10920186
10953429
10959098
10970858
10980622
10995463
11063808
11069023
11069025
11090074
11110714
11135434
11165319
11167824
11170279
11170441
11187895
11241789
11259575
11284033
11289128
11289145
11313484
11313693
11313967
11319806
11368362
11389089
11417488
11418481
11420702
11433529
11438682
11463848
11477655
11477664
11480574
11493704
11510203
11522644
11527155
11552977
11566339
11566351
11579461
11587234
11607819
11697487
11709535
11719380
11731795
11733351
11753604
11756182
11809673
11840285
11842107
11891048
11911106
11921290
11930009
11939265
11976948
11986236
11999359
12034519
12042701
12066788
12067721
12095151
12096348
12124344
12138900
12145706
12149299
12169632
12192052
12199778
12203795
12205094
12223315
12229886
12358913
12368154
12393557
12393620
12393701
12399976
12406912
12433702
12453418
12461747
12472570
12481904
12482966
12482972
12511424
12515728
12527918
12529663
12537982
12539741
12547160
12592336
12604431
12618766
12618768
12620410
12620411
12637319
12642866
12646957
12660026
12661012
12665971
12686606
12696071
12732503
12743608
12750714
12759922
12759925
12759932
12773566
12786810
12789274
12791658
12805060
12810254
12829790
12835743
12850382
12874781
12885463
12885467
12886243
12886247
12886258
12930385
12941810
12946992
12952893
12957280
12957285
12972812
14504097
14506704
14522254
14551139
14562113
14580777
14582077
14636557
14647461
14654972
14671638
14701735
14701873
14704031
14704037
14712291
14718661
14734237
14751928
14978788
14978793
14990976
14999297
15053868
15064866
15066323
15070702
15075073
15077184
15087374
15132992
15160920
15199122
15217837
15221006
15262427
15262436
15284855
15291802
15297313
15300405
15322560
15323147
15334549
15334550
15378024
15381373
15464450
15469385
15528316
15542854
15570305
15592432
15618957
15618964
15621793
15626757
15635450
15640349
15663355
15670842
15676155
15710585
15721641
15721643
15751040
15755504
15761502
15774615
15779005
15786493
15812362
15813846
15815718
15826832
15838403
15843819
15851483
15852479
15856011
15867425
15897884
15899392
15899395
15901957
15902291
15914356
15920485
15956279
15996915
15996925
16019540
16044313
16046533
16061630
16085566
16086288
16102580
16104873
16105754
16105757
16111539
16118769
16123216
16138343
16151462
16158928
16169901
16193084
16199523
16213369
16216576
16227968
16230385
16239140
16266898
16277845
16304577
16307022
16314519
16328057
16330435
16341046
16357144
16357833
16377807
16383239
16395430
16424866
16424875
16425025
16426929
16433901
16478880
16479159
16511515
16540167
16572197
16607274
16617320
16628191
16682951
16688745
16703585
16709517
16713978
16720556
16740782
16761017
16772125
16797254
16809075
16814860
16826222
16843108
16862118
16875930
16892064
16892314
16924642
16938579
16951254
16956839
16965385
16970032
16983345
16989693
16990610
16990798
17033956
17039234
17045204
17047146
17062917
17066095
17074587
17130830
17145626
17146554
17168535
17205059
17250889
17252016
17268512
17280715
17301807
17341662
17343201
17408461
17410185
17452254
17468513
17551948
17574968
17597811
17611665
17612494
17655725
17671196
17690691
17763464
17851550
17851551
17854664
17854671
17855633
17881645
17882281
17889710
17898714
17905612
17908926
17917979
17942707
17942916
17957188
17960638
17968322
17982506
17989711
18000862
18007578
18024407
18050039
18068539
18195096
18218047
18224407
18224408
18235233
18297541
18328947
18337764
18367831
18371366
18421958
18448165
18483194
18492691
18509329
18510699
18538728
18538732
18566324
18598942
18617060
18640063
18642054
18648010
18656699
18676843
18691319
18774953
18776924
18778367
18796627
18798113
18806775
18840606
18932267
18977321
18977325
18992643
19028982
19029444
19031738
19056693
19074864
19107484
19109563
19127363
19131787
19140895
19142993
19144982
19155294
19158831
19167614
19188669
19200802
19229974
19232721
19254855
19264358
19273288
19277575
19277576
19282462
19289854
19306356
19372391
19408575
19411627
19445675
19454493
19459927
19463768
19463771
19480936
19528237
19528532
19530238
19549311
19579075
19584403
19587093
19622092
19631984
19665789
19703992
19710696
19711340
19722759
19729989
19749093
19763085
19835597
19837277
19840468
19855078
19900863
19907438
19932689
19936877
19940862
19965632
19995953
20032505
20051780
20061019
20064463
20093773
20107154
20113834
20113838
20130599
20133587
20153263
20159561
20159607
20164851
20181089
20188661
20188723
20194896
20206559
20215641
20233657
20237425
20299091
20303016
20332322
20362031
20362230
20395419
20406979
20430967
20452361
20454944
20460131
20484083
20494928
20494936
20505276
20513125
20519822
20520634
20538812
20541477
20543578
20545580
20553989
20558618
20581860
20592248
20596032
20598370
20603585
20633769
20658337
20677349
20677832
20682395
20686504
20691474
20818375
20829716
20844554
20854876
20855524
20861917
20869771
20920256
20943269
20944671
20949272
20952059
20969867
20979663
20980053
21030982
21037944
21116279
21118195
21123966
21135279
21135858
21155757
21156284
21159644
21225911
21233834
21239865
21277021
21311557
21331072
21351416
21363964
21380697
21389315
21393911
21396712
21398221
21436082
21436736
21444110
21455483
21460034
21492935
21493871
21496004
21501132
21518888
21518926
21551233
21565404
21566656
21575000
21620472
21624810
21637660
21637673
21665178
21670200
21681937
21683083
21706045
21714766
21741597
21757616
21757704
21800415
21831428
21846973
21869488
21897075
21933859
21937695
21940819
21949608
21953510
21959947
21962339
21964340
21998658
22012064
22025528
22037578
22039304
22050635
22052166
22086294
22094247
22094252
22126283
22137486
22149207
22156147
22160057
22174154
22190943
22212479
22230297
22261229
22282267
22282493
22286128
22290420
22304832
22307741
22327296
22335556
22337994
22353710
22382894
22396593
22429121
22438798
22464800
22469984
22516260
22553314
22555662
22581003
22613471
22615413
22633751
22665135
22682626
22705992
22745659
22795537
22816611
22829076
22829123
22844666
22854283
22867873
22902925
22918121
22927255
22931641
22931658
22936661
22937304
22960594
22982777
22989411
23008312
23014531
23032693
23038103
23054645
23100278
23108137
23114129
23132946
23138183
23175472
23178754
23192982
23211007
23225048
23228943
23235145
23235717
23238285
23259788
23278644
23291497
23294096
23318960
23334362
23340173
23349306
23349309
23352661
23361907
23403319
23403462
23412334
23432364
23453805
23457195
23479570
23508102
23515098
23535558
23562474
23564351
23604034
23623499
23658959
23660685
23660854
23721514
23725386
23728610
23729722
23735562
23736260
23744037
23754336
23801631
23817177
23818607
23826732
23838347
23845437
23859904
23893660
23900238
23900528
23923644
23934122
23934123
23949951
23958920
23977266
23988911
23994619
23995757
24021671
24030729
24040009
24051379
24052708
24054986
24057258
24072099
24086652
24122813
24135275
24147083
24150221
24156419
24166297
24189350
24213472
24240200
24240202
24244196
24274401
24291127
24301523
24310817
24323992
24336127
24367003
24369920
24370025
24382688
24391143
24425691
24445817
24449215
24452147
24464103
24465000
24472025
24488769
24531733
24561789
24583627
24596216
24611505
24635524
24635731
24680668
24695851
24735921
24735925
24736461
24764564
24769646
24787275
24798483
24817983
24818805
24858818
24884312
24886118
24888273
24900672
24993360
24993876
25016062
25016802
25031740
25071008
25082813
25123802
25131304
25132265
25139354
25153425
25205603
25293777
25302748
25305204
25310983
25322685
25349154
25387813
25395428
25402609
25422805
25456127
25475940
25493458
25510485
25534202
25538041
25542209
25548462
25549805
25573381
25596271
25613690
25633166
25699572
25730765
25740345
25740828
25758097
25773519
25779046
25793396
25794446
25817203
25822366
25822367
25834909
25851557
25873167
25892123
25895667
25929198
25987377
25998713
26023620
26030291
26031523
26065558
26082270
26084867
26118502
26118503
26131423
26137584
26146805
26161385
26164398
26167872
26185637
26188848
26198043
26207776
26214902
26237430
26259760
26266519
26308138
26311362
26320581
26327698
26329759
26351841
26375248
26379026
26387756
26410102
26458432
26463423
26477762
26478434
26556690
26571505
26593443
26625313
26627013
26658107
26681762
26690532
26711339
26725110
26744767
26747896
26762252
26791235
26837759
26854025
26856288
26857438
26859074
26861104
26878175
26886794
26901613
26907630
26909360
26914337
26929642
26944543
26946771
26949571
26952838
26970896
26990989
26999444
27004852
27007052
27033163
27050521
27071307
27084248
27119507
27123834
27125308
27133822
27154821
27166066
27185517
27206664
27226986
27294782
27308325
27317766
27318442
27322816
27343252
27344946
27351222
27358875
27358881
27371576
27373985
27374225
27374717
27374720
27389053
27411579
27431573
27435003
27443263
27447986
27496968
27499138
27510896
27519569
27541268
27547725
27561414
27563068
27564129
27584789
27587254
27588400
27607576
27612428
27619068
27625305
27655694
27666791
27698462
27705736
27720555
27733077
27744293
27774582
27774846
27780967
27796741
27840424
27846384
27846391
27856324
27859216
27865805
27881871
28053194
28054140
28065413
28068328
28076791
28114278
28160335
28179274
28202522
28210005
28219220
28223935
28232907
28332262
28394257
28408741
28411381
28412727
28428443
28453885
28500307
28572162
28582914
28603984
28609652
28609655
28626219
28633016
28637661
28641618
28646565
28653617
28663579
28690313
28698205
28701730
28745571
28798069
28803964
28805231
28886273
28892146
28911906
28917156
28939057
28943239
28943635
28945229
28978671
29043883
29056538
29084774
29109446
29137234
29142068
29154208
29207581
29240787
29249820
29284071
29296788
29309032
29320732
29351983
29363207
29419436
29444865
29473433
29551026
29563185
29633759
29650777
29669269
29692408
29728108
29748211
29794792
29853461
29857126
29898879
29903765
29943896
29956546
29972300
29978456
30003105
30046161
30122014
30132801
30209403
30218009
30250880
30250934
30258531
30258537
30277109
30280786
30315824
30324339
30369187
30387535
30431598
30446944
30453100
30456365
30470795
30486594
30503706
30517884
30528456
30550850
30573454
30595549
30635633
30651276
30670779
30679325
30693017
30728174
30772833
30778134
30792205
30815012
30833276
30899083
30904444
30922345
30974389
30998132
31038019
31076406
31098676
31111759
31136005
31152896
31157223
31202576
31241561
31244110
31253180
31256701
31325323
31395602
31395741
31400126
31405949
31417187
31418364
31485071
31493143
31497350
31523525
31545325
31590682
31623653
31636956
31662917
31671855
31703129
31717699
31723780
31723783
31780813
31821784
31852898
31882723
31923859
31947537
31966776
31971998
31996673
32061883
32066721
32094460
32109757
32114880
32134843
32165482
32179751
32183947
32216001
32242051
32294539
32300400
32302696
32304759
32319363
32320750
32320859
32329934
32338903
32347296
32348849
32358078
32376390
32389825
32398749
32437911
32450905
32460032
32488115
32517300
32529062
32533093
32534041
32551023
32552847
32552926
32552935
32589720
32632269
32636368
32646642
32672172
32698374
32733069
32764680
32766858
32795105
32845001
32882610
32892217
32924108
32931582
32945449
32997997
33035331
33037410
33054052
33069783
33144337
33157274
33205680
33211832
33220260
33302022
33380450
33431365
33452395
33477970
33495397
33503260
33512459
33562706
33581643
33583020
33599085
33618250
33627486
33667892
33705482
33706768
33708893
33841673
33842376
33924850
33948382
33967269
33979989
33983906
34012049
34035431
34105966
34111240
34154170
34196551
34201500
34217651
34222016
34236108
34247380
34251718
34263728
34278496
34298117
34304246
34320268
34321607
34349066
34354240
34381018
34431785
34469078
34482632
34489550
34497239
34525185
34551297
34580387
34591430
34594227
34597364
34627412
34646384
34650294
34692539
34706236
34726905
34760618
34788926
34789717
34821939
34824279
34877491
34938655
34954522
34971957
34979982
35004749
35017466
35022500
35091682
35103242
35108652
35158754
35202550
35245435
35331314
35332778
35402256
35456315
35468015
35468859
35499757
35500545
35511186
35534777
35535819
35552536
35571127
35577689
35609423
35612819
35618797
35713168
35730653
35796397
35834280
35839448
35844991
35874469
35941657
35947126
35953314
35974319
35981137
36003510
36003783
36005562
36065180
36072977
36098964
36108631
36111497
36142452
36207856
36264143
36266959
36276286
36307883
36319643
36321792
36335100
36402263
36435883
36453131
36461002
36476895
36503469
36565795
36598580
36627892
36629017
36632737
36705973
36709175
36715125
36763502
36774506
36819153
36970726
36979904
37027891
37072438
37102614
37142078
37190104
37228781
37257211
37295428
37379335
37419090
37423893
37427069
37460547
37492738
37520776
37546802
37551464
37554190
37626123
37671980
37679565
37720104
37741948
37756522
37767575
37788669
37820244
37833915
37891368
37969368
37996430
38016946
38048400
38050244
38101400
38102754
38204268
38229604
38242196
38352423
38374003
38452334
38555405
38671157
38678092
38682900
38693103
38798640
38829886
38877874
38960040
38963485
39002676
39093982
39099728
39152521
39231961
39386761
39451130
39472576
39479812
39661677
39684470
39705535
39711012
39713447
39757697
39844759
39877348
39877387
40102405
