8034324
8414510
15188459
15381384
16001262
16450356
18068534
18371451
18474298
19000783
20159978
20348416
20497176
21474990
21844580
22448917
22885124
23594338
23762261
23772754
23891621
25130479
25843568
28282266
28595195
29164580
30894666
30953031
31205223
31273053
31701557
31745420
31776511
31966817
33419897
33469688
33871895
34174329
34330316
35429189
35506873
36452349
36472792
36930260
37944866
38143534
38162585
38261467
38389449
39503060
39626355
39633068
39716999
39749706
39804120
39834944
