7625279
7789757
8530104
8594339
8756642
9224597
9294039
9418873
9435246
9705271
9708741
9755192
9799249
9845359
9845372
9858579
9871118
9931460
10205255
10219078
10346816
10373582
10391882
10503020
10508516
10523656
10581236
10757758
10801460
10811102
10811629
10823903
10835381
10855503
10888888
10908350
11029422
11113202
11196167
11238951
11238998
11371344
11418077
11430828
11436290
11454871
11470800
11486038
11511367
11533665
11553325
11579462
11741545
11741547
11756691
11779786
11805044
11809878
11832209
11850399
11916980
11959125
11988766
12007281
12011090
12052775
12118365
12124628
12135616
12151226
12152085
12351580
12354779
12368497
12384589
12407179
12459448
12467970
12509260
12509295
12509296
12556560
12660252
12684226
12687013
12760040
12760056
12791148
12944482
12966088
14522986
14532083
14612421
14657032
14684699
14690604
14704353
14710187
14747472
14988932
14990749
15026416
15034299
15039997
15047855
15048091
15064416
15126391
15138496
15165861
15180989
15195509
15195510
15234984
15258261
15269180
15279769
15296751
15296753
15309560
15319296
15337312
15380107
15467456
15485933
15509680
15509802
15574463
15653682
15654094
15721260
15741314
15757898
15767676
15790808
15811632
15845385
15852023
15858005
15890904
15908798
15937485
15964827
15970664
15970667
16020777
16043424
16103189
16116037
16143598
16163361
16285919
16287875
16330708
16357220
16374507
16417627
16431910
16542220
16601701
16622404
16788144
16793391
16793406
16857186
16905549
16948520
17121922
17169801
17202845
17262197
17291760
17321803
17337132
17349953
17396017
17429352
17431132
17477953
17526493
17534377
17558733
17591703
17674145
17693401
17694070
17698079
17700069
17700070
17706468
17713585
17715134
17898048
17932350
17936710
18025084
18040525
18042458
18056440
18066087
18176557
18177684
18234271
18243819
18245357
18256278
18285453
18293007
18294364
18295552
18335232
18353955
18378696
18381424
18411308
18418078
18502851
18539077
18596698
18632984
18652530
18693109
18765539
18772547
18829552
18830935
18854157
18854158
18956751
18957200
19029802
19150433
19150506
19165339
19219009
19244322
19270065
19279141
19383352
19395852
19396455
19520832
19593371
19609304
19629035
19633651
19633668
19633669
19654615
19667076
19672857
19709933
19744924
19804755
19809539
19892829
19910469
19917125
20023418
20040573
20065069
20122942
20144564
20224574
20410660
20421597
20422424
20620949
20647759
20682289
20811461
20814230
20814231
20827456
20834227
20843819
20876831
20935632
20956948
20974981
21035407
21050828
21060845
21081488
21098122
21102445
21146476
21252998
21290468
21300766
21387297
21441914
21458667
21511873
21565612
21619594
21623170
21677273
21699368
21816818
21826105
21876003
21892167
21893433
21899737
21900052
21931565
21937514
21946569
22002605
22039049
22078559
22102415
22130795
22139015
22139912
22179609
22210882
22231403
22319209
22447567
22525466
22705791
22740413
22798142
22833675
22914783
22937147
23046361
23080121
23089312
23145964
23213480
23349304
23368512
23388631
23443654
23468519
23525106
23530059
23555316
23589858
23793712
23912341
23954013
23979587
24079363
24093751
24095737
24120666
24191051
24205310
24215868
24220101
24297933
24316220
24332946
24529708
24531464
24533124
24534091
24553123
24625413
24927325
25016281
25063542
25077970
25107472
25213441
25231868
25310185
25320294
25343618
25447316
25474106
25567982
25569305
25576492
25662961
25788520
25831494
25938776
26056972
26057807
26209132
26215093
26232174
26240375
26275776
26319016
26358508
26492073
26519827
26525166
26538284
26541955
26545073
26545079
26627254
26717941
26721347
26723870
26724682
26743002
26872382
27084932
27173583
27311583
27314941
27325741
27571435
27708105
27746018
27783279
27798884
27814490
27814491
27889449
27912094
27930716
28073364
28076792
28128338
28133604
28292918
28363998
28369484
28430817
28436950
28446302
28512243
28579617
28641314
28757209
28819025
28867292
28886051
28967905
28970327
29038425
29321177
29321179
29324736
29361783
29420790
29458756
29523233
29532862
29547809
29651020
29678143
29695495
29709199
29741662
29851556
29917110
29922906
29973640
30052627
30057197
30104346
30166519
30176843
30277537
30464262
30501098
30535026
30584599
30597046
30657944
30698745
30769804
30783677
30787182
30819891
30885775
30989233
31147924
31221177
31285322
31353207
31390569
31413753
31492634
31537797
31767017
31983050
32010608
32203168
32211858
32246962
32480356
32487663
32496651
32523988
32541055
32668560
32896617
32966758
32981006
33086066
33121960
33195247
33210317
33216839
33240783
33278361
33287434
33288030
33300987
33339169
33378670
33406426
33531658
33531947
33556205
33558481
33571423
33734109
33782469
33836577
33921638
33927349
34022282
34038735
34075539
34281845
34311383
34348893
34390933
34440334
34473993
34559557
34771723
34782604
34871413
34881184
34910513
35054780
35084331
35164752
35292537
35501303
35629265
35654385
35853939
35987200
36030235
36050397
36138131
36324569
36383379
36400008
36436562
36477079
36500714
36547079
36552858
36563124
36577401
36669476
36688483
36736531
36892213
36982687
37034578
37098896
37173905
37446144
37569756
37696958
37759323
37778443
37805499
37828221
37906581
38123020
38128537
38144537
38160258
38200309
38217957
38321948
38349040
38407383
38443562
38581679
38649452
38686720
38810854
38866962
38870937
38888340
38894566
38924040
38926338
38943005
39032645
39174552
39185212
39268582
39471321
39630591
39705374
39711558
39752632
39793442
39872378
39879120
39888281
