1334021
7521009
7550317
7585562
7628020
7713503
7797014
7838728
7851796
7881445
7923193
7973733
8066446
8156592
8252616
8600025
8631743
8674041
8695231
8706033
8723353
8725224
8805366
8816473
8849883
8880570
8946971
8993976
8993979
9018043
9034308
9071575
9087566
9116269
9207118
9215683
9242462
9244348
9256462
9288110
9288785
9307278
9342879
9368761
9425892
9439571
9448296
9490293
9506527
9520271
9545323
9559626
9600339
9607916
9697843
9751765
9841970
9843200
9858548
9871115
9927509
10023327
10037468
10051005
10066781
10067210
10077621
10080187
10097137
10101166
10190329
10347163
10358035
10369687
10378595
10394915
10397740
10432927
10469597
10480869
10501974
10518225
10523644
10530347
10573010
10581038
10594017
10601588
10602475
10606228
10612836
10625070
10644444
10659795
10662804
10688836
10720737
10778972
10835383
10866310
10874005
10874318
10882115
10918391
10954713
10970737
10978352
10978353
10999751
11005803
11044352
11046134
11059773
11122116
11138465
11139242
11150379
11152565
11231323
11241897
11260232
11290705
11291077
11306449
11313985
11333218
11369138
11376026
11385712
11391585
11409565
11416201
11507063
11523800
11532035
11550901
11555625
11585736
11593414
11600610
11604476
11604984
11606365
11641390
11698339
11748856
11754112
11809679
11828012
11830542
11857745
11859205
11879922
11890935
11896123
11918085
11920650
11929830
11956307
11972333
11973647
11986324
12067992
12101417
12118112
12185594
12203789
12209975
12214270
12222686
12234974
12244177
12352241
12362047
12373605
12414824
12435741
12454801
12489114
12494471
12509278
12529969
12531017
12531020
12531021
12531022
12549480
12554681
12582944
12584170
12584560
12610360
12624141
12627520
12649668
12655562
12655568
12658575
12684669
12687013
12694232
12743174
12750325
12754350
12801268
12810667
12820877
12869651
12875840
12930688
12938096
14499697
14504054
14512394
14517962
14530450
14534898
14563316
14568978
14574162
14576827
14635101
14646573
14657349
14701736
14706347
14712231
14735197
14744764
14871915
14960518
14961575
15025965
15042510
15044851
15118395
15138486
15161053
15199178
15222003
15235030
15235034
15289847
15300970
15300972
15300982
15336630
15340835
15350299
15365995
15365996
15483016
15488992
15503820
15527911
15533840
15563510
15571801
15578423
15650878
15654114
15679831
15710654
15713769
15746000
15781695
15782118
15811858
15814658
15831578
15834612
15849733
15862756
15870828
15914206
15920474
15926618
15942939
15943554
15945244
15947132
15949572
15951966
15955838
15991307
15991308
15991314
15991315
15991316
16003840
16025128
16086322
16106253
16126329
16156026
16166287
16166656
16199548
16214425
16216036
16237223
16251890
16311127
16314305
16331258
16331552
16337600
16341550
16341804
16372347
16381012
16395668
16397301
16405554
16423994
16451135
16456782
16500024
16540742
16541406
16542391
16600868
16619529
16676398
16696788
16706114
16710035
16710977
16728433
16781730
16783774
16786041
16803540
16826164
16830052
16837128
16894013
16908935
16951683
16985024
16995940
16996571
17003395
17011982
17039271
17051350
17101317
17113727
17128465
17157869
17165155
17192056
17224235
17228328
17250661
17250671
17297472
17331550
17333219
17370310
17414604
17417778
17457197
17483304
17531106
17555131
17569143
17596548
17601929
17636021
17653898
17661183
17669695
17720936
17724798
17846123
17849149
17922223
17941949
17942459
17982623
17987798
17996701
18059451
18181177
18262734
18265645
18330910
18335504
18370958
18381419
18383312
18393252
18406877
18461468
18470917
18521406
18556772
18561205
18581137
18629513
18635600
18674656
18708397
18772310
18781192
18781619
18787700
18805575
18822302
18951462
18955159
18955167
18986375
18999873
19015635
19047842
19098912
19100506
19101824
19153972
19164453
19254532
19267393
19282251
19320425
19377479
19390556
19398597
19419416
19435918
19436705
19476642
19486659
19526325
19545867
19553545
19596785
19602866
19639020
19669161
19669601
19690966
19697156
19698169
19706203
19728162
19760518
19804602
19818066
19834615
19837692
19843605
19861524
19863818
19901081
19911012
19930554
19931261
20025921
20028567
20032443
20049736
20080735
20089866
20095990
20104243
20210238
20223108
20227038
20305446
20332274
20388775
20421420
20445804
20564624
20567595
20591884
20672385
20686871
20708344
20727894
20812239
20846263
20850175
20923998
20936178
20937110
21029181
21034533
21073906
21093899
21093954
21128252
21155023
21227399
21242524
21307385
21309037
21354521
21358597
21360204
21419771
21425258
21431882
21473113
21528083
21528244
21590118
21601892
21615986
21642682
21667017
21681552
21703420
21725088
21726567
21732224
21766496
21778331
21791569
21804017
21809660
21837758
21926548
21937421
21946537
21960445
22011075
22039344
22067334
22086303
22086974
22102614
22152609
22173703
22188959
22219001
22234272
22265839
22277660
22283331
22285073
22371642
22386861
22447450
22453149
22465156
22581703
22614019
22669205
22775459
22781090
22892529
22933969
22938864
22970194
23045530
23084580
23143036
23170986
23213089
23229822
23231927
23248292
23255516
23261051
23376256
23391514
23454724
23485110
23570624
23595612
23729658
23741483
23760103
23810210
23857323
23984319
24038355
24039744
24090359
24114314
24122742
24130133
24138903
24185125
24212987
24333619
24360395
24400091
24403070
24501230
24530475
24550389
24562863
24746922
24761869
24874052
24882211
24919261
24924810
24933000
24966277
24981171
24995467
25036629
25106712
25107687
25200962
25232430
25255306
25295100
25301661
25371881
25429050
25431426
25485184
25490383
25503122
25761822
25978431
26022687
26025730
26053027
26076155
26077460
26083967
26088318
26381082
26385421
26446363
26498247
26577210
26728996
26799366
26805313
26951660
26975374
26975740
27036951
27247567
27261510
27413415
27468915
27476972
27546332
27602174
27629256
27693945
27805738
27825302
27873144
27896849
27977020
28004223
28008145
28066361
28125613
28126685
28207084
28293308
28528517
28537674
28577310
28591715
28667494
28705114
28779004
28785832
28790115
28819700
28819720
28856790
28903413
28974240
28983945
29181059
29302048
29342268
29362915
29383008
29405992
29533809
29568967
29575718
29581110
29660012
29690800
29715107
29874113
29899141
29936769
30044143
30057573
30061603
30149959
30237169
30238922
30397068
30402230
30414698
30470617
30481381
30486602
30499618
30655874
30710526
30723092
30789355
30798936
30802454
30803214
30806579
30882153
30968502
30998989
31029155
31126976
31209634
31237724
31248416
31323602
31351707
31391280
31433521
31437759
31442315
31480444
31655866
31660093
31686054
31798786
31889830
31926173
31938267
31971785
32002723
32039937
32154170
32161499
32449172
32575404
32611652
32637358
32659967
32668864
32853479
32870824
32902747
32935357
32940945
33003511
33112435
33142697
33191490
33224963
33242073
33319999
33357406
33411254
33414469
33465114
33525990
33615670
33640455
33734109
33789420
33822432
33837488
33848333
33866195
33874956
33886538
34055602
34059744
34080969
34108644
34203177
34225823
34249727
34440341
34471491
34503257
34572889
34759969
34761252
34837403
34859104
34877027
34894395
34895278
34906453
35008387
35081740
35100712
35155497
35260566
35279875
35311082
35368899
35386111
35402912
35487642
35583999
35632694
35648235
35741815
35779530
35897048
35918739
35990637
36011265
36051725
36073783
36113988
36122480
36434146
36484308
36518767
36603026
36612224
36861360
36894311
36915797
37013349
37083479
37140056
37314143
37314251
37420004
37434947
37445734
37538120
37642881
37657688
37685569
37692022
37745359
37776019
37806399
37872134
37914149
37919876
37928863
37930834
37957483
38016120
38107455
38137434
38297350
38389973
38439724
38696002
38784900
38870667
38915709
39284259
39436407
39440242
39483035
39516038
39516859
39552452
39596580
39652464
39696980
39748562
39767815
39790027
39807593
39894875
39934617
39948959
39949324
39964762
