8600025
8631743
8723353
8816473
9307278
9354786
9390556
9520271
9545323
9560383
10037468
10347163
10358035
10480869
10507723
10508506
10518225
10521294
10537275
10545954
10615127
10644444
10659795
10662804
10706084
10835383
10954713
10965560
10970737
11005803
11153917
11245474
11306449
11333218
11333868
11593433
11641390
11691815
11709755
11717437
11746986
11809728
11830542
11972333
11986324
12019211
12222686
12370835
12414824
12435741
12509278
12610360
12649668
12732731
12820877
12945748
14512394
14520694
14530450
14574004
14585961
14632208
14767555
14961575
14974087
15098177
15199178
15208683
15236168
15238604
15238605
15289847
15324697
15340263
15354210
15365995
15483012
15483016
15571801
15710654
15717409
15746000
15805151
15811858
15939880
15942939
16000562
16106253
16214425
16237223
16283678
16283884
16337600
16407100
16418736
16525781
16540742
16600868
16618598
16618716
16728433
16837128
16940983
17015724
17039270
17117178
17141577
17157869
17199584
17259933
17323113
17339220
17404084
17417778
17498565
17531814
17557300
17567610
17573527
17615258
17653898
17718861
17854147
17920897
17942459
17996701
18030674
18059451
18067074
18236172
18269114
18301448
18409202
18417481
18484749
18521406
18538799
18566915
18625694
19029948
19164453
19173809
19194194
19248684
19254532
19282251
19320425
19486659
19492230
19526325
19582761
19584161
19685280
19793570
19804606
19843605
19851887
19924528
20015892
20028567
20028993
20080735
20089866
20104243
20223108
20487569
20567595
20587412
20632815
20696460
20727894
20850175
20924129
20934970
20936178
20937110
21075794
21081928
21107085
21155762
21240077
21307385
21334712
21425258
21431882
21437237
21515405
21642682
21674763
21710692
21726567
21836479
21837758
22102614
22152609
22219001
22250089
22277660
22283331
22484182
22495361
22581703
22672937
22734033
22814321
22851212
22892529
22918162
22920205
23045530
23057844
23143036
23164213
23228367
23314153
23365123
23391514
23570624
23621914
23729658
23810210
23957009
24040339
24072394
24090359
24100870
24357391
24622885
24919261
24924810
24926095
24981171
24995467
25078279
25255306
25287593
25318681
25380764
25431869
25503122
25761822
26099011
26130599
26181448
26446363
26799366
26805313
26805314
26933426
27090025
27446556
27468915
27486176
27491556
27803051
27805738
27928858
28232158
28293308
28323777
28387323
28451866
28466842
28481244
28523262
28528517
28531214
28701629
28900805
28922847
29302048
29342268
29345684
29366782
29449434
29533809
29575718
29795439
30024425
30136158
30147880
30237169
30238922
30283497
30456894
30478893
30486602
30498870
30629136
30629137
30629138
30629139
30630526
30631111
30665938
30723092
30789355
30798936
30816297
30867843
30974197
31100584
31116268
31209634
31480444
31557488
31660093
31702654
31783044
31815888
31845022
31851094
31855955
31889830
31926173
31945543
31965077
31971785
32061754
32240831
32325698
32449172
32519314
32611331
32615015
32664968
32923878
32939843
32949329
33094597
33181035
33191490
33319999
33411254
33422121
33516942
33568103
33811277
33977078
34018286
34377707
34445333
34503257
34519923
34584885
34619876
34837403
34895278
34941572
35172941
35346574
35693981
35708944
35855666
35868444
35903677
35918739
36051725
36073783
36075656
36122480
36151955
36189922
36289196
36387226
36582237
36612224
36691871
36801211
36927854
36931573
37068662
37167869
37307877
37314143
37318702
37776019
37787493
37928863
38016120
38137434
38139447
38297350
38390329
38401766
38416847
38535218
38584802
38722212
38826483
38840222
38870667
38968511
39003369
39161380
39168426
39334517
39387980
39436407
39471035
39516038
39807593
39863527
39894875
40013688
40069757
