7607577
8083195
9291440
9929979
10206283
10226007
10811997
10840944
10967548
11325822
11474200
11483358
11689291
11783065
11804687
11856890
12167865
12431981
12527756
12639951
12650603
12684630
12903788
14735193
15095300
16172399
16244788
16424981
16617102
16630134
16646402
16703414
16733204
17401724
17469181
17671180
17922032
17922035
18196870
18264140
18359692
18640824
18679832
18719363
18836297
18949081
19363681
19377441
19524276
19575142
19805145
19810103
19837670
20010875
20022949
20071335
20427275
20697987
20702415
20717904
20797327
21156794
21336715
21364872
21595884
21725997
21813470
21837953
21892752
21949998
21965678
22176993
22203674
22270359
22286760
22547301
22576802
22644675
22841502
22844865
22864797
23227138
23328467
23343746
23580571
23592142
23618874
23718732
23900262
23941622
23988701
24014614
24214543
24265228
24920672
24938356
24970816
25057074
25205035
25245523
25315816
25315817
25319202
25332145
25344802
25352341
25359582
25359583
25416046
25447541
25501238
25502548
25644400
25688501
25705708
25797255
25948590
25998575
26036628
26168722
26229486
26359099
26503703
26543080
26689197
26698569
26773124
26797758
26878004
26893013
26943043
26968810
26970310
27044752
27048111
27052252
27082164
27144666
27603575
28231399
28288133
28314778
28331345
28415616
28418915
28443468
28504714
28506766
28631568
28651835
28686969
28739699
28915537
28927077
28982712
29024573
29042910
29061215
29125886
29130361
29573865
29587281
29635894
29949275
30013189
30027683
30139027
30170442
30268463
30314706
30327463
30396299
30596107
30610787
30631898
30642362
30651530
30745574
30782165
30979652
31152708
31270819
31281798
31486481
31487842
31570164
31783401
31811272
32252197
32435614
32458989
32494199
32522342
32566016
32632610
32901005
32934739
32964942
33059651
33145366
33163266
33309059
33767442
33825865
33987368
34007331
34019948
34182519
34307133
34337713
34531686
34675064
34779499
34887664
34924813
35037193
35117510
35338654
35350571
35369814
35390106
35490918
35534547
35547075
35642705
35764613
35792131
35944414
36041657
36434787
36457544
36551523
36575438
36604405
36628289
36658132
36689059
36762556
36786127
36844464
36895973
37349877
37442756
37467663
37750502
38027039
38309681
38613589
38647380
38890757
39154024
39173720
39216746
39355129
40087679
