1544326
1547794
1696013
1819523
1868255
1923515
1979025
2065336
2068135
2160970
2487149
2576758
2829178
3281804
3919890
4650879
7737128
8039161
8183937
8312738
8528279
8910512
8980549
9006933
9011094
9012818
9055608
9193077
9312094
9368419
9372243
9450341
9628022
9630222
9664718
9678577
9680994
9681014
9693152
9839469
10022815
10341084
10353220
10378698
10394903
10521515
10589676
10644447
10645718
10652136
10743663
10744766
10766162
10770937
11034064
11148285
11148294
11290293
11420378
11511543
11549766
11552989
11581165
11597504
11781832
11805344
11848471
12096093
12119395
12172034
12354938
12505618
12509522
12602863
12645566
12695567
12777054
12834870
12956532
14523250
14580676
14675440
14690508
14756320
14761679
14966247
14997303
15010621
15144381
15237103
15247409
15272871
15316114
15347654
15361138
15540222
15592750
15595638
15599593
15604096
15604742
15618219
15694308
15708343
15790677
15795220
15807784
15821875
15921375
15935814
15969024
15994234
16005291
16005292
16155180
16198555
16207757
16384897
16446312
16460676
16461764
16463103
16507081
16531467
16531495
16571632
16603655
16616857
16640595
16709193
16817019
16941210
16977606
17012405
17015446
17044043
17053893
17115250
17181777
17217461
17293435
17347131
17376813
17397551
17419845
17435759
17452517
17521412
17526919
17548334
17588787
17592125
17614109
17644729
17659053
17690249
17712044
17761750
17766401
17914176
17927693
17931617
18026132
18070937
18094747
18161007
18202001
18280199
18305006
18312540
18317777
18326828
18338155
18397371
18434419
18476782
18532977
18574464
18575582
18644155
18647406
18667698
18697826
18711121
18725377
18771575
18780729
18799215
18818702
18838801
18930885
18974195
19017117
19066902
19091872
19129169
19147790
19232042
19232308
19291067
19306102
19309462
19368693
19375343
19383908
19395405
19528534
19566814
19592510
19609274
19615744
19703423
19741049
19779693
19825656
19841262
19878461
19881525
19943474
20003220
20118109
20157728
20177074
20183921
20231497
20302676
20305120
20331973
20345602
20348214
20390294
20422209
20427511
20472475
20490502
20531406
20584286
20622156
20622511
20647765
20659323
20661587
20674465
20675570
20702610
20734103
20813039
20855520
20858731
20951056
20955415
21030505
21046410
21069464
21097474
21148321
21164292
21205033
21205891
21235651
21252985
21270603
21285328
21296997
21304174
21304178
21324728
21352232
21385855
21443626
21447791
21474671
21474993
21477080
21477081
21480327
21551388
21566002
21572406
21585571
21597961
21618541
21683773
21707804
21750041
21750236
21901247
21901277
21908441
21934119
21948968
21976542
21987119
21988539
21998171
22067744
22070454
22083650
22140235
22168948
22186184
22186784
22187170
22238422
22297127
22301384
22307206
22307644
22350156
22395576
22405592
22489163
22492511
22499185
22505352
22566493
22579713
22619121
22634104
22708996
22719841
22738953
22776508
22852874
22853316
22874877
22904269
22915737
22936743
22936984
22952851
23046089
23048128
23048163
23050870
23051146
23052594
23056166
23094636
23096157
23125348
23157553
23167465
23184474
23251677
23271373
23275577
23324587
23326563
23328083
23340802
23341595
23387304
23398943
23425305
23447105
23483952
23539153
23547108
23555285
23555295
23564201
23568403
23606399
23617716
23638688
23647377
23660402
23689749
23689818
23690543
23725736
23741471
23791732
23792303
23800660
23809151
23840353
23855375
23873993
23881053
23888064
23910958
23910994
23911125
23922694
23936468
23950843
23994293
24013078
24039895
24060295
24075958
24118612
24121275
24143216
24147899
24151295
24199943
24204619
24205014
24283570
24299194
24302647
24306138
24368785
24375404
24388610
24393776
24400899
24410806
24431500
24440241
24453228
24459895
24460533
24486218
24502199
24576033
24595269
24614105
24636909
24639887
24659329
24659995
24667352
24667379
24725266
24730512
24732452
24756881
24771765
24782874
24813725
24821954
24828206
24846090
24852237
24860184
24860186
24885077
24893956
24906444
24923676
24957897
24959169
24977183
24978855
24981831
25008995
25084696
25132385
25146486
25195053
25217885
25231743
25249410
25249778
25250741
25268379
25279462
25308019
25329638
25339964
25369033
25375352
25381126
25406246
25414715
25436858
25437348
25443831
25457385
25488618
25534543
25543088
25551393
25577424
25587024
25611095
25613160
25616133
25646816
25647576
25657343
25659381
25659750
25667003
25670873
25671128
25698665
25739699
25754973
25782156
25791525
25840349
25848708
25849990
25853889
25857263
25857824
25920996
25928412
25931522
25963073
25981047
25986050
25991736
25999964
26002869
26010918
26022254
26025528
26047035
26076064
26089205
26111005
26115549
26142104
26147429
26168981
26184177
26231207
26248336
26260631
26308378
26308527
26332741
26339713
26345884
26360633
26377817
26448466
26484765
26497001
26556011
26566917
26578112
26600674
26622903
26631070
26636625
26656847
26657649
26687179
26692488
26703384
26705183
26711587
26714735
26734027
26734052
26758286
26779194
26800702
26802248
26810070
26812885
26829586
26829750
26829751
26849670
26851182
26854848
26858726
26872835
26884602
26888403
26905954
26912258
26913794
26937281
26969893
26974847
26985867
27004683
27009386
27009595
27016098
27021383
27038155
27047502
27056246
27089475
27098811
27107393
27117569
27150054
27161149
27162196
27174194
27185061
27185473
27200050
27213588
27220777
27246849
27259636
27279646
27307595
27323089
27351386
27354262
27364458
27364496
27368149
27385816
27407139
27419658
27424029
27429646
27489236
27491495
27493658
27542160
27565983
27573926
27581206
27594918
27601730
27613381
27622014
27635336
27695460
27748374
27754335
27814568
27818667
27825968
27859477
27866313
27869347
27899693
27973981
28012106
28018399
28051907
28061449
28085142
28098399
28111278
28115495
28126679
28134766
28160379
28167824
28190292
28223999
28234982
28280727
28285084
28323779
28330149
28331227
28332727
28335521
28337212
28344318
28345675
28361591
28386931
28418072
28421329
28423209
28429079
28444194
28452060
28460279
28483879
28489859
28490275
28496196
28498281
28500913
28549191
28575507
28594149
28602696
28637218
28640249
28642775
28649093
28654660
28659964
28668094
28676568
28681945
28690154
28698552
28719465
28727172
28732175
28733420
28748638
28757414
28769969
28776091
28803398
28830364
28848578
28878490
28894575
28906468
28922762
28922763
28954282
28954283
28959277
28965159
28973440
28983314
29016897
29016915
29023752
29027668
29047144
29089643
29100304
29135517
29149328
29149504
29157199
29163590
29163593
29169327
29186488
29187861
29203778
29223332
29227829
29231869
29233926
29243184
29266327
29301041
29316424
29316427
29317678
29357825
29385617
29394372
29410490
29411384
29529275
29562362
29597321
29616054
29690954
29704378
29704633
29797449
29845372
29854289
29872532
29882219
29882778
29892898
29927971
29929211
29971083
29987002
30003572
30011913
30014159
30027386
30054966
30065741
30067292
30076175
30080636
30120059
30133116
30167900
30176084
30177851
30200835
30206227
30209067
30222199
30227384
30242535
30242914
30252877
30269389
30283465
30308079
30323824
30335887
30382438
30390602
30448057
30448862
30458720
30466599
30496505
30527239
30544851
30553138
30566447
30576529
30591695
30596073
30599775
30607439
30648007
30665363
30666265
30685697
30688075
30693006
30697496
30704824
30725168
30729012
30732564
30755473
30759319
30782964
30791875
30798172
30823465
30833639
30833955
30848347
30854068
30858135
30860996
30873196
30877169
30896785
30912865
30925437
30968143
30969771
30971760
30974511
30987595
30994176
31001477
31002246
31009122
31021017
31025251
31028361
31035916
31037550
31066170
31071215
31084451
31087356
31128265
31131506
31137877
31138842
31145998
31188936
31189999
31245756
31250952
31261791
31261872
31262258
31265465
31275003
31275007
31300139
31301736
31310107
31357245
31358471
31366107
31400117
31426421
31426743
31426752
31472956
31475040
31481212
31500571
31505929
31514380
31530734
31550433
31550522
31554868
31559426
31563982
31569557
31576246
31590246
31591728
31595312
31606723
31623091
31625612
31635348
31647169
31652509
31658678
31667857
31681342
31683873
31692816
31699028
31728530
31733060
31736999
31758945
31768017
31814984
31827114
31848246
31852429
31857171
31877778
31882723
31885871
31891862
31899636
31910327
31928012
31928668
31933260
31962068
31983878
32001675
32014461
32024128
32061092
32078899
32082343
32082354
32099638
32110480
32112124
32129912
32154880
32155414
32160713
32213273
32213912
32224874
32230872
32270430
32291329
32312227
32327705
32387854
32388883
32391931
32392327
32406163
32407419
32421756
32435501
32439375
32439918
32446917
32447424
32457776
32460035
32471942
32472264
32480864
32480871
32487142
32493275
32517318
32526676
32555699
32563471
32585553
32589128
32603687
32631234
32634254
32637124
32637581
32653482
32654333
32655308
32661670
32670334
32680975
32690599
32696979
32719499
32723808
32725154
32730299
32732364
32732690
32741241
32755585
32770739
32771147
32771159
32772141
32785037
32795581
32818635
32824291
32842576
32844153
32857249
32861783
32862020
32867110
32880946
32900449
32943464
32951068
32953268
32964301
32979888
32987264
33021974
33042196
33051877
33082969
33089345
33100714
33111423
33141360
33161505
33165092
33171044
33171489
33178243
33180704
33183233
33187168
33193471
33222243
33225586
33244923
33288017
33316467
33347291
33349231
33367930
33398463
33404542
33407591
33408738
33424877
33424880
33450345
33451355
33488646
33502632
33518700
33527899
33547660
33562564
33611795
33619339
33624810
33637673
33637692
33661169
33668082
33673010
33693812
33704646
33719296
33719427
33732019
33749265
33790254
33803587
33808132
33812412
33815136
33819564
33825878
33831169
33897722
33897745
33903675
33949074
33955486
33958723
33980539
33993245
34020168
34031889
34034870
34034872
34043829
34052932
34063617
34091621
34117570
34136563
34145334
34164229
34177150
34193856
34200125
34204365
34212378
34237433
34238224
34249063
34256093
34263934
34271176
34286904
34294027
34319425
34376711
34381467
34386027
34396658
34404342
34413870
34440718
34487243
34489986
34493789
34502445
34507760
34512725
34519881
34527006
34534587
34551972
34555399
34560901
34573020
34588425
34588717
34588881
34594352
34601645
34608238
34616668
34618124
34625959
34630475
34634129
34646766
34664645
34681588
34681950
34716496
34721453
34743252
34763879
34769317
34777449
34798465
34817657
34819942
34824549
34830276
34837075
34844417
34876130
34879821
34896231
34898477
34899620
34912363
34915342
34916289
34921182
34921493
34925411
34938350
34948043
34951242
34956289
34961136
34975967
34978004
34979911
35008207
35009142
35022522
35023174
35032593
35043961
35046974
35069652
35074330
35081355
35088377
35095984
35096852
35099606
35108591
35111187
35122280
35135230
35136029
35163716
35176941
35178913
35186015
35205272
35214840
35216373
35216440
35220431
35237467
35269917
35277905
35298644
35305581
35310663
35317200
35328800
35341461
35342951
35353899
35356120
35368048
35391595
35395726
35401601
35406726
35408476
35408785
35444404
35452706
35477355
35522890
35524823
35534253
35547255
35563237
35565392
35574540
35591925
35596722
35596728
35631794
35640137
35653587
35670850
35676625
35681121
35682553
35693212
35701743
35712587
35713501
35720610
35724645
35727368
35738530
35741184
35779251
35781733
35797979
35812927
35812930
35842782
35869448
35873471
35873492
35887009
35893632
35897779
35898558
35937322
35937860
35954356
35968130
35978192
35982692
35995002
35995835
36011387
36012533
36012606
36012693
36038740
36074230
36074655
36084765
36110041
36140738
36142448
36147236
36160970
36160974
36167770
36171500
36209052
36209364
36212379
36232967
36233003
36233158
36241367
36247626
36264987
36292768
36293043
36293253
36295870
36304389
36309637
36332375
36352868
36384670
36395073
36410437
36430549
36430756
36432870
36434991
36447291
36473466
36477255
36498877
36507536
36534067
36539045
36546359
36555123
36565937
36592158
36592415
36595497
36603185
36610008
36616281
36633057
36635619
36650499
36656365
36657296
36672749
36672809
36679070
36683398
36690873
36719454
36748016
36752420
36764264
36768807
36768888
36794225
36806506
36812959
36812971
36813774
36814206
36822026
36833390
36834551
36834646
36840234
36866371
36875587
36896232
36902072
36903872
36913001
36913305
36915063
36920022
36925750
36927311
36935480
36938019
36938022
36941578
36974793
36979467
36982335
36982459
36982494
36990976
36993840
36994664
37001303
37016311
37021302
37027022
37047628
37050052
37050056
37052943
37055331
37056500
37058123
37065868
37066194
37077825
37082582
37089647
37095638
37097722
37108926
37111954
37154800
37162337
37165121
37215287
37217084
37218648
37219821
37226197
37231351
37251769
37260122
37266766
37273531
37282899
37298082
37298295
37298450
37298461
37309545
37311886
37312204
37315664
37318225
37323234
37338208
37345955
37354456
37389653
37394728
37408265
37422947
37423587
37427034
37445921
37456670
37468105
37488440
37508327
37521920
37543267
37546258
37550611
37555965
37569814
37574139
37631208
37636647
37648117
37648286
37648968
37660928
37661236
37670779
37670861
37683585
37686270
37687373
37697444
37741992
37777017
37781029
37795541
37818992
37847105
37896076
37896090
37919051
37950087
37964053
37976167
37996430
38002969
38010473
38012529
38041705
38068883
38070811
38089573
38112379
38136592
38136950
38155855
38174428
38175288
38200218
38200377
38203634
38203734
38203827
38235827
38254999
38255756
38255867
38256237
38281782
38287794
38288415
38298604
38317158
38319432
38319742
38329576
38338813
38358036
38368814
38392346
38417846
38435422
38438787
38444161
38462943
38466086
38475433
38475483
38475556
38491132
38493544
38497387
38498460
38504376
38506334
38520013
38520965
38522681
38542205
38542376
38583807
38590150
38612520
38632151
38673832
38674445
38680887
38709311
38714132
38724203
38729459
38730330
38732182
38732436
38733630
38736250
38747345
38753199
38767602
38790216
38797290
38797860
38808392
38835346
38865811
38896376
38903535
38918572
38922743
38927127
38927629
38950460
38956026
38970019
38970694
38973399
38990723
38999634
38999677
39002304
39004308
39017837
39017851
39019359
39029629
39047726
39067732
39095658
39098857
39134604
39138573
39140769
39152711
39179980
39181956
39186952
39190879
39191491
39201588
39204700
39216584
39218775
39233001
39235305
39248548
39259275
39273506
39276239
39303008
39307777
39312083
39312849
39337340
39337532
39339621
39348800
39385230
39396954
39402463
39405464
39406006
39409574
39422520
39422766
39427786
39437261
39448923
39460831
39464870
39468991
39479299
39484279
39485941
39487565
39488662
39489094
39489260
39492101
39499341
39499902
39508995
39519909
39534793
39536508
39558461
39562839
39569742
39595986
39604839
39606821
39640562
39645665
39672414
39672422
39673730
39684565
39700914
39708440
39711582
39725892
39733861
39739362
39741671
39752131
39756759
39757769
39758251
39773440
39780392
39787859
39795283
39798671
39798757
39801676
39848346
39859449
39884149
39887502
39894099
39926644
39932489
39942886
39955063
39961251
39962725
39978497
39984081
39989073
39996285
40004159
40012971
40013511
40041606
40045187
40046325
40056740
40058241
40083704
40088739
40096760
40098280
