392743
1342969
1387833
1518843
1612604
1638027
1649355
1914517
2069907
2069911
2073806
2073821
2444981
2471129
2498162
2535034
2721961
2725491
2810395
2834731
2895475
2914707
3033665
3039510
3099293
3099296
3128772
3164477
3186743
3194416
3378455
3691183
7507702
7519050
7529133
7558042
7568776
7664243
7682105
7687864
7784089
7785244
7927878
7950916
8208548
8287230
8389212
8397370
8455947
8600514
8615967
8630982
8684002
8782810
8782822
8806103
8814449
8875238
8927709
8972757
8993975
9123033
9368419
9428362
9723034
9787151
9790502
9797351
9893677
10087944
10097142
10382539
10488335
10564591
10616903
10640145
10757314
10962037
10965818
11005213
11288983
11380393
11489822
11532875
11795942
12031912
12034523
12036515
12098700
12110586
12466971
12517816
12580957
12619156
12670331
12730130
12759924
12759925
12909717
12956536
12973448
14278287
14603447
14997205
15034863
15140556
15163636
15191563
15258997
15284595
15287031
15543618
15581842
15702416
15716988
15735000
15738393
15738520
15852472
15930260
16039948
16080965
16169462
16204036
16235245
16310933
16403426
16527615
16631470
16772123
16856965
16888615
17011988
17070983
17230227
17405744
17444495
17486099
17545590
17622571
17656250
17764827
17967894
18021376
18024324
18046334
18084761
18162778
18194645
18262050
18381641
18461184
18477041
18503831
18521214
18578569
18628098
18647998
18656691
18754028
18759374
18925859
18932273
18981708
19137012
19197161
19204574
19278952
19302034
19336959
19372663
19395026
19453846
19535347
19549893
19596917
19596922
19638549
19673870
19690609
19762538
19815507
19844192
20018915
20113841
20139910
20303018
20331457
20362234
20634801
20661666
20677353
20804924
21037952
21046707
21059853
21080889
21113409
21155177
21218193
21234373
21317922
21349304
21463122
21488860
21489651
21515272
21527520
21533016
21628855
21692100
21778297
21779458
21779461
21779462
21779463
21863048
21882178
21941280
21941367
21945030
21949397
21959283
21969595
21986497
21996557
22018272
22039435
22046451
22147345
22173100
22205151
22213394
22308267
22325310
22396492
22408263
22429595
22460906
22510149
22578181
22580498
22623730
22706201
22720694
22722394
22800289
22804688
22911553
22929980
22967991
23012230
23012233
23037452
23145106
23276184
23278253
23307601
23313364
23335369
23348205
23363269
23365776
23369149
23393560
23435422
23520325
23521519
23533894
23552735
23630664
23673335
23764397
23791008
23795946
23862742
23892979
23932423
24003246
24033111
24041377
24061549
24079473
24118498
24179151
24184451
24199708
24205356
24249258
24280108
24292417
24390711
24398325
24457083
24481037
24492846
24518206
24591535
24591536
24594601
24596200
24632883
24645771
24662924
24670359
24674866
24676840
24679006
24713985
24759037
24789877
24820857
24824488
24829203
24983371
25012251
25019620
25034695
25043044
25056701
25103070
25194570
25246276
25253726
25286758
25349747
25374893
25392715
25478603
25487600
25536568
25563377
25587025
25618371
25628917
25634536
25649416
25656905
25656914
25680942
25715406
25800664
25805589
25806711
25827211
25829425
25853035
25853389
25902070
25916698
25941576
25964345
26024287
26119937
26121339
26137258
26186095
26258305
26290144
26340843
26383137
26416427
26425100
26461086
26462634
26464726
26469145
26555092
26566475
26573277
26576747
26590710
26657198
26682080
26763367
26776268
26813759
26813760
26837760
26863454
26880963
26884488
26889781
26916070
26977435
26988665
27012831
27014720
27027803
27043662
27077133
27081479
27093450
27112205
27113275
27124464
27217970
27225803
27301994
27308380
27308428
27308539
27313991
27347428
27351033
27382434
27398141
27449089
27453422
27469075
27523007
27546534
27599546
27602886
27633159
27652613
27669098
27689743
27702896
27716907
27717585
27813532
27980108
28008270
28028120
28184371
28189052
28212321
28217689
28230739
28278726
28288039
28304403
28321119
28321348
28331227
28332490
28344319
28360415
28362357
28375188
28382141
28398229
28420161
28443095
28443281
28447263
28480210
28481271
28505071
28561743
28562582
28587062
28590415
28592703
28593993
28597202
28634224
28648593
28649719
28653607
28665315
28710107
28712600
28741490
28741497
28755206
28776574
28860342
28861328
28868350
28884033
28884443
28899736
28903318
28983465
29081512
29100357
29108267
29151814
29156762
29163823
29180471
29195073
29207623
29209328
29212204
29228465
29264380
29310192
29324471
29325245
29393095
29399573
29401653
29423038
29435159
29463565
29464015
29464082
29467491
29472861
29507693
29525942
29527532
29552163
29623179
29641518
29644114
29662180
29662870
29664532
29708143
29720732
29744585
29765529
29765548
29789342
29795241
29797253
29854869
29882899
29884995
29899850
29935357
29938777
29974930
29980733
29985446
30003124
30035158
30035166
30038718
30049824
30050304
30055346
30071048
30072714
30105283
30108681
30142347
30147567
30158513
30202007
30210134
30237396
30257881
30279867
30290287
30300580
30305268
30323893
30360346
30410872
30443189
30453475
30458889
30478830
30482401
30501862
30523057
30542505
30542518
30553464
30564339
30586419
30587342
30619451
30626740
30652992
30655867
30659143
30662535
30662872
30697791
30724749
30728358
30787321
30791232
30809101
30824036
30824037
30833661
30842981
30863529
30898650
30917977
30918199
30949014
30979685
30979864
30987250
31007628
31013972
31028445
31045473
31048799
31061790
31073073
31075264
31145683
31191540
31196146
31206553
31221783
31262815
31316187
31340195
31350178
31350286
31382461
31391256
31398900
31405975
31406244
31407721
31408531
31416824
31423259
31445730
31462675
31561534
31571905
31575649
31623785
31645899
31645904
31648989
31666117
31700911
31743393
31748534
31755159
31758088
31764222
31815961
31822797
31831719
31839631
31844250
31888472
31897227
31905596
31932576
31937909
31942184
31944390
31964683
31969682
31976479
32009285
32035866
32049046
32060055
32073994
32079692
32094265
32094460
32103997
32127525
32138178
32158922
32158925
32175271
32180106
32183313
32188705
32200350
32200795
32206038
32206553
32222109
32225100
32238397
32246948
32296056
32300395
32310340
32398735
32411526
32482664
32509177
32515263
32535247
32545208
32587329
32615570
32637028
32663464
32671454
32779435
32805488
32817485
32822486
32857184
32873880
32887179
32893006
32895364
32904134
32905514
32915406
32921221
32943883
32948851
32973821
32997960
33014831
33052557
33066043
33092116
33094851
33122628
33134168
33182440
33193630
33210536
33217982
33228517
33235915
33256379
33262182
33283885
33293234
33299354
33312756
33318047
33341125
33381329
33397549
33402467
33407499
33417873
33426808
33430343
33436557
33447056
33457091
33482085
33521119
33541412
33551826
33572152
33649529
33654409
33659347
33660890
33664419
33664809
33671595
33672644
33747226
33754004
33763420
33777762
33807449
33826012
33969640
34007370
34066899
34085047
34086088
34087181
34094681
34178666
34179026
34186024
34188192
34216543
34233962
34249684
34251762
34258568
34282799
34310280
34359754
34405615
34423310
34436421
34447682
34470852
34471684
34472720
34474678
34476551
34477871
34503175
34508258
34511544
34525344
34534448
34535296
34551968
34556188
34572909
34593610
34624215
34630126
34637026
34637146
34661153
34676047
34677968
34703650
34704697
34761103
34804598
34858826
34877484
34885204
34896892
34911936
34929168
34942321
34950208
34954904
34997181
35004320
35016184
35022212
35022520
35024332
35031886
35033084
35039581
35042871
35045331
35081348
35082399
35096627
35115371
35116484
35120580
35135797
35136045
35139304
35152461
35159381
35173274
35182044
35188832
35199053
35205272
35223488
35228520
35244724
35245453
35251496
35253411
35267619
35277463
35296795
35305591
35316216
35318328
35327383
35369066
35378361
35389436
35399566
35401560
35402818
35402840
35438040
35444774
35468223
35484682
35485964
35499930
35563017
35563554
35580327
35581375
35582389
35583004
35583188
35588908
35590033
35625675
35642375
35645146
35680143
35685481
35696785
35766067
35790817
35814434
35815807
35845182
35845272
35846201
35846216
35847359
35857351
35860405
35882439
35908046
35908121
35938916
36044158
36051032
36051039
36061355
36068335
36105056
36120320
36138184
36150502
36181613
36194476
36207293
36211811
36248327
36248732
36261333
36276140
36287175
36299592
36305094
36336953
36355424
36368728
36369371
36395451
36414627
36417583
36424410
36435864
36456632
36473869
36476835
36476848
36482116
36497332
36504221
36525476
36526735
36541627
36544623
36560881
36575317
36582540
36583862
36594833
36610315
36627300
36631007
36639156
36645983
36659540
36672841
36681369
36681772
36681829
36684069
36709172
36717782
36729410
36740760
36757299
36757725
36765885
36765910
36775306
36789094
36804016
36820285
36821090
36827160
36830948
36849510
36861520
36862431
36865273
36867943
36868327
36873736
36877894
36880649
36895982
36906109
36909376
36946075
36965420
36966168
36966311
36969025
36976323
36987619
36993833
36996377
36997534
37014433
37041291
37044092
37047679
37053209
37070973
37071733
37074069
37084385
37105989
37111301
37113725
37114557
37115490
37124537
37128275
37130182
37148657
37151387
37168512
37173990
37183219
37190167
37205448
37206289
37210549
37217463
37221610
37223505
37223538
37226519
37233863
37236926
37267692
37285737
37307526
37309471
37311416
37314811
37326057
37328838
37342196
37345125
37347737
37377713
37379711
37384411
37399401
37400551
37422352
37425738
37457123
37461630
37461649
37463244
37479095
37486991
37495710
37503084
37503329
37518271
37544722
37546419
37546905
37561633
37565264
37567974
37568748
37591781
37598282
37599362
37620393
37626036
37641492
37642941
37643213
37656618
37657595
37674391
37695389
37701563
37704564
37718164
37724906
37739936
37755396
37755397
37773203
37781510
37781575
37783879
37788594
37795541
37844756
37852796
37855068
37858127
37864183
37878724
37905029
37906138
37908640
37919824
37934799
37941901
37961226
37967851
37971875
37978032
37980563
37983720
37984225
37987734
37998757
38014010
38039509
38048842
38067212
38082402
38093312
38101156
38114462
38123820
38125876
38136401
38161423
38169606
38170904
38174997
38175404
38175445
38184819
38191557
38191686
38199599
38200580
38207291
38213308
38227944
38228803
38236931
38237077
38253636
38264995
38289008
38316994
38321218
38326887
38337970
38350725
38351079
38352443
38356140
38405949
38423596
38424044
38444524
38448668
38451515
38460130
38462658
38485822
38493213
38505845
38510131
38510176
38559100
38561330
38569857
38585845
38586026
38658156
38660563
38662249
38756697
38766212
38783041
38785546
38803544
38813731
38853928
38867115
38903717
38915574
38942789
38948079
38952800
38982293
39005667
39011251
39015274
39015647
39071289
39091883
39103657
39108835
39113853
39142484
39184078
39239562
39278446
39285374
39286653
39334463
39386474
39422775
39436015
39436442
39450312
39455556
39472214
39486583
39512404
39526398
39527363
39574899
39579719
39590335
39673052
39686607
39691256
39691268
39698270
39704178
39739362
39741863
39764010
39766063
39766110
39768557
39777154
39779613
39788430
39790106
39805522
39823459
39824386
39847381
39858030
39858567
39861625
39878458
39881962
39897141
39897587
39899538
39912808
39920278
39950159
39972241
39974662
39990325
40025952
40027648
40032819
40034762
40037423
40040502
40060528
40064656
40067173
40074906
40091385
40104050
