1281420
1305613
1318915
1327147
1329930
1333041
1339339
1341949
1374521
1374683
1375720
1397312
1419902
1425701
1448086
1458508
1459449
1459450
1476058
1483682
1490362
1543899
1549113
1549499
1554517
1564326
1565467
1565478
1570158
1571096
1577267
1594445
1608350
1622116
1627144
1628620
1628630
1647646
1650440
1652570
1657899
1665398
1668298
1678788
1692506
1695323
1697169
1701023
1701347
1709453
1719466
1728951
1730410
1737399
1754738
1755317
1762918
1821655
1840540
1850070
1861869
1865909
1868872
1884360
1895195
1900822
1902412
1931830
1933896
1935896
1942939
1954386
1955105
1963632
1974410
1985349
1986238
1988094
1991301
1996098
2004353
2004381
2021689
2024455
2030913
2031852
2034474
2039993
2048223
2056128
2066755
2068130
2068139
2068146
2068159
2068172
2068180
2068182
2072140
2080918
2088727
2123747
2147226
2156211
2172180
2181287
2183016
2183017
2183019
2185686
2185879
2192178
2196987
2203936
2204814
2205380
2205804
2226777
2230892
2245414
2262866
2267130
2284101
2296463
2304091
2306684
2307545
2323837
2323848
2332674
2349963
2370447
2370914
2372969
2395655
2404349
2405249
2405257
2421891
2426601
2430692
2431836
2432051
2436892
2440561
2445470
2454580
2457220
2461079
2461451
2476248
2478723
2479541
2481662
2501083
2501244
2525056
2537153
2537832
2540898
2542141
2545635
2547728
2548143
2553699
2555695
2560482
2566996
2582423
2583102
2584426
2584810
2591453
2591456
2601700
2653809
2654812
2657399
2663644
2668849
2669755
2704332
2720564
2736225
2739095
2753147
2780050
2785918
2825964
2832725
2833341
2834684
2838125
2838158
2842712
2863693
2869482
2869488
2873301
2881101
2889004
2894002
2900826
2917328
2917804
2920475
2921345
2924321
2963684
2974338
2987858
3006024
3008339
3014659
3015591
3020069
3034408
3037134
3039835
3043452
3049618
3060804
3066661
3078963
3096575
3141792
3153250
3162815
3204111
3215042
3215051
3222254
3281096
3287334
3287857
3299052
3299258
3308495
3314672
3316592
3333275
3335218
3383199
3388178
3395955
3405998
3406005
3406010
3406014
3406020
3406025
3406026
3411933
3422037
3510398
3513190
3552210
3567877
3569354
3585663
3592119
3594401
3625259
3700483
3731081
3790277
3796607
3840574
3855502
3860871
3977910
3991726
4040214
4047115
6090062
6505694
6589638
6719134
6719137
6728001
7478538
7478616
7523056
7523310
7529553
7533687
7533996
7555731
7627947
7633401
7656409
7674334
7684192
7731684
7733638
7761093
7768000
7837790
7838528
7850780
7865136
7889335
7902977
7911734
7923112
7959843
7972208
7972212
7972220
7972236
7972237
7972238
7982238
7983069
8020586
8047699
8078011
8093685
8102298
8102299
8121803
8150745
8170180
8174135
8180130
8195324
8204363
8241268
8242562
8256847
8260894
8287798
8297111
8301510
8331499
8341218
8343223
8350488
8355517
8358734
8366868
8378092
8384353
8402501
8404543
8412992
8427698
8428579
8448374
8454274
8481904
8490848
8494240
8517856
8519445
8527322
8545117
8558206
8562509
8570225
8622876
8627653
8636750
8645263
8658015
8669886
8695170
8695269
8761302
8784478
8792852
8841984
8895520
8917371
8969225
8989454
9049828
9050911
9060561
9062389
9066668
9099963
9121434
9152532
9169842
9174124
9178894
9180916
9185720
9196027
9197532
9207866
9233765
9247298
9365240
9388999
9422991
9471397
9520320
9528855
9566614
9570357
9607422
9615725
9635194
9667736
9674700
9751117
9770592
9792927
9798678
9858540
9859821
9864411
9869047
9872655
9893662
9926938
10088728
10211653
10348344
10381566
10383152
10427487
10470095
10473038
10581191
10591554
10646854
10673855
10831399
10837031
10837121
10837922
10882234
10913351
10933967
10940769
10955804
10969812
11074604
11093815
11101726
11107123
11181040
11221835
11237058
11250904
11284301
11306486
11346880
11403924
11420678
11526483
11689596
11756639
11782392
11826111
11933063
11960382
12032857
12050681
12072429
12085233
12095979
12153570
12175541
12192602
12210067
12217415
12232763
12243359
12368064
12381668
12392156
12460470
12527763
12553057
12569653
12615055
12679598
12700651
12730680
12733375
12746172
12777630
12845671
12872253
12880977
12901618
12956118
14561810
14567977
14572661
14691455
14719101
14734473
14966915
14983023
15057905
15061133
15064733
15078880
15133234
15133235
15198123
15293230
15331636
15382088
15474366
15607966
15623656
15631895
15632181
15660126
15661639
15833843
15907834
15953367
16054035
16093321
16133151
16139224
16214168
16278682
16314423
16322694
16425253
16510586
16608022
16707443
16864777
16951180
17015904
17124508
17180025
17220478
17222400
17235288
17240229
17289033
17327229
17357786
17360777
17569115
17570058
17688410
17704800
17724478
17786215
17936257
17938259
18006809
18193081
18198336
18207320
18278068
18488021
18538370
18591937
18602353
18607644
18636358
18653908
18689861
18940011
19020710
19041771
19041778
19047142
19111875
19111882
19171780
19193716
19212680
19234491
19351822
19358268
19434539
19471968
19483300
19491262
19495417
19535783
19540207
19649210
19686682
19688062
19777160
19800102
19948787
20080624
20144241
20173668
20215343
20300662
20388062
20416281
20448460
20582309
20651942
20658325
20664979
20667976
20855530
20961996
21067885
21068393
21073496
21112821
21181370
21184144
21221878
21226903
21236457
21247902
21398495
21448975
21494559
21541626
21544366
21559620
21562282
21573429
21573443
21584508
21584577
21590074
21623166
21646478
21698133
21712075
21719465
21735144
21771789
21775055
21784644
21908617
21909787
21929510
21976667
22065083
22116304
22174364
22202125
22246988
22303871
22399192
22453918
22513872
22528516
22624711
22678098
22745758
22787578
22844455
22869042
22936790
22974759
22977527
23022312
23192272
23212942
23257451
23393557
23437357
23473789
23541942
23628064
23770854
23792191
23800335
23812427
23846687
23864164
23874544
23874837
23941992
23973486
23999030
24004585
24006062
24012973
24066183
24146910
24223735
24260043
24277080
24302615
24376126
24397388
24403858
24481548
24481781
24499207
24532803
24586304
24589438
24626771
24636131
24697507
24719420
24788776
24866406
24906397
24906400
24936061
24952595
24970329
25142020
25153349
25174825
25218595
25232961
25261367
25277194
25338637
25387807
25491174
25624791
25669971
25749179
25777142
25883214
25889839
25907116
26028238
26081154
26146406
26160903
26177922
26202882
26238256
26341979
26411622
26453442
26456864
26471359
26506239
26534963
26557966
26619843
26646663
26733615
26780215
26833183
26864492
26874464
26895766
26914026
26927112
27012186
27050099
27063156
27113371
27154863
27384668
27447861
27505677
27533020
27618649
27626059
27698340
27728805
27748806
27751495
27764804
27779225
27817081
27837025
27933510
28028439
28031114
28075464
28181403
28202850
28275050
28327152
28390436
28456659
28521460
28533822
28537875
28560387
28680756
28716713
28953854
29080452
29109532
29118118
29137287
29163707
29252510
29262328
29283328
29326438
29358508
29377960
29431240
29476556
29516499
29581860
29730307
29738439
29786049
30182136
30521142
30652111
30657058
30724400
30763642
30771232
30783385
30906641
31004356
31007876
31217018
31260412
31262872
31485792
31694959
31778735
31831018
31911574
31935861
32048632
32064173
32140268
32346009
32547946
32651259
32652708
32729455
32927604
33106998
33128318
33167327
33174183
33246060
33456993
33559506
33583230
33637566
33781665
34115542
34440719
34446806
34470814
34523032
34536548
34551684
34665878
34685629
34687571
34689785
34853290
34884690
34884931
35048779
35051525
35099769
35117057
35117149
35120575
35269731
35321174
35406427
35448004
35512442
35622273
35716272
35813230
35848447
35867756
35883689
36012631
36027654
36123652
36214665
36264168
36290282
36445966
36458922
36568939
36708875
36724799
36770809
36786675
37105559
37111248
37280912
37281831
37282333
37290956
37298315
37301315
37336886
37385990
37606386
37762082
37793886
37829051
37884585
37907395
37933920
38407765
38413795
38416825
38561462
38605297
38730731
38748789
38766020
38919399
38976744
39103353
39105501
39125716
39270481
39307412
39370942
39396233
39730182
39738380
39778578
39805390
39896456
39947263
39986441
40087586
