11154755
18073374
18940477
19075003
19105185
19338682
19393249
19523210
19629396
19635536
19813148
19908051
20453309
20729302
21436738
21438543
21472885
21560448
21889209
22131123
22491912
22864661
23146902
23149842
24093751
24396275
24415413
24800916
24894818
24928521
25111077
25176580
25214013
25415046
25485873
26064273
26315354
26402912
26722329
26929905
26998278
27109316
27150568
27151314
27541867
27844240
27936167
28261280
28374160
28610420
28631426
29419426
29507255
30255542
30350666
30440001
30590007
30616142
30785760
31278556
31410679
31682005
31729086
31860317
32134547
32589292
32875559
33339169
33344249
33413558
33488600
33825485
34072463
34519404
34664048
35011557
35434237
35510236
35631907
36111030
36139526
36346689
36552003
36806726
36982687
37503171
37991932
38426580
38446568
38559758
38561473
38814657
38866962
38924040
39080217
39136865
39474568
