1331059
1390947
1515222
1540410
1650350
1896644
1958222
1984449
2073801
2129797
2405277
2531188
7504230
7654244
7874997
7890312
7895918
7929839
7975262
8400295
8483333
8666588
8721671
9011632
9042660
9117441
9250404
9356235
9439980
9450001
9546588
9576755
9729336
9758209
9775392
10561688
10908156
10933964
10950941
11027590
11096048
11267030
11306890
11377701
11467077
11571584
11725618
11774584
11787640
12016158
12046064
12215889
12379151
12508378
12940066
14527676
14603254
14656654
14670004
14729467
15009112
15021977
15050028
15217394
15217752
15305292
15606618
15856292
15885885
15909110
15911101
15956028
15968083
16013440
16117195
16139305
16158953
16166946
16215757
16480888
16491824
16494782
16641606
16908285
16960866
17004971
17085838
17189679
17377595
17409527
17415477
17464186
17481520
17485788
17879260
17889723
17921715
17964225
18059397
18158642
18161062
18203956
18224424
18286508
18297611
18323566
18329171
18404532
18471365
18501644
18598758
18720165
18723002
18804095
19014523
19109749
19116119
19169649
19181310
19197368
19199090
19239475
19269818
19291302
19347272
19390683
19428442
19517807
19530942
19552759
19649275
19818847
19887769
19940486
20006591
20085492
20110687
20153832
20157515
20157765
20197690
20224721
20380796
20414006
20462420
20526271
20980171
21034406
21113457
21143697
21153665
21182093
21195157
21219853
21245048
21256390
21419242
21424695
21461920
21515635
21519639
21525624
21533627
21554863
21559440
21625550
21637513
21720550
21760911
21763287
21777376
21814580
21846944
21938724
22023762
22099153
22184968
22284893
22296504
22302350
22320981
22363545
22417709
22487595
22488409
22525504
22590744
22594105
22594608
22649675
22708078
22724137
22843047
22927965
22959858
22989998
23065916
23071666
23185533
23206959
23211391
23221171
23242830
23269488
23291319
23332208
23333461
23334351
23334376
23362950
23364895
23399035
23408724
23416193
23428248
23466465
23482348
23527709
23536773
23553622
23555655
23566817
23567245
23570504
23591791
23593011
23616440
23631839
23663325
23708099
23724129
23776567
23830204
23832737
23886446
23904362
23912273
23922745
23933945
23939027
23942618
23949904
23954477
23983313
24020126
24045388
24077698
24133912
24260158
24278275
24293102
24295474
24324812
24331632
24365262
24368180
24386121
24392129
24423688
24425450
24438338
24454965
24482684
24489729
24504027
24528023
24532264
24594239
24624272
24658403
24727676
24774967
24811539
24828787
24867514
24873902
24879414
24896091
24915933
24924589
24935396
24958013
24973564
24989845
25000291
25004019
25025559
25099178
25106630
25152365
25165777
25174402
25200938
25201349
25233217
25361930
25403593
25412264
25422222
25433723
25494680
25559736
25665653
25691883
25727991
25744407
25748490
25749044
25749569
25815722
25831050
25838204
25866011
25875356
25889255
25932049
25956994
25968464
25974963
26022736
26028086
26072062
26097529
26105385
26108032
26115086
26192925
26217772
26219821
26225771
26237970
26254762
26373299
26393541
26434700
26439246
26450901
26454173
26487914
26550158
26588817
26610689
26616294
26617724
26617775
26646421
26666474
26671920
26686249
26720873
26745968
26778780
26799794
26828721
26838070
26841509
26841904
26857094
26867147
26870038
26895469
26942050
26950185
26966681
27004028
27012558
27038922
27105503
27105509
27123424
27125519
27133426
27140182
27177152
27193010
27244888
27250857
27264420
27283837
27335240
27339772
27374114
27375190
27420628
27427408
27430277
27462428
27473080
27487766
27491751
27492452
27512726
27518391
27534446
27554808
27581278
27590238
27619517
27658615
27688074
27696333
27718095
27753029
27793764
27814644
27847206
27849335
27863430
27913196
27978490
28069440
28099346
28099441
28107661
28135052
28160073
28165553
28166289
28182096
28188410
28191863
28234980
28315683
28326639
28331244
28356024
28360724
28405503
28415707
28445979
28447528
28448872
28466267
28502776
28528202
28535417
28537244
28550736
28573248
28576417
28584243
28591668
28608141
28623125
28637784
28680537
28742194
28756232
28792003
28826098
28848092
28848184
28859984
28864290
28899698
28934735
28938189
28940752
28952229
28987523
28990531
28992684
29017152
29047264
29055350
29062811
29067571
29071206
29075112
29094308
29131265
29133857
29137729
29148537
29163777
29196051
29220836
29226952
29228978
29236306
29255427
29296226
29307809
29311947
29313959
29317407
29326084
29335826
29354850
29355739
29370570
29378094
29380441
29428944
29447858
29483646
29507700
29525378
29549169
29553845
29574415
29601852
29606130
29617099
29627723
29644554
29670110
29670899
29679858
29705079
29710465
29710512
29715458
29721376
29730385
29743187
29763588
29770444
29801480
29806627
29844864
29887959
29894122
29902765
29913454
29920358
29929056
29932225
29961598
29969314
29976920
29991025
30027470
30041677
30057095
30060740
30067782
30070632
30083085
30108729
30108985
30110057
30110063
30113863
30115542
30119232
30161164
30179677
30185771
30212741
30217537
30245189
30259999
30261824
30265413
30267989
30332797
30344954
30345768
30390256
30392493
30393848
30411213
30430451
30448228
30453043
30468489
30474894
30496826
30502088
30511959
30522556
30525244
30532634
30537127
30545010
30547064
30548682
30551423
30551492
30575936
30588110
30594602
30602314
30605067
30610802
30612857
30614619
30640985
30640990
30650506
30653501
30671613
30695420
30709583
30713476
30717632
30733840
30760327
30765814
30783895
30796934
30821520
30823945
30835049
30844716
30848526
30854014
30863309
30901666
30902734
30903350
30910960
30916148
30925687
30941572
30973040
30975176
31025252
31029777
31037726
31039201
31054951
31075429
31077717
31077746
31093481
31103874
31128214
31132733
31132876
31133714
31151139
31163672
31171713
31173791
31189404
31200745
31226797
31242038
31260950
31265912
31319868
31323300
31331528
31352079
31357087
31358480
31377033
31413946
31446081
31451204
31481626
31487530
31521664
31556319
31556759
31561027
31564074
31588707
31592535
31607297
31621446
31629938
31647941
31662440
31670031
31677006
31678284
31680370
31685085
31696501
31696813
31709615
31780371
31793207
31813339
31814719
31816325
31825793
31854464
31886417
31896065
31898867
31901246
31924349
31926054
31934164
31970970
31971058
31977025
31983099
31984952
31991200
32000461
32004938
32013374
32034308
32036052
32048500
32060388
32069911
32081662
32099011
32111759
32119646
32122364
32124171
32125593
32135124
32146265
32146298
32172065
32173085
32180438
32190078
32226532
32250487
32253686
32256171
32259522
32277618
32277619
32277659
32279986
32302649
32304050
32305498
32309561
32319823
32323025
32328683
32339921
32344355
32376533
32377560
32402695
32411774
32413668
32418004
32441055
32441355
32452409
32473571
32474021
32487994
32488063
32507279
32521908
32526705
32535289
32555330
32565337
32586247
32594336
32607676
32614062
32655778
32658641
32672964
32673149
32678046
32688091
32696667
32708494
32708712
32753566
32776418
32783140
32787472
32803467
32848849
32853650
32878707
32881844
32899721
32901688
32919237
32920758
32930934
32933167
32933722
32953731
32957369
32970961
32977152
32993187
32996197
32999298
33004623
33008595
33025380
33037177
33053467
33054976
33058302
33060567
33071792
33113501
33143874
33146403
33157351
33159487
33159979
33192605
33230105
33242925
33244230
33278395
33308936
33314684
33316373
33316778
33336463
33340772
33355866
33360370
33370589
33412610
33418245
33421017
33424842
33484087
33505510
33517445
33525242
33525984
33536742
33554442
33557846
33591188
33596087
33597089
33602575
33605309
33612466
33634982
33638265
33683626
33711726
33713325
33738649
33754052
33768402
33781184
33785094
33794893
33799223
33808065
33814208
33817305
33825868
33852725
33878544
33885140
33887972
33893620
33904248
33915267
33915770
33929710
33940727
33992967
33997176
34034759
34040413
34042266
34057118
34077028
34086835
34095189
34101738
34102992
34119884
34123804
34136124
34169410
34183042
34183773
34194730
34204438
34208719
34242224
34249769
34266674
34268997
34276695
34277459
34280502
34284523
34299264
34332611
34333711
34333791
34335042
34339751
34353698
34355287
34383414
34390301
34419066
34420458
34421304
34439571
34440358
34468975
34482267
34500601
34503178
34532985
34581696
34596586
34597787
34607550
34630125
34652137
34654886
34680182
34699765
34727826
34734001
34768791
34794235
34806822
34824636
34834040
34854394
34886900
34900195
34926261
34931613
34950033
34975295
34980163
34987984
34998862
35002723
35059420
35090882
35095375
35114139
35120573
35121106
35143882
35145398
35159514
35164343
35175765
35199645
35202911
35203557
35204063
35212850
35233841
35240996
35259467
35260052
35269738
35273593
35275879
35276304
35280742
35296330
35301900
35334511
35338511
35345995
35355181
35378138
35383175
35385441
35388759
35393774
35429597
35443057
35452635
35454187
35499088
35520392
35537548
35563808
35585694
35608813
35611245
35633067
35654118
35658227
35671559
35678254
35680841
35706474
35707823
35721196
35729229
35745495
35756488
35759577
35762874
35766158
35767210
35792272
35806253
35818259
35820429
35836546
35838888
35842713
35849597
35852914
35870973
35889845
35892313
35919625
35939220
35947545
35959280
35959888
35989685
35990849
36012242
36043146
36047729
36088989
36128844
36138544
36203319
36206551
36208716
36232623
36244309
36252894
36263472
36273889
36279667
36290677
36296272
36311802
36331874
36338727
36339594
36341347
36348775
36372042
36387340
36415570
36425656
36431925
36464762
36476661
36505464
36515867
36516693
36517045
36520368
36536993
36547072
36556376
36573053
36580760
36581222
36601515
36601516
36623704
36624900
36639156
36649127
36651647
36662423
36670479
36677021
36690059
36690852
36691817
36699607
36705406
36708753
36718919
36748219
36753665
36769125
36789832
36807999
36808657
36809523
36835523
36841942
36848962
36879118
36903482
36907325
36929274
36940909
36945490
36958385
36958429
36968023
36982191
37000865
37002905
37013999
37024262
37026046
37045944
37048109
37051311
37054525
37064123
37068706
37086961
37090617
37093462
37097651
37108343
37112864
37125328
37132761
37166211
37175319
37180725
37189781
37196559
37218503
37224990
37237918
37249861
37250529
37252973
37268256
37273278
37283287
37307368
37320869
37357953
37369156
37373275
37376157
37390227
37396259
37415728
37423516
37424807
37442019
37446045
37451528
37476360
37486203
37507091
37509624
37511415
37526282
37533858
37547637
37551177
37602973
37604154
37619675
37626501
37631068
37658104
37678030
37681978
37717315
37722587
37736511
37739054
37760855
37766733
37769864
37807339
37808733
37819496
37821967
37832408
37867446
37882947
37886003
37895159
37907930
37910264
37937007
37939858
37940996
37946928
37979226
37980653
37985202
37987798
37996457
37997993
38004290
38043716
38045488
38069389
38092194
38093452
38098039
38115227
38128178
38135697
38137108
38157357
38174673
38203337
38222570
38276990
38287405
38305842
38316991
38319443
38322941
38333852
38336308
38340939
38350547
38367916
38406294
38417368
38419066
38439078
38444006
38453770
38462163
38524279
38530591
38532994
38574930
38580871
38594707
38625635
38629097
38636398
38679216
38680299
38695448
38713260
38738849
38746410
38747858
38761209
38762408
38764152
38766323
38773299
38773406
38788447
38796716
38797813
38801418
38810851
38821994
38838874
38853347
38860745
38876185
38917588
38943836
38945082
38947390
38979411
38995476
38995840
39005678
39005733
39024694
39040275
39041368
39048662
39060229
39065761
39071467
39108748
39117157
39129159
39136993
39161822
39165217
39170711
39194761
39216981
39266573
39276815
39281505
39284642
39303538
39317076
39327763
39328620
39330276
39335831
39350724
39353894
39380283
39384127
39386231
39387397
39415045
39420131
39432066
39469948
39491792
39496685
39527308
39553363
39553579
39571243
39591495
39657408
39657505
39672029
39684254
39687882
39689645
39695769
39711939
39716595
39745465
39757280
39758732
39762558
39776026
39794323
39821520
39822380
39832189
39834817
39848017
39860028
39861071
39888044
39892619
39903024
39908772
39941899
39953352
39954716
39978533
39979188
40002685
40025827
40027130
40046056
40083243
40085388
