1293177
1302608
1338369
1362901
1377942
1425777
1457041
1505963
1530255
1587809
1639383
1656080
1672744
1677185
1679535
1679929
1682889
1684425
1757093
1783401
1786631
1835577
1903909
1906608
1907526
1916815
1923522
2094809
2112607
2119504
2121371
2134734
2303041
2335521
2491776
2491778
2491779
2491781
2506682
2510129
2543077
2573276
2896628
2896634
3053160
3130303
3130304
3130305
7473711
7485153
7485249
7499408
7501280
7522538
7542886
7542904
7550323
7564528
7568895
7575561
7576183
7579150
7580922
7599322
7606893
7607647
7607663
7627966
7633452
7643367
7649559
7657385
7700633
7746388
7749326
7769857
7774960
7794530
7794799
7848376
7858173
7860077
7874161
7896848
7903272
7904209
7908518
7909533
7923863
7926815
7935489
7941327
7947085
7949098
7959746
7981692
7981724
7981746
7982912
8012366
8018414
8029001
8034304
8051313
8054969
8069315
8081372
8081387
8105688
8123014
8125490
8125955
8129040
8142156
8182944
8207976
8225323
8225327
8226742
8242079
8264676
8302341
8302348
8317503
8320697
8321021
8321023
8328449
8335018
8351250
8353492
8364545
8364559
8364582
8376996
8385067
8411029
8414628
8417151
8417346
8418653
8418668
8426748
8437860
8455625
8504305
8504312
8516298
8518039
8530015
8543966
8544190
8563751
8585580
8585954
8602841
8621451
8625164
8627811
8637706
8643674
8648172
8659521
8664912
8665528
8681140
8682511
8702923
8730839
8751390
8755343
8782831
8816507
8816583
8818946
8820972
8825042
8825634
8825915
8829638
8830850
8832903
8833251
8845843
8880590
8887629
8892969
8929953
8931693
8931703
8939902
8957181
8970980
9002664
9003501
9007053
9012403
9029062
9042399
9048923
9066892
9101300
9101303
9109916
9115203
9115204
9132486
9143929
9150739
9177273
9180088
9187663
9195229
9266845
9278498
9298829
9300663
9303437
9309135
9324042
9326316
9341878
9375928
9385374
9407945
9452037
9475595
9529361
9569019
9597296
9639526
9643287
9654211
9685480
9713168
9719365
9719366
9783703
9796699
9852579
9856084
9865606
9926941
10076878
10079253
10090487
10204079
10209105
10220149
10227658
10360836
10378372
10392751
10398430
10403812
10435592
10442636
10451518
10451710
10459349
10494088
10505791
10528240
10534774
10543400
10572231
10581497
10587576
10593996
10594763
10612798
10625171
10631140
10633134
10634504
10643050
10657145
10659684
10674164
10677298
10684924
10692105
10706001
10712107
10712197
10713891
10721668
10726756
10775528
10780787
10782929
10791998
10797561
10798360
10817659
10843809
10861625
10862084
10863097
10878667
10893669
10931370
10946351
10958550
10978227
10980545
10982032
10991696
10994778
11015700
11043828
11068991
11071148
11106357
11106361
11108651
11115850
11118217
11129335
11140832
11145742
11164890
11175282
11211547
11239415
11244508
11246230
11258624
11258625
11292340
11294917
11294925
11297510
11323571
11354250
11355506
11391665
11406645
11409870
11425624
11431704
11438454
11440991
11449390
11476066
11479742
11556548
11565554
11568515
11675125
11701400
11704931
11706558
11727265
11735023
11748857
11751683
11754043
11803526
11823426
11857752
11875649
11896214
11904334
11934389
11935243
11941479
11988578
12034141
12041525
12051738
12057013
12067331
12073021
12077339
12080515
12082509
12087175
12095621
12109862
12112660
12152785
12180143
12199909
12214308
12221173
12384794
12387455
12403553
12403554
12427889
12438177
12477702
12483293
12491944
12516575
12527763
12552569
12566521
12596053
12600938
12624144
12654506
12660952
12680156
12682321
12687660
12696059
12698359
12707950
12746402
12807981
12820328
12822827
12828937
12843325
12872266
12963615
13679444
13680360
14502561
14513407
14517963
14560314
14564162
14569139
14635100
14638962
14647436
14722914
14722917
14729829
14981716
14999847
15044208
15060124
15066327
15072453
15078363
15096217
15103551
15125795
15146469
15147581
15155412
15233998
15236313
15257518
15389774
15458926
15467460
15520408
15523626
15523642
15571966
15581179
15584213
15588864
15627836
15676286
15703081
15715079
15721644
15735964
15770836
15780873
15811002
15840687
15846074
15856072
15856266
15863657
15886296
15937073
15937108
15944227
15986446
15994866
15999204
16005615
16033085
16033338
16043787
16059932
16081245
16096406
16098465
16116616
16117786
16138909
16193672
16206134
16283621
16306205
16314442
16314489
16340004
16380919
16408192
16418572
16434322
16461335
16467218
16470740
16474913
16479075
16481142
16524466
16540233
16544997
16690971
16725158
16735097
16741618
16773574
16786508
16787982
16818172
16830335
16835897
16847321
16858877
16870183
16908010
16914719
16937374
16941471
16961930
16978176
17057231
17103458
17111191
17115058
17141628
17160901
17200120
17215493
17230648
17295913
17311297
17335073
17353900
17366582
17380155
17406642
17426081
17492495
17497109
17514731
17532280
17551851
17563086
17632510
17649778
17649804
17657556
17696922
17718862
17726231
17726688
17876295
17879440
17889038
17914445
17925694
17932395
17960768
17967772
17999360
18041031
18055911
18160797
18164202
18172006
18183042
18196300
18212816
18215124
18218617
18248783
18265407
18329107
18331998
18338507
18365722
18382989
18407053
18449144
18481270
18484666
18503770
18546366
18592002
18634605
18643859
18648396
18702298
18803326
18815819
18850118
18927496
19016857
19048115
19056885
19061981
19066167
19141142
19142971
19191334
19221814
19292874
19427294
19449407
19463811
19475561
19486154
19568998
19573811
19587630
19603524
19615906
19639020
19767589
19841379
19845691
19863548
19919880
19935827
19937344
20015894
20052761
20082856
20106617
20108390
20129251
20155280
20164853
20186373
20229272
20303131
20307317
20345245
20358387
20392595
20405509
20428205
20442305
20449613
20464401
20505189
20506354
20513137
20543202
20577270
20577275
20586111
20587590
20602485
20606732
20655465
20686819
20699653
20725927
20844836
20853110
20858602
20927530
20938857
21031083
21042801
21089070
21142935
21164047
21196210
21225936
21227889
21228927
21236316
21271658
21278392
21280148
21283084
21354044
21365283
21380540
21394830
21551250
21562592
21618341
21674567
21700447
21732117
21782795
21876657
21931722
22015770
22020543
22045503
22068829
22108604
22118770
22125493
22129111
22151963
22159552
22190464
22226973
22240541
22241097
22250039
22294457
22325315
22328556
22331697
22346343
22384505
22488919
22489043
22528792
22533502
22581253
22585738
22678692
22700876
22807134
22821737
22837079
22851646
22868293
22869071
22918885
22925204
22945628
22962301
22965773
22987630
23001021
23010473
23042387
23047742
23060584
23066937
23077663
23099008
23101500
23108917
23135915
23145129
23158014
23165953
23171796
23207425
23209032
23222849
23239959
23244495
23268719
23278345
23288408
23292448
23307331
23322702
23358504
23361976
23373991
23386700
23399325
23427176
23434321
23437333
23445921
23475878
23482262
23528211
23532973
23604938
23624750
23661552
23668869
23756430
23758643
23807074
23812910
23848554
23858101
23906300
23907965
23913538
23931823
23947441
23954459
24090588
24140765
24163128
24173684
24186807
24249802
24296828
24357578
24361808
24373973
24413922
24443315
24443661
24448166
24465906
24509877
24532895
24535670
24576830
24676943
24706162
24708790
24710210
24711647
24711935
24719295
24733821
24760680
24789688
24851266
24864177
24913553
24920981
24922668
24932921
24982386
25026295
25035100
25062113
25070947
25078596
25109740
25130111
25166435
25174745
25205021
25220407
25243813
25293717
25367036
25370043
25403449
25446898
25448617
25470215
25480383
25523354
25533730
25580325
25631097
25671360
25772343
25775093
25802206
25824590
25862174
25865364
25920923
25925892
25974154
25980496
26037340
26056819
26076063
26141522
26161090
26178382
26189818
26190195
26201467
26214590
26243433
26283687
26345759
26351209
26360873
26393470
26394792
26442164
26457592
26461061
26463573
26467198
26509978
26579319
26614388
26633276
26666878
26774135
26840085
26861459
26883872
26908603
26925841
26934131
26934132
26956402
26962827
26969325
26975033
26980030
26990425
26992069
27021207
27051783
27070384
27074763
27078850
27103823
27130733
27155159
27159396
27173220
27234610
27247625
27316856
27322474
27345975
27345978
27350592
27385209
27473134
27477693
27482814
27494873
27527645
27527647
27617150
27617404
27622733
27625798
27650176
27666661
27680605
27696251
27760236
27773571
27815404
27815662
27827403
27838393
27862886
27932436
27941538
27980226
27999334
28067895
28068329
28094260
28124441
28143781
28164893
28166733
28193237
28213670
28234734
28254468
28267273
28285357
28289600
28296713
28341644
28371299
28380455
28392281
28393676
28425622
28454108
28487787
28498454
28515046
28587546
28605748
28637487
28646022
28673309
28735371
28767180
28776093
28820928
28862263
28924536
28955729
29066822
29087535
29111114
29127119
29131833
29137242
29143198
29158289
29172408
29179212
29185159
29198560
29212209
29248317
29290338
29343556
29367437
29368848
29423604
29446085
29455242
29475609
29493886
29498099
29522274
29559732
29588991
29613853
29655575
29662612
29673180
29680440
29703253
29720369
29730711
29762158
29787982
29796169
29802023
29804243
29872168
29914388
29926297
29938249
29984027
29992513
30014477
30046999
30061266
30065955
30087692
30098238
30098240
30104415
30104724
30131853
30174724
30182054
30190611
30225235
30230541
30237845
30275510
30275525
30308447
30348677
30349198
30381327
30408279
30421324
30423024
30470263
30478445
30478644
30479396
30497798
30530636
30543142
30563612
30564341
30703230
30709805
30733835
30778836
30792346
30792347
30828344
30843352
30858928
30863494
30868483
30870761
30881378
30908848
30953504
30977107
30984524
31043489
31044082
31053152
31091306
31107888
31121919
31127187
31199580
31201679
31234911
31250151
31347283
31354382
31427883
31428480
31443423
31444410
31466283
31487937
31507634
31515834
31523973
31533651
31533797
31551924
31591187
31595648
31600280
31664505
31678437
31690684
31697154
31703719
31713330
31717965
31730495
31746226
31776437
31805970
31836666
31860870
31868168
31886188
31891871
31929887
31940719
31979111
31993017
32055852
32098059
32098826
32102484
32107864
32126153
32132065
32196829
32207449
32243842
32245042
32248581
32252413
32322332
32337207
32337892
32339168
32345730
32357851
32363557
32369930
32392612
32393377
32405727
32431664
32449281
32467987
32477862
32483240
32494228
32494969
32519328
32524181
32533297
32554297
32566957
32571896
32575496
32601387
32603552
32606289
32613422
32628746
32642734
32642735
32702947
32713795
32737285
32761598
32767931
32773772
32809069
32810864
32814491
32862234
32873259
32889804
32891903
32893091
32913547
32925410
32933826
32939452
32969737
32974639
33032988
33046013
33061844
33111300
33180429
33210232
33221173
33231931
33272643
33415784
33415792
33422488
33436083
33443663
33446201
33469372
33507822
33507832
33570696
33574490
33585982
33601906
33630851
33631016
33671872
33673681
33722742
33760884
33764694
33779870
33835015
33845248
33850471
33862521
33884301
33895104
33911094
33921292
33951044
33965620
33999308
34010628
34021083
34040258
34046057
34060283
34080803
34089417
34107390
34164111
34168676
34182240
34184824
34199217
34307048
34325699
34331013
34339711
34342021
34356257
34362135
34376137
34377779
34399888
34409490
34418705
34422335
34427956
34428430
34430126
34461930
34472416
34487523
34535841
34547192
34566848
34573290
34596808
34604833
34646065
34681033
34692515
34694046
34742158
34782607
34848192
34853665
34868260
34897289
34913528
34928431
34944956
34945792
34952640
34988040
35024939
35036627
35121649
35135143
35135154
35171439
35232382
35235785
35246941
35257620
35304941
35325245
35326581
35385748
35419473
35433111
35490035
35526187
35538247
35559021
35571990
35586752
35613620
35633639
35641267
35663259
35679001
35690920
35702135
35702826
35723633
35740680
35777330
35801779
35864494
35872068
35879407
35884384
35885913
35905710
35941319
35958499
35964345
35988589
36127120
36246612
36247331
36249525
36251260
36317063
36331594
36338647
36339913
36339945
36344265
36351408
36352461
36357766
36401065
36404348
36409827
36411470
36497280
36506347
36529650
36620543
36629684
36637081
36674722
36689660
36730977
36732663
36743881
36755948
36760809
36774237
36798587
36799629
36803953
36814440
36832459
36908940
36923276
36973520
36980006
36989515
37001256
37031525
37044095
37046770
37053535
37062455
37073110
37075699
37086345
37087941
37088138
37095468
37115209
37140985
37145209
37147639
37167059
37186028
37189588
37201029
37216402
37229573
37238595
37339702
37355626
37355921
37392224
37406085
37444637
37446790
37501682
37562365
37569527
37584733
37599594
37609227
37619442
37627552
37686382
37743642
37747491
37751797
37770931
37791039
37820398
37837197
37848948
37881491
37919875
37945316
37993422
37993698
37994127
38008284
38018226
38042136
38086379
38127282
38131619
38143008
38145120
38154814
38185792
38191386
38201517
38216123
38252486
38263885
38270845
38339344
38341500
38362057
38402381
38406862
38443693
38448021
38448973
38473354
38480916
38481529
38502231
38585724
38596211
38603649
38607446
38607967
38644819
38654147
38655100
38690594
38697680
38714355
38755192
38761686
38779293
38802214
38825366
38829328
38831040
38840975
38853441
38874808
38913608
38914690
38915235
38924432
38932491
38954284
38981629
38987187
38990653
39001468
39016685
39018633
39066783
39094827
39100928
39150563
39196963
39225241
39269317
39279083
39285664
39321200
39332134
39358987
39373898
39422328
39472976
39488215
39496396
39497113
39518076
39559002
39578817
39612400
39676297
39727655
39730180
39762421
39787416
39793045
39804140
39804485
39840811
39858077
39868496
39868924
39890807
39981478
40000831
40023845
40025578
40043354
40054407
40054547
40063513
40111124
