1675196
2105641
7479897
7485407
7535084
7607639
7657387
7668124
7669741
7685627
7705843
7711726
7747758
7759081
7789960
7795605
7829260
7849731
7862453
7882313
7911002
7947096
7951241
7981675
8004107
8012352
8012353
8035998
8069298
8069299
8089100
8102569
8111404
8113868
8155582
8162072
8188242
8401504
8413365
8557252
8566958
8655144
8689710
8698343
8718520
8755919
8882871
8889506
8923306
8958521
9029767
9143261
9184664
9225971
9309136
9315139
9391890
9395247
9399891
9425229
9499458
9521599
9538131
9605590
9643284
9656248
9679758
9701243
9779996
9810909
9817927
9852312
9862639
9863591
9892180
9931334
9933303
10090912
10215625
10220142
10327069
10369886
10389885
10394935
10403310
10433955
10447465
10451704
10495852
10507400
10669747
10691417
10697243
10697244
10748301
10771486
10777666
10783258
10790209
10790227
10889880
10910638
10964617
10992163
11043304
11070492
11107160
11123422
11129337
11129530
11132929
11148074
11159946
11186935
11285248
11316791
11329377
11380622
11391665
11404331
11439370
11448944
11589430
11666013
11668501
11756780
11792551
11826364
11836375
11974973
11979381
11996787
12011146
12011257
12116319
12130630
12168054
12210058
12217955
12384977
12444102
12471027
12646839
12665675
12687643
12695331
12821741
12830322
12925885
12975302
13679444
14562282
14566860
14612918
14724586
15000491
15159511
15378014
15467741
15598747
15609345
15635074
15639530
15645494
15681480
15684865
15699051
15743831
15776319
15797715
15844040
15857181
15994874
16061561
16204178
16213361
16287142
16324214
16341207
16341811
16353169
16537381
16571745
16612978
16652148
16786152
16818172
16925089
16935813
16983642
17122521
17168165
17175165
17222254
17222329
17304235
17319281
17470137
17478763
17509660
17655741
17663437
17721284
17868749
17962031
17980164
17998937
18033041
18071304
18072270
18285426
18361411
18554169
18560388
18670066
18822692
18835652
18974932
19084709
19144871
19230037
19289088
19328320
19396864
19429976
19451225
19451229
19545378
19652604
19691769
19715170
19880713
19898272
19921555
19924781
20028159
20154721
20156804
20178741
20301380
20445339
20643348
20682713
20729918
20831745
20930055
21074722
21154335
21175598
21278391
21357650
21383154
21563229
21750658
21878678
21970782
22055343
22081132
22098617
22246383
22295085
22355270
22431917
22436304
22495656
22525268
22606566
22710553
22745749
22760943
22773463
22825583
22911524
22989157
23036697
23151902
23197717
23267122
23308224
23328233
23348505
23475883
23555840
23580960
23641588
23666797
23792589
23921927
23928514
23931824
23960073
24012335
24014231
24171707
24259290
24282279
24323642
24350733
24357459
24393766
24443315
24595234
24612193
24619252
24652501
24726726
24746329
24778560
24786638
24815379
24882693
24888793
24912773
25026211
25043298
25325841
25488749
25537817
25549701
25596744
25630452
25652588
25725045
25779467
25823924
25893302
25931164
25981829
26045165
26066488
26073919
26183546
26219339
26337624
26344136
26359368
26360373
26483206
26483553
26493618
26554010
26840621
26890146
26923924
26997273
27050651
27128293
27229317
27259921
27289045
27354931
27363027
27402866
27446380
27480037
27527647
27617150
27913619
27958595
28003305
28149906
28163040
28191549
28285357
28365909
28427224
28434114
28468780
28474103
28710469
28735458
28764788
28775249
28848060
28923059
28934903
28972170
28981922
29130106
29188529
29230670
29249622
29268334
29361882
29440379
29456364
29468444
29532557
29535838
29581016
29587439
29599333
29637450
29692918
29709009
29712669
29780700
29928505
29944970
29982664
30006736
30031196
30035161
30059257
30106846
30135214
30244634
30325044
30390772
30417500
30449935
30531638
30603902
30617350
30624408
30666475
30816526
30918126
31033096
31043950
31059859
31062247
31063758
31089872
31177425
31231129
31257748
31273341
31298338
31312020
31341276
31371811
31388842
31443078
31470906
31567203
31570769
31583187
31585900
31634276
31652973
31676564
31715329
31730023
31734728
31789805
31802225
31847793
31936793
31949656
32070062
32115406
32124552
32196591
32217839
32229353
32244314
32311644
32337368
32422606
32451369
32452871
32457840
32542935
32548671
32575496
32637630
32642722
32661686
32697470
32787631
32925192
33087175
33180429
33219752
33243701
33270257
33273014
33414453
33445724
33547247
33622177
33710152
33753124
33803788
33805359
33809258
33850002
33964370
33984142
34075397
34090052
34261799
34264955
34348961
34422335
34424918
34433060
34453890
34621176
34728400
34728553
34749460
34918118
34929230
35034039
35067678
35332608
35394061
35420780
35445657
35570314
35652545
35705112
35804955
35875610
35943573
35970985
35986430
36008139
36059985
36077416
36148553
36166931
36167400
36198708
36267986
36285234
36285239
36285244
36288512
36300003
36420221
36436149
36442384
36599646
36639803
36748018
36762955
36788071
36806881
36917021
36929007
36933171
36944680
36975476
37010875
37051330
37087513
37096420
37118736
37180489
37243548
37280085
37287576
37342316
37387099
37527526
37576222
37680691
37691087
37706198
37730636
37875011
37983868
38102738
38115252
38265489
38302265
38372904
38427506
38438584
38451298
38476930
38482423
38521834
38522513
38527168
38552238
38613194
38641672
38672561
38746313
38752370
38776485
38794866
38817895
38828669
38854109
38879607
38879686
38893082
38897938
38904277
38925914
38928264
38953724
38963190
38967126
39005234
39006526
39077779
39083549
39179860
39192083
39209702
39209965
39212509
39325963
39327460
39368484
39380691
39386608
39389170
39444403
39468426
39474299
39559002
39576720
39647233
39693587
39726707
39731295
39738767
39762911
39796693
39824854
39841844
39868176
39873201
39881749
39886924
39894505
39896835
39907804
39912178
39921490
39937237
39941762
39941885
40004036
40049083
40055258
40085353
40090344
