12084707
18074351
19671143
20064547
20196834
20421815
20979613
21107315
22207565
22364041
22493435
22614957
22693272
23176750
23276910
23569125
23734777
24102512
24277722
24504888
24675225
24790085
25016225
25496089
25602788
26039680
26077880
26149655
26237736
26238954
26283888
26435321
26887053
26991755
27094017
27170270
27306592
27427974
27457817
27499952
27530814
27568559
27636860
27770790
27866025
28132522
28383996
28441900
28820283
29018201
29291022
29615460
29630901
29680643
29729523
29908802
29950142
30030777
30081710
30236989
30317545
30503583
30515697
30526471
30594360
30885764
30929321
30954259
31017264
31193706
31262393
31316499
31319993
31323387
31340446
31362587
31389006
31426718
31452195
31548347
31576860
31607206
31670652
31752195
31817362
31913745
31939850
32032722
32043657
32183173
32272498
32320383
32320433
32359988
32471565
32471566
32540353
32721475
32824922
32949653
33071215
33101586
33307193
33364966
33382170
33567500
33575477
33618031
33809242
33834930
33935736
33992811
34073838
34108963
34296252
34303275
34336095
34356477
34381706
34401494
34617407
34917233
35043283
35052597
35146014
35184662
35194221
35371318
35388756
35420382
35438056
35463818
35577980
35689537
35705448
35729769
35806488
35872531
35881855
36002660
36148820
36193742
36240971
36334193
36552591
36613859
36627482
36641074
36652552
36674585
36698892
37437439
37473958
37503591
37511362
37794491
37879763
38150882
38234509
38360055
38462445
38628662
38643981
38876457
38953310
39046701
39194761
39291751
39360581
39365293
39369625
39427782
39528799
39534872
39547014
39609608
39656603
39865770
40064975
40068292
