7609614
7664342
7697721
7698746
7789282
7926761
8088777
8622698
8643633
8704256
8756350
8923452
9111040
9153393
9169836
9207788
9315665
9343387
9374409
9442401
9462510
9484841
9528802
9621066
9653148
9826771
9831652
9920832
10074124
10200161
10367900
10383933
10437788
10465425
10514008
10557086
10607392
10607588
10607593
10627560
10637481
10644343
10734111
10747963
10748227
10805726
10839357
10839358
10879540
10882062
10899933
10933396
10934472
10961893
10967117
11000255
11003647
11006133
11054669
11062542
11150244
11160707
11171394
11182080
11193154
11207282
11239004
11245918
11286731
11290335
11408475
11425854
11435476
11438922
11448155
11504912
11511084
11583985
11699411
11719365
11731257
11777909
11807030
11813235
11823505
11866432
11869684
11895769
11900468
11964309
12025815
12050162
12111827
12121668
12165504
12175503
12186854
12208848
12242716
12459176
12479824
12482957
12486116
12590261
12629177
12644465
12681946
12682059
12700242
12753746
12768030
12794108
12795601
12807718
12810847
12815466
12829602
12853432
12876431
12921743
12928374
12960155
14502086
14595837
14597207
14601249
14622115
14678992
14695182
14976135
14991602
14996707
15028713
15058751
15068794
15082708
15086416
15162428
15251982
15289265
15356142
15369220
15472075
15509736
15520184
15542425
15548998
15555458
15574878
15604248
15606499
15625786
15650752
15652348
15652588
15688350
15694671
15695512
15723439
15756589
15809373
15817159
15854044
15897231
15904468
15919944
15939383
15951812
15964998
15978571
15994302
15998794
16025100
16079893
16160079
16166334
16166587
16169548
16219138
16239965
16245338
16282337
16317090
16319921
16341126
16360401
16378632
16409866
16448243
16448535
16449526
16492672
16507772
16507912
16508308
16510501
16554359
16554461
16571776
16607638
16608439
16614245
16618740
16651424
16688224
16690879
16698699
16699526
16701788
16707600
16729017
16729972
16738328
16751266
16766699
16775329
16822655
16847353
16870249
16880534
16885355
16887975
16888092
16916793
16951331
16954387
17008890
17046738
17080428
17090547
17095521
17098279
17107915
17114293
17123719
17136549
17151095
17158336
17160015
17172638
17173050
17186020
17200211
17215306
17229764
17237812
17252014
17259973
17296795
17298743
17305639
17309564
17316355
17332928
17344417
17353266
17361329
17368826
17404512
17425682
17434929
17440974
17483057
17513037
17526737
17534448
17581254
17585052
17605079
17611229
17616802
17636029
17662764
17671232
17681135
17685488
17698635
17728344
17849441
17851046
17873882
17874453
17878313
17901244
17927876
17991315
18049480
18063826
18156632
18182722
18184405
18187938
18193087
18227520
18241263
18274550
18281529
18286610
18289870
18292500
18292942
18320325
18332140
18343569
18353145
18354251
18411416
18414037
18445292
18449208
18490439
18520232
18538664
18549623
18550850
18559519
18563491
18570928
18593716
18604200
18617694
18625637
18633435
18647596
18663146
18666240
18677410
18765521
18777195
18798262
18815281
18824567
18824585
18832173
18844067
18924608
18945887
18981238
18991739
19000702
19000719
19035115
19064701
19075186
19097050
19103190
19109228
19110448
19122673
19147749
19151708
19151773
19181188
19190121
19190243
19190337
19209236
19214430
19218141
19238999
19239437
19245433
19246562
19290049
19328339
19336246
19339697
19340001
19349363
19349467
19376776
19378247
19398252
19433762
19491270
19536070
19549918
19550121
19567869
19571148
19573812
19604236
19605688
19620969
19631984
19635999
19652197
19662631
19686049
19695258
19700410
19701457
19702084
19704010
19708913
19717984
19723774
19724860
19724883
19726682
19728763
19759355
19771395
19778842
19794079
19794083
19799080
19800882
19801843
19846937
19855010
19914235
19923082
19932502
19934324
19951586
19953094
19956429
19956448
20008221
20012562
20015880
20038834
20058190
20077907
20101599
20117093
20127005
20147635
20161710
20193370
20193454
20194733
20211102
20337085
20346184
20346213
20348880
20351093
20351171
20427764
20442293
20442780
20443831
20454918
20459529
20484026
20508646
20515335
20538790
20551051
20554499
20558824
20562911
20578140
20626467
20628156
20628604
20648628
20665495
20683149
20685991
20730882
20736329
20739676
20740684
20800871
20801121
20805882
20813007
20817637
20829372
20837470
20852131
20861909
20861920
20923441
20944675
20951801
20965628
20979578
21042537
21093322
21108929
21145176
21147854
21156799
21163932
21191019
21203589
21241024
21251836
21266769
21266774
21277031
21280156
21301413
21321116
21321153
21346804
21356309
21378202
21389783
21398698
21402699
21414292
21419176
21426641
21427293
21433062
21464222
21466361
21471519
21480340
21481777
21516124
21548883
21555376
21556011
21558417
21571316
21613407
21616523
21625236
21631271
21643850
21665937
21670202
21670468
21700774
21709139
21723221
21730286
21737748
21743299
21756827
21757702
21768114
21768299
21771876
21778948
21785827
21795743
21798897
21803744
21814881
21820430
21824400
21829530
21835957
21840596
21869831
21880637
21880906
21898766
21931869
21936810
21937659
21939555
21955427
21968304
21984373
21990372
21993452
21993533
21993686
22020917
22038626
22052196
22056375
22075160
22077063
22086416
22093097
22100894
22110129
22110751
22116551
22117044
22118425
22128911
22143792
22150311
22154818
22171922
22182918
22194996
22199353
22207691
22210878
22225590
22229716
22232070
22245843
22249198
22249262
22249266
22291092
22311010
22319533
22321751
22330335
22331706
22357466
22383743
22390640
22396647
22448289
22463491
22474986
22480166
22483937
22488965
22490851
22492969
22504165
22505716
22506064
22510873
22511905
22514327
22517878
22521243
22526456
22535768
22547598
22571487
22581828
22583596
22619094
22640738
22652674
22684560
22684561
22695916
22715413
22718117
22768113
22772413
22775572
22780927
22781569
22781716
22814294
22833497
22833673
22836445
22846929
22851140
22858860
22863622
22875342
22888005
22902365
22914328
22915591
22919671
22922832
22937170
22940701
22965987
22968660
22972921
22978106
22978624
22986536
22991264
22992387
22996635
23022380
23022658
23028920
23033986
23040356
23041621
23053901
23067214
23070119
23072667
23085450
23086478
23086750
23087364
23103515
23108395
23124652
23138133
23151304
23152506
23160004
23161436
23161489
23167503
23178376
23179396
23181106
23188126
23227533
23229232
23235341
23252402
23258323
23268281
23284900
23289374
23295735
23307033
23323947
23343182
23349303
23349727
23389289
23391689
23408857
23409141
23423517
23434461
23435461
23435724
23447065
23448293
23454378
23468978
23500524
23526421
23568245
23569274
23571217
23578328
23578365
23578512
23583836
23593544
23594881
23597145
23615281
23618270
23620080
23640488
23641144
23644127
23645351
23651443
23651513
23671619
23673656
23688168
23690447
23707238
23708378
23734977
23741415
23742774
23752065
23755752
23774673
23788636
23798201
23807483
23813500
23815895
23821658
23824579
23825651
23834718
23852537
23860447
23870033
23874840
23874882
23881612
23883974
23893575
23922876
23936265
23938602
23940956
23943799
23946688
23967210
23974200
23974950
23978568
23989801
24004593
24010734
24024180
24048326
24068942
24090996
24095799
24113181
24113472
24124746
24140425
24140475
24141420
24144754
24166518
24170027
24177259
24198522
24217197
24217574
24217957
24219762
24249312
24251382
24260356
24274976
24277457
24281414
24286423
24301524
24302004
24305720
24308033
24309499
24312514
24321094
24326827
24336972
24349042
24368168
24370020
24374627
24384093
24396472
24397211
24415757
24418111
24419754
24424791
24451948
24469571
24474689
24492617
24508387
24509876
24516139
24525741
24530429
24563863
24571988
24579978
24583642
24584351
24597984
24628678
24637115
24642622
24659232
24659709
24662767
24684482
24690100
24693081
24693106
24700253
24705209
24706026
24726647
24726896
24727675
24729385
24730386
24743148
24751889
24765202
24781018
24782036
24789803
24801890
24803430
24810405
24829201
24885920
24888228
24894297
24894568
24894949
24898819
24899509
24904593
24913005
24923451
24931169
24939218
24952875
24969754
24970818
24974008
24977325
24997474
24998655
25004243
25017705
25034654
25043004
25050861
25060200
25073953
25093684
25101972
25110169
25118938
25120811
25132448
25147757
25149074
25149541
25175815
25176314
25179844
25185196
25194570
25201756
25203837
25206850
25234246
25234595
25253780
25263445
25287362
25337219
25338568
25344906
25366136
25367958
25368020
25381598
25404153
25406187
25412322
25420528
25425197
25456735
25468943
25493453
25517959
25522233
25537253
25541438
25543484
25544568
25552700
25559729
25585350
25587036
25592291
25605254
25611897
25623761
25624721
25633867
25633905
25637797
25645291
25645984
25653136
25667444
25671302
25680284
25696844
25700162
25700513
25723392
25725069
25736112
25744398
25759215
25766473
25767274
25768904
25783790
25786252
25797266
25802929
25805888
25806273
25806306
25817714
25824534
25830332
25842263
25871831
25878596
25879451
25887885
25890434
25903014
25914885
25916469
25920606
25930743
25948186
25954607
25955618
25956503
25963545
25963903
25970777
25979380
25995436
26018078
26023079
26033182
26040933
26045779
26046801
26052821
26058398
26062426
26062937
26070613
26091508
26115479
26116017
26117016
26121683
26124113
26137140
26147011
26152358
26152787
26164125
26165233
26165719
26175933
26202569
26206887
26249804
26269752
26282098
26283728
26292904
26293507
26294213
26299922
26302069
26307032
26308963
26321487
26328605
26330272
26358189
26358219
26361419
26362310
26381087
26390244
26394830
26398566
26398771
26400206
26406415
26417374
26426381
26439956
26460922
26464664
26469969
26471266
26482652
26487863
26491213
26499442
26500043
26503951
26507745
26518164
26522918
26522984
26527290
26528858
26530025
26530164
26547035
26550164
26552708
26558352
26562315
26563570
26612211
26622547
26625202
26635527
26646450
26662803
26682927
26695911
26704053
26707922
26707936
26708888
26714886
26716415
26742429
26744411
26764364
26765751
26766040
26775686
26782286
26783939
26786165
26791579
26800097
26816546
26817817
26819056
26820064
26821066
26837699
26847059
26848218
26850133
26851274
26854453
26858409
26864323
26864725
26867947
26870802
26916895
26926510
26927514
26933171
26933820
26967479
26971121
26986634
26988682
26996961
26998506
26999814
27015742
27021427
27023055
27035284
27049834
27050973
27057278
27082497
27084744
27099134
27106930
27107132
27108536
27125305
27125307
27156840
27167202
27175239
27176495
27181628
27186392
27189202
27191259
27210761
27229929
27259983
27266690
27267497
27271278
27279598
27281612
27335110
27337918
27342483
27342484
27342488
27343556
27347093
27354212
27356580
27364742
27378579
27381829
27384993
27387769
27389878
27391576
27398151
27404796
27428080
27429531
27453008
27468873
27468877
27470361
27470445
27471204
27473087
27476721
27488595
27489349
27489358
27491826
27499032
27521796
27524627
27525720
27542621
27542980
27561361
27566587
27582570
27586674
27593934
27595504
27602214
27615693
27626163
27630117
27639164
27651315
27666896
27667278
27670423
27686521
27694579
27697639
27705934
27717825
27722924
27738333
27753144
27758824
27770268
27773542
27773930
27779661
27784377
27789554
27789555
27799771
27804997
27806347
27813493
27821177
27822429
27835908
27849611
27853380
27861153
27870570
27872499
27878968
27888063
27888718
27901069
27901093
27916718
27924447
27924849
27926858
27932500
27941886
27943289
27959334
28004113
28017968
28025657
28026975
28030808
28035069
28035539
28042317
28060745
28074183
28075457
28084632
28099888
28112174
28115368
28122586
28123599
28137279
28138706
28142228
28143869
28157712
28169962
28174276
28177944
28181739
28183698
28195818
28208520
28210849
28220825
28237486
28238683
28246602
28255276
28266574
28273100
28297578
28302721
28314854
28321119
28330128
28336661
28346225
28360149
28377411
28380416
28388563
28395734
28410392
28414324
28415716
28416482
28424451
28424456
28426366
28439122
28446394
28450091
28454395
28455409
28461338
28468088
28475172
28485785
28487976
28487981
28498977
28505901
28507277
28511663
28522590
28526405
28550186
28561022
28562688
28586004
28599454
28600728
28606953
28608148
28611114
28614716
28618922
28619820
28627671
28627674
28637720
28643424
28648895
28655612
28673966
28678318
28694103
28695984
28698260
28698562
28699643
28709865
28716817
28718726
28745029
28745885
28747286
28747631
28762472
28764685
28765900
28776427
28776666
28776955
28781077
28786053
28791383
28823832
28824367
28831511
28837890
28839212
28855037
28863329
28866747
28871126
28893903
28910158
28914259
28914715
28920078
28931897
28932899
28935990
28947978
28950865
28968975
28974890
28984154
29023469
29024000
29029518
29030004
29030969
29031923
29039517
29042478
29047461
29048612
29050782
29085370
29085444
29093270
29095923
29097792
29098541
29099504
29117785
29126793
29138545
29139178
29141398
29150595
29152141
29158376
29158473
29169413
29170450
29186476
29188781
29196129
29198941
29200162
29202800
29229426
29230705
29237816
29242529
29246789
29248560
29249451
29262898
29262902
29269413
29286063
29286081
29301578
29305585
29307821
29311933
29321718
29337929
29340051
29341247
29342458
29345116
29383147
29383634
29387001
29399073
29410010
29410396
29425642
29434852
29440145
29441982
29444743
29449332
29454609
29458175
29464183
29464890
29471887
29471890
29481785
29482073
29496446
29504377
29508386
29529692
29532851
29533972
29535000
29548748
29573199
29575548
29599840
29616098
29620159
29620248
29636838
29653750
29662198
29663635
29666622
29674611
29686529
29689424
29707277
29717517
29721172
29725418
29732315
29743679
29748783
29772210
29777575
29778253
29781036
29781813
29784917
29807327
29845267
29849934
29866901
29867564
29874112
29895489
29902455
29908894
29909892
29916899
29924882
29951922
29956731
29959199
29963147
29968951
29981167
29984257
29991107
29998084
30010211
30018219
30021650
30024600
30036609
30038258
30042180
30043645
30059548
30086426
30087708
30103197
30103821
30106161
30127866
30130526
30131677
30136202
30137697
30158530
30170559
30187965
30207627
30213787
30218064
30219518
30224337
30224339
30231940
30241935
30242055
30244128
30245966
30246884
30250219
30264361
30266659
30279738
30282072
30284999
30289388
30295241
30297829
30302867
30304769
30312604
30318366
30333478
30336197
30337536
30341382
30347531
30347923
30367520
30369195
30370059
30377557
30387229
30387817
30389219
30389946
30394310
30405755
30405767
30407728
30408569
30415904
30416668
30425527
30426533
30431136
30448061
30448346
30473538
30483127
30486896
30498746
30510140
30511478
30514801
30515785
30515819
30530967
30542388
30542413
30543902
30548287
30559479
30565678
30571142
30574752
30582451
30582853
30594396
30596653
30599914
30622441
30624777
30629480
30636930
30639059
30646897
30653427
30662935
30671927
30678233
30690027
30696875
30714138
30718223
30764900
30768929
30770351
30784178
30787185
30788923
30792717
30809937
30816513
30839137
30851338
30886104
30895661
30902967
30903095
30914196
30923091
30930891
30930998
30941836
30942419
30967635
30998155
31002155
31005366
31015891
31020645
31023264
31025390
31028097
31030096
31031809
31087489
31099068
31102753
31104008
31111652
31115130
31118806
31122254
31129659
31130947
31142802
31158382
31170211
31172614
31189722
31189969
31190277
31201143
31205475
31210285
31215145
31215640
31218007
31226520
31249601
31264841
31265994
31270884
31276627
31277684
31281517
31307187
31317687
31319505
31322442
31330235
31339573
31341237
31345270
31357442
31369215
31376409
31378897
31382985
31391063
31393559
31395064
31433841
31440379
31450635
31467126
31467127
31467429
31476403
31477177
31502256
31504682
31506740
31511328
31526384
31527799
31539803
31545250
31559315
31570570
31571144
31578228
31590629
31591643
31597699
31598881
31599420
31599430
31605148
31613930
31616059
31626039
31637632
31638138
31640732
31655908
31673056
31676012
31682381
31686849
31692534
31712410
31718671
31718694
31724455
31732769
31747319
31752063
31759078
31760940
31770379
31775892
31777263
31778662
31778670
31781973
31785807
31791662
31796666
31799679
31811050
31819478
31822496
31824864
31827722
31836671
31836676
31836851
31845224
31849496
31853185
31853695
31866380
31867804
31870258
31874246
31874951
31881225
31881484
31888685
31897330
31907929
31927049
31939436
31943342
31957545
31964857
31966818
31975567
31976596
31997628
32004541
32015216
32020593
32025208
32028262
32032581
32036086
32041737
32042099
32069075
32086902
32087972
32089723
32090976
32092673
32097987
32110096
32117982
32119078
32123166
32129674
32141629
32144600
32157565
32171747
32174059
32182759
32201074
32208126
32228202
32234357
32239672
32255245
32256981
32272451
32277646
32327503
32328949
32338120
32349744
32375772
32386594
32389169
32415821
32417395
32423029
32423385
32430170
32440325
32458636
32458967
32461793
32467240
32468397
32471667
32479651
32484440
32487031
32505675
32507766
32522460
32524570
32529705
32543269
32545442
32547317
32572910
32582141
32591457
32591500
32598932
32599683
32601154
32604737
32626918
32626991
32631394
32632543
32632967
32644005
32652209
32655812
32660465
32671438
32674293
32704077
32720365
32732360
32735882
32736292
32748548
32750425
32756905
32772271
32774502
32792479
32800766
32801053
32801899
32820046
32827575
32828943
32829169
32871474
32871987
32896567
32901446
32907850
32913140
32913469
32921999
32924017
32935466
32965124
32991757
32999360
33010698
33015064
33021719
33040781
33045308
33046701
33046710
33046983
33051403
33054031
33068240
33072583
33081033
33087513
33094831
33097642
33099290
33104707
33109684
33116460
33121237
33126764
33135348
33145353
33148199
33151961
33159583
33168512
33173313
33173345
33176682
33189893
33190170
33192556
33216617
33224949
33236068
33237585
33237915
33247628
33255632
33262943
33274006
33284968
33292596
33300051
33309869
33314742
33322834
33324079
33325634
33335999
33336734
33338479
33342936
33351914
33380402
33406278
33413403
33417512
33435713
33461167
33468121
33469672
33482170
33493420
33500246
33504414
33515675
33527629
33535178
33537296
33538798
33552243
33559815
33571115
33610041
33615197
33620018
33625731
33630301
33633803
33643896
33649841
33650817
33655333
33657078
33659293
33673337
33675181
33675278
33683044
33705467
33708131
33721156
33732379
33732381
33741899
33757840
33767587
33777271
33813076
33817217
33817242
33820800
33841573
33841705
33845903
33854547
33858050
33860063
33863360
33875813
33891780
33905845
33922104
33925547
33945189
33945853
33947863
33959615
33960694
33971906
33976158
33986614
33993060
34001269
34004439
34018360
34035082
34068438
34102194
34123837
34162555
34218589
34222228
34223928
34224859
34232601
34236031
34237907
34246759
34257546
34257696
34278466
34294143
34296965
34305641
34320265
34322489
34329545
34335900
34341330
34363722
34367901
34376038
34389314
34391381
34392653
34408185
34415065
34429755
34431214
34442029
34447638
34450695
34453945
34463756
34465724
34473233
34480336
34482375
34485294
34495871
34497373
34504645
34512162
34514345
34517917
34532436
34533030
34543658
34553339
34556822
34571841
34573936
34624395
34631547
34641486
34646085
34657081
34658283
34663788
34669156
34671198
34675978
34709377
34726809
34730202
34731490
34739190
34739767
34753401
34755661
34769441
34771555
34780912
34796469
34796471
34814054
34831307
34878922
34889737
34897970
34907823
34921404
34922602
34952204
34956871
34957094
34958806
34959725
34961513
34971948
34975828
34981118
34989420
34994644
34995552
35013621
35014081
35020836
35023444
35028417
35036359
35059741
35064244
35069851
35074856
35100710
35111674
35116634
35116675
35122387
35129045
35138218
35158204
35164848
35172244
35172861
35173274
35186194
35202986
35205828
35211114
35222416
35234049
35256782
35265142
35267002
35280686
35288444
35290457
35300568
35306046
35306425
35326122
35332257
35339029
35355403
35371023
35371065
35383153
35383529
35388333
35401501
35410206
35427039
35430388
35430703
35435367
35441180
35448087
35457181
35487904
35489123
35494663
35503594
35508790
35508987
35514492
35515501
35526251
35526791
35543859
35545948
35569548
35571238
35581583
35582997
35585598
35588098
35589023
35589701
35589941
35605191
35612571
35617425
35623350
35623385
35646297
35655918
35681778
35693094
35705831
35717485
35723582
35725756
35730371
35731997
35732696
35737588
35740661
35740666
35747382
35768390
35770637
35821235
35822558
35822955
35832093
35848163
35848447
35900580
35909477
35911687
35922037
35930913
35947102
35959262
35961388
35975741
35982489
36006534
36009031
36028880
36038992
36047984
36050315
36075327
36077878
36090975
36092350
36092736
36093061
36105047
36114543
36116111
36121500
36124629
36147467
36147468
36167256
36180477
36183290
36194598
36207817
36211456
36212390
36214714
36241874
36241947
36243685
36258720
36270035
36273888
36277155
36282598
36301163
36307212
36308681
36313682
36316479
36316481
36317130
36322781
36325774
36348805
36358826
36376768
36410023
36411516
36418183
36418641
36422542
36428516
36439868
36453506
36504898
36565355
36567270
36573331
36580262
36582407
36583388
36592610
36593298
36594470
36599283
36600025
36602704
36609902
36611931
36635770
36637816
36643842
36656965
36657722
36658434
36697060
36705479
36706917
36711751
36715182
36747830
36754210
36757381
36765626
36789506
36793110
36793762
36795754
36797416
36799152
36815032
36834623
36840628
36866832
36879115
36890049
36891671
36892079
36908813
36909163
36923090
36925051
36930053
36951273
36966850
36973704
36982170
36982904
37004088
37008245
37024946
37063841
37069577
37069662
37081375
37086009
37105506
37119765
37149661
37156030
37183251
37189165
37205094
37205914
37211942
37213235
37227119
37239988
37249327
37256552
37258472
37263315
37265030
37284814
37293860
37295260
37322413
37329502
37329823
37334936
37337280
37356931
37357241
37373457
37386638
37388352
37391408
37393915
37396541
37415153
37416763
37426152
37458029
37459956
37474578
37480504
37487254
37489207
37491294
37491944
37543138
37545390
37574639
37619521
37622004
37622120
37625018
37628760
37642901
37644332
37664441
37667380
37675298
37714834
37715394
37723064
37726110
37727322
37730259
37741572
37749094
37749321
37760477
37767799
37769714
37776784
37796194
37799659
37817771
37833915
37839360
37839636
37844745
37848698
37850827
37859809
37860368
37864465
37877736
37879562
37882064
37886163
37893184
37894541
37921375
37926401
37927011
37933657
37934372
37942767
37943247
37983940
37984337
38007584
38014317
38017499
38020255
38040752
38043386
38043798
38062730
38075489
38085465
38114625
38118204
38137105
38142168
38176268
38186023
38187061
38194243
38203782
38230242
38236532
38241695
38242426
38246005
38253083
38255842
38255868
38258595
38277016
38281745
38291201
38346176
38346470
38349431
38366389
38375306
38383534
38387192
38387900
38396553
38406970
38418142
38419443
38443515
38471404
38471758
38474113
38497543
38522759
38524608
38532427
38534401
38538986
38556862
38564505
38565408
38573832
38603632
38617543
38617785
38622406
38636320
38645096
38650654
38652598
38654204
38670408
38690715
38713385
38726796
38751274
38761249
38772475
38778082
38783634
38788404
38791441
38801356
38810840
38812186
38817387
38825493
38833814
38841263
38860169
38866828
38880328
38893431
38903104
38904340
38928249
38940036
38943584
38948287
38948821
38948925
38952291
38975735
38975769
38976017
38985587
38985599
38988940
38994725
39010883
39011853
39024510
39025882
39031781
39040060
39048597
39055908
39060522
39063983
39075371
39079536
39082354
39093480
39094438
39104620
39113057
39113792
39117072
39117671
39122845
39125516
39131356
39134472
39152570
39153127
39157351
39161195
39172098
39217654
39230995
39234857
39258189
39258755
39260311
39293836
39300145
39303845
39316936
39342271
39390606
39394529
39401633
39423824
39427519
39443594
39445418
39447086
39472581
39484457
39491031
39508931
39514048
39516839
39523215
39530322
39543218
39544152
39550366
39560425
39565513
39566406
39567207
39568588
39572549
39578205
39580130
39585329
39586983
39598328
39612246
39656437
39661510
39663000
39672685
39672989
39704867
39710090
39713683
39717502
39720516
39724412
39727347
39734412
39736459
39737592
39754211
39756602
39762921
39764424
39779370
39785696
39789446
39793743
39805791
39809927
39822534
39843802
39844302
39864044
39865309
39870054
39879823
39889709
39910153
39911826
39949802
39951437
39954561
39970517
39972323
39976779
39988285
39994412
40002899
40009499
40016471
40019048
40025949
40034926
40053226
40060224
40078075
40083323
40084686
40089284
40090087
40100070
40105819
40108537
40113912
