8878478
8923452
9329692
9388391
9388399
9570965
10371548
10609671
10712431
10716263
10777367
10802804
10802807
10854111
10880446
10944559
10969905
11006133
11058919
11102981
11182080
11244211
11257815
11391502
11413271
11438922
11486103
11559313
11591842
11706120
11715063
11715067
11718749
11755616
11757773
11784372
11861701
11866432
11891328
11909813
11925448
11971902
12136071
12210282
12480758
12507916
12589106
12673204
12681947
12756589
12810003
14563319
14566327
14568923
14595837
14667809
14714274
14767686
15210536
15210914
15300988
15304596
15350543
15387979
15545631
15592506
15694192
15818833
15834039
15857853
15867348
15882997
16107360
16111703
16186803
16256149
16368887
16426270
16492242
16498412
16507912
16508304
16521241
16521242
16521289
16521299
16580020
16717210
16730748
16778208
16791082
16796587
16827154
16864835
16871402
16949066
16974063
16998728
17128473
17235124
17260807
17276737
17292860
17331978
17332745
17389000
17438625
17598216
17598243
17598244
17690848
17696940
17804716
17822871
17853970
17854869
17872982
17879445
17879446
17879447
17879453
17881497
17918209
17939118
17981798
18022198
18182388
18196251
18250475
18273901
18339869
18386330
18386331
18499132
18572291
18632624
18758477
18765654
18818417
18941948
18974129
19006080
19018300
19043263
19056668
19147503
19150886
19153638
19174371
19208840
19242647
19259619
19293235
19304334
19372454
19373490
19417009
19419383
19461123
19528524
19576955
19705151
19723635
19735738
19816816
19825845
19835636
19855400
19881544
19966856
20038773
20068176
20169447
20359736
20472562
20614134
20651241
20671266
20689064
20716402
20719118
20801121
20888320
20935329
20953350
20960513
20960662
20960663
20967782
21169401
21191019
21211425
21217157
21235539
21245095
21263446
21356309
21409506
21488283
21488300
21502811
21508258
21518968
21536678
21551231
21598247
21616505
21628316
21702048
21743488
21768299
21852154
21890822
21912215
21920521
21931869
21940234
21940951
22006983
22009689
22053260
22079830
22082899
22117196
22120716
22133740
22153798
22153900
22159056
22204979
22206696
22292737
22373597
22396495
22493555
22615991
22664156
22691042
22948298
22952000
22996955
23010708
23028706
23055528
23117660
23151434
23152506
23226563
23319290
23394849
23404717
23420695
23426998
23465844
23468978
23492684
23542683
23565538
23572112
23584202
23587639
23597439
23602593
23610446
23623146
23645556
23649002
23649698
23720232
23729168
23747483
23816696
23836039
23845442
23863484
23865785
23918872
23924696
23928992
23975424
24000151
24086431
24100291
24108583
24113128
24138322
24139282
24143218
24224126
24244701
24306108
24315235
24316924
24367688
24386511
24425116
24480794
24525742
24579972
24728738
24743243
24797362
24810798
24816653
24825564
24842903
24844136
24867925
24867927
24936512
24984200
25010594
25060200
25080992
25095812
25096610
25098330
25125655
25150590
25164209
25169943
25190493
25260852
25297585
25326132
25356737
25381438
25394726
25412914
25421557
25431954
25477343
25499214
25512616
25539150
25555543
25564622
25572698
25578324
25595846
25604251
25607234
25623805
25658374
25668819
25692567
25700162
25738469
25791711
25834748
25856100
25870235
25922511
25922512
25929831
25934888
25942113
25953367
25957400
25973016
25982499
26002683
26051713
26093524
26122050
26207830
26270344
26317171
26368811
26380809
26453897
26487518
26539217
26550181
26563570
26622547
26640406
26694515
26715087
26754023
26838758
26847503
26850019
26858125
26868537
26876201
26889213
26894465
26912635
26977885
26989760
27035162
27035429
27079553
27095764
27102435
27124156
27157619
27241575
27248323
27266621
27296994
27336130
27350778
27370894
27375140
27378579
27423596
27445438
27570480
27633819
27743379
27770607
27780727
27781952
27791012
27821617
27841855
27844030
27861750
27879421
27881154
27887917
27941324
27986595
28004073
28036048
28078618
28101238
28108512
28131704
28165469
28281965
28341077
28366784
28415631
28416766
28440410
28446540
28476798
28479817
28601945
28606936
28625320
28698285
28714011
28719575
28759157
28867018
28867019
28867359
28902129
28968975
29023469
29027990
29069826
29093274
29101245
29109797
29128180
29158806
29161703
29170450
29188607
29254197
29259010
29304760
29312803
29363903
29414412
29428736
29445441
29463793
29544907
29593070
29600389
29607917
29622701
29643474
29659670
29695612
29709509
29712618
29751972
29765324
29780132
29795369
29801872
29980472
29991510
30014602
30030828
30032161
30038265
30081092
30097569
30100605
30109141
30109262
30119050
30180881
30199759
30237574
30309883
30321499
30332548
30335900
30338453
30341249
30347392
30355220
30420565
30454692
30502484
30532056
30545719
30565089
30565428
30655747
30656190
30662285
30674940
30723507
30726543
30732676
30763672
30765875
30776699
30806291
30811836
30847673
30859180
30887250
30895619
30906212
30906341
30954415
31001470
31186700
31188489
31212292
31218211
31220525
31288479
31324198
31339861
31359737
31400166
31441874
31443114
31467432
31554780
31566039
31621893
31652721
31667734
31699577
31720972
31729093
31755192
31770532
31781236
31792094
31799216
31811815
31813735
31843982
31868216
31901894
31922915
31934201
31960911
32029735
32030815
32045841
32055601
32073729
32119934
32122318
32144602
32169072
32185220
32210034
32238183
32313717
32337960
32343052
32344328
32387185
32414585
32468036
32470649
32477100
32495894
32525899
32555735
32570839
32573853
32616814
32627519
32655812
32662081
32695015
32732295
32749453
32794408
32859670
32874974
32908186
32929895
32965734
32980981
33015064
33021719
33029756
33071287
33099573
33149805
33154777
33156571
33161844
33161845
33169924
33244467
33254371
33278458
33305890
33335580
33444514
33452458
33479597
33493070
33493092
33509954
33552974
33591242
33665264
33676359
33678736
33681964
33708426
33712516
33716917
33742276
33774049
33775697
33781742
33860007
33894418
33895122
33898742
33939102
33942994
34006834
34042293
34093162
34095881
34119749
34195229
34222332
34277625
34297860
34315224
34335700
34344799
34352628
34374252
34404235
34446744
34462426
34506759
34558736
34575036
34640639
34688318
34733326
34739617
34750395
34790377
34790400
34831437
34851492
34868328
34873483
34878922
34881353
34954928
34990407
34993814
35026854
35055068
35073251
35090386
35118116
35211631
35223989
35229725
35258176
35300531
35302383
35316462
35363195
35390742
35393494
35405766
35463301
35506080
35507674
35523050
35534193
35536858
35611804
35624284
35630598
35641310
35664020
35675784
35693080
35714766
35754337
35760307
35775048
35781912
35782589
35822697
35862191
35884426
35914942
35953831
36047082
36052538
36086804
36139447
36142458
36182796
36205077
36206975
36254369
36382054
36401683
36411388
36470429
36524456
36531228
36535904
36555708
36570541
36603788
36604800
36647017
36740988
36749424
36788105
36854682
36856106
36881595
36892712
36946271
36960874
36961171
37016940
37026620
37141739
37153858
37202533
37209821
37235496
37254738
37256417
37280231
37284062
37295172
37308231
37318881
37342066
37358698
37485895
37503127
37526664
37563118
37573513
37583037
37598468
37655063
37681004
37688971
37692492
37699967
37704069
37721423
37735673
37745500
37761855
37767086
37775315
37834922
37853162
37855127
37873835
37905445
37970253
37970308
37971882
37982214
38015629
38051182
38058732
38115797
38124049
38164285
38176524
38254727
38277337
38292197
38306433
38331752
38335304
38342606
38348813
38385272
38386425
38398234
38408980
38436192
38520151
38564505
38585552
38592587
38597939
38604258
38615020
38713890
38738590
38742767
38804484
38824264
38892440
38906903
38907003
38935968
38941707
38950346
38966425
38989243
39012624
39054360
39130639
39191170
39201482
39257469
39271666
39286249
39303912
39333079
39357702
39374470
39465783
39537978
39557868
39610302
39621175
39652165
39652711
39691595
39752389
39753198
39759869
39841284
39842335
39853935
39864627
39877521
39910908
39983483
40016442
40018934
