8681805
9150355
9168133
9243759
9458119
9576833
9693032
10233982
10797286
10932176
10959425
10964583
11078798
11239712
11344305
11381257
11381258
11407996
11803454
11901359
11909975
12589427
12605097
12627456
12627457
12648276
12782960
12873802
14651518
14701863
14732589
14755446
14961038
15009827
15091315
15115916
15187023
15211628
15231576
15384085
15531924
15653273
15684396
15939383
15994223
16007227
16378929
16538185
16878155
16894623
16951162
16969274
17054719
17220278
17452726
17696940
18302767
18667694
18802018
18836481
19852756
19933399
20068161
20643108
20659700
21085055
21159651
21297263
22001063
22261032
22488909
22641179
22694956
22732452
22965833
23015403
23212060
23237809
23318300
23549433
23566281
23576639
23587900
23593654
23601498
23632848
23742774
24373503
24403446
24667410
24919951
25060200
25142293
25468970
25511451
25658374
25663545
25704336
25740432
26387946
26472724
26530164
26605328
26801977
26850019
27069008
27197026
27231971
27234159
27354212
27446436
27829420
27900027
28013300
28108315
28587423
29058285
29069725
29101237
29146722
29162408
29228365
29577422
29693251
29805613
30026833
30442821
30593175
30975104
31515487
31727625
31838262
32104513
32123583
32646407
32900838
32929274
33000281
33118329
33134369
33214720
33317561
33491747
33665264
33903767
33915108
33991537
34050948
34284787
34335914
34526819
34665379
34785669
34925319
34988077
35016680
35437758
35543859
35619768
35841382
35917995
35941043
35967450
36044575
36094233
36376768
36441145
36714673
36724752
36817473
36846736
36970723
37108670
37149651
37268635
37397510
37476261
37478314
37544578
38464011
38759515
38811818
38984877
39074180
39309008
39361431
39698532
