1295745
7609614
8892932
8923452
9032325
9343387
9528802
9570965
10393120
10507363
10551863
10590176
10704869
10934472
10958687
11090631
11171333
11346656
11438922
11545715
11577080
11823422
11861489
11866432
11986231
12242712
12531696
12753744
12753746
12802175
12931033
12960298
14612407
14650983
14732396
14976135
15507668
15520184
15565166
15621797
15625786
15875289
15897231
16397869
16515557
16773578
16840533
17044085
17080428
17219215
17229764
17359302
17579038
17593975
17675579
17699740
17949281
18155189
18266235
18274550
18330927
18353145
18469519
18499801
18508802
18515423
18567820
18666240
18710934
18724371
19035115
19119320
19339697
19445024
19530136
19551907
19653042
19670153
19701457
19914235
19995395
20011512
20156974
20299358
20351182
20482849
20624967
20643108
20829885
20971948
21042537
21184191
21285514
21328691
21332343
21378202
21378985
21378989
21466361
21639801
21681853
21709139
21793104
21795747
21976141
22018469
22028443
22161246
22173065
22190591
22209762
22293205
22390640
22396647
22476855
22505716
22615991
22695918
22717580
22865640
22891273
22891276
22915591
22965833
22970250
23117206
23175466
23243020
23277114
23278106
23299462
23315998
23326131
23330366
23349727
23359130
23389697
23401378
23406467
23536545
23566664
23587900
23599800
23604318
23676271
23806616
23913046
23965337
23967108
24223455
24317268
24323359
24325066
24508387
24509876
24526233
24574459
24608068
24707357
24733829
24842903
24995648
25038880
25180870
25314575
25323114
25381598
25388246
25397403
25446530
25558064
25659500
25696021
25712254
25737299
25902091
25918160
25934888
25954607
25957400
25985737
26018735
26034172
26041881
26062937
26165719
26252838
26288744
26293507
26299339
26427670
26429967
26453897
26640406
26700818
26769750
26829213
26832164
26933171
27097807
27102824
27158037
27221981
27241678
27592446
27832663
27855169
27932500
28040705
28123599
28161537
28167435
28232365
28274157
28278511
28323963
28382040
28389242
28411109
28413478
28416750
28465853
28476798
28495268
28522570
28560393
28566723
28592489
28606936
28666642
28705113
28707394
28713967
28729299
28733035
28736522
28794851
28851699
28856714
28969912
29063319
29067740
29075789
29078041
29139178
29149593
29229388
29241074
29258209
29299142
29329397
29348460
29386140
29404455
29462128
29545603
29581534
29626590
29706630
29853569
29875313
29915190
30137697
30223264
30226866
30233306
30242258
30279176
30285832
30289388
30304446
30304577
30329210
30404578
30439647
30470250
30497876
30606241
30670679
30763736
30808369
30936982
30953350
30988799
31109956
31115015
31186700
31217737
31218097
31239543
31343788
31390563
31595186
31613930
31619270
31633240
31643078
31659254
31699119
31749841
31757211
31854042
31891282
31948095
31992595
32015484
32023464
32077168
32144922
32228394
32293074
32294039
32312275
32323420
32400230
32423029
32457613
32468186
32568179
32570839
32585247
32599683
32621951
32671438
32705191
32749152
32756905
32770090
32772338
32782588
32820046
32844486
32848412
32860901
32866557
32944632
33017602
33025564
33145927
33158763
33214146
33309869
33382997
33400727
33460397
33520214
33529444
33536058
33549106
33597542
33631423
33712887
33714692
33785336
33835684
33839417
33961511
33972506
33981480
34023619
34122720
34149905
34224316
34245196
34292677
34296965
34332988
34460816
34473651
34480930
34485133
34581980
34635817
34649592
34725461
34742737
34821000
34840770
34911544
34935186
35038826
35043011
35054871
35064244
35070982
35228746
35289498
35296870
35322757
35337368
35371023
35379056
35384009
35426327
35512476
35512514
35563828
35567760
35592493
35599309
35616134
35699595
35727972
35774607
35797968
35899814
35918619
35922037
35954226
36079132
36153188
36155282
36201396
36214997
36253711
36294921
36324047
36348269
36439569
36458146
36467812
36535266
36537124
36574342
36643842
36686759
36717696
36973590
37072283
37076859
37087577
37121269
37138656
37152444
37198207
37235754
37277016
37337406
37523971
37567042
37607223
37664144
37728427
37852117
37865314
37943661
38051182
38148075
38159855
38180443
38246572
38277288
38438375
38462037
38538004
38577711
38580081
38612240
38852005
38859761
38969159
38973459
38990721
39117162
39121977
39202394
39217351
39382141
39461989
39492960
39501373
39505846
39522684
39523591
39530322
39569601
39571704
39601111
39604821
39684291
39731910
39732698
39745791
39823011
39924078
39951484
40104444
