15973451
15994285
16051734
16109776
16244291
16341035
16455956
16541144
16645213
16678898
16870143
16870548
16926303
17041639
17151698
17301808
17306368
17361227
17410190
17488663
17504301
17597811
17637812
17639390
17768124
17875528
17877154
17922009
17949752
17957027
17972951
17990174
18024471
18059485
18180033
18192111
18200037
18212245
18261272
18268276
18273044
18401421
18403611
18454140
18477048
18478020
18563173
18590714
18596743
18603563
18641025
18664261
18830256
19005479
19020547
19055671
19100523
19181793
19188445
19279329
19365794
19369962
19379554
19421226
19429869
19484332
19516275
19540590
19545284
19569254
19581289
19587375
19593743
19637342
19672946
19737150
19770764
19776758
19847200
19854508
19865112
19965647
19965707
20026798
20073075
20137111
20197555
20203266
20207848
20306250
20360144
20376085
20378574
20439648
20453307
20471513
20520634
20546020
20567020
20616361
20634376
20678218
20713529
20724983
20803351
20805365
20855646
20858094
20872983
20875872
20877721
20924036
20979630
20981679
21030560
21076177
21112040
21120181
21122310
21122395
21146872
21152184
21173125
21183700
21223736
21233837
21331074
21338238
21393327
21395122
21425800
21447089
21516736
21537333
21537492
21555683
21577323
21606167
21621842
21666141
21689158
21707751
21709672
21719597
21724308
21729557
21744003
21750085
21763502
21784052
21789382
21791474
21860418
21867632
21904378
21904384
21921055
21986839
21986840
22035378
22053282
22058196
22104247
22126574
22231465
22362118
22362753
22374696
22454318
22481022
22487825
22494415
22528486
22585616
22631075
22681934
22688855
22712502
22733614
22766221
22791379
22906848
22911473
22914610
22929972
22950897
22967425
22978565
23019224
23020761
23065518
23161387
23226219
23232117
23238897
23248243
23285058
23301224
23377436
23384905
23435463
23465275
23473998
23484732
23496932
23511494
23516888
23530539
23540998
23544830
23582595
23601747
23611213
23656730
23666693
23688760
23690292
23691328
23701943
23704090
23708641
23753029
23763915
23771655
23815900
23815906
23829510
23884732
23907410
23929838
23998253
23998612
24004182
24032106
24054719
24164801
24192815
24288427
24370016
24385775
24413856
24413869
24443894
24497565
24497566
24515769
24573385
24596420
24598642
24616519
24649346
24666762
24675106
24689895
24724782
24733791
24743218
24764728
24796332
24816240
24824767
24839294
24857377
24859829
24895580
24915920
24972150
24991885
25026287
25027285
25039748
25083817
25179729
25183279
25242579
25255220
25258581
25281355
25299584
25348016
25349176
25349213
25384962
25400766
25490769
25527567
25543261
25547501
25547505
25552703
25629988
25631405
25648021
25709893
25713434
25779376
25793242
25795706
25795919
25800051
25809997
25813079
25865359
25927245
25961029
26022051
26054017
26055329
26068981
26101160
26113416
26200838
26205693
26342691
26376154
26376228
26405153
26410460
26420438
26471486
26508204
26526573
26559910
26576281
26602084
26634271
26666953
26676635
26692090
26754533
26789634
26847745
26894557
26915617
26925127
26993766
27003236
27036161
27050906
27062498
27064021
27071442
27073492
27090743
27106701
27374703
27398412
27416910
27436336
27471865
27484360
27489590
27510036
27525194
27535106
27636548
27643573
27667466
27698101
27732946
27798920
27813149
27906185
27980750
27983985
28003476
28005077
28045037
28056203
28076884
28111462
28152414
28219218
28239274
28294102
28318150
28370403
28407515
28432080
28471807
28525762
28581462
28645444
28677819
28679652
28690314
28699672
28707414
28740552
28766835
28835438
28937371
28945881
28959884
28971903
29057309
29074594
29079128
29080220
29090521
29129825
29157973
29166739
29172276
29175091
29183886
29221119
29224316
29251779
29274134
29296796
29343273
29398797
29423110
29425073
29441887
29466670
29483575
29527821
29530994
29589547
29601212
29622659
29622865
29684564
29724895
29746960
29748442
29785446
29806702
29903758
29903763
29932212
30068244
30082225
30122998
30126426
30184450
30205049
30214626
30341082
30346304
30377763
30404199
30417521
30453269
30455361
30456896
30485779
30498217
30499647
30521114
30529680
30564301
30622284
30630848
30632059
30675011
30692594
30696805
30706524
30707044
30728913
30755706
30783516
30836427
30838674
30859798
30879096
30881390
30902805
30906218
30926392
30988586
30996344
30998139
31048683
31076446
31077683
31085507
31089274
31110828
31113615
31123030
31145495
31148220
31152622
31185600
31189527
31190985
31209279
31217941
31244296
31257203
31307523
31333881
31348524
31365788
31406141
31430225
31462227
31569375
31570890
31570891
31571325
31575857
31595497
31606046
31645666
31673932
31694106
31698462
31730679
31742675
31751897
31764996
31767858
31768677
31777586
31826241
31851556
31855575
31907961
31911614
31932839
31936647
31977039
32001657
32022605
32027259
32033969
32051557
32071709
32072142
32077355
32077754
32103499
32112392
32118285
32183947
32203582
32245950
32251497
32266961
32378344
32388535
32397025
32398790
32452083
32455804
32458446
32494951
32495317
32510599
32552928
32573700
32606971
32609823
32609881
32646968
32668024
32712325
32728019
32817586
32898396
32910990
32941638
33039556
33047641
33050036
33073687
33077765
33089315
33099879
33142043
33167720
33171486
33194157
33201521
33235460
33255417
33255988
33292784
33298855
33299234
33301193
33337831
33358698
33367545
33372822
33374216
33386152
33400143
33432115
33497032
33507703
33514657
33525388
33586600
33594052
33594943
33613897
33618432
33650310
33654209
33711909
33782403
33812406
33812408
33813791
33879827
33881803
33947035
33959979
33981018
34012967
34034609
34044346
34053184
34072516
34113334
34131282
34193978
34230878
34232981
34238278
34247359
34298672
34312365
34335635
34343258
34376373
34376804
34388291
34396510
34438119
34439083
34459465
34497326
34502069
34516636
34527579
34531879
34555849
34573408
34576201
34615546
34616866
34704364
34771556
34781054
34795724
34804053
34807526
34829934
34863627
34885010
34893102
34896936
34899858
34920452
34933728
34940821
34976175
34992253
35017466
35041232
35042970
35048553
35054502
35108408
35123604
35135548
35142956
35185048
35211409
35227153
35229971
35238914
35256762
35377134
35381683
35396552
35408798
35413095
35429905
35459427
35468619
35476441
35485701
35507748
35558161
35568767
35617714
35636054
35659568
35680787
35680788
35696582
35716280
35723196
35735113
35778533
35844705
35845019
35846035
35849707
35900493
35916217
35922945
35960871
35965415
36008542
36009428
36037515
36051025
36054614
36075047
36106410
36151081
36151141
36161791
36209261
36230640
36237321
36282861
36322818
36327154
36332291
36378304
36383712
36455589
36455613
36463407
36467801
36504282
36508705
36532440
36569004
36612194
36619478
36634276
36675134
36695655
36707319
36727398
36753372
36769088
36791564
36796466
36807648
36808479
36826998
36834572
36841758
36853451
36873185
36917130
36922593
36937459
36942988
36944324
36959701
36960680
36977823
36987726
36997024
37028555
37052940
37055414
37067145
37102614
37119006
37153969
37165755
37187197
37187198
37202475
37207502
37226312
37231772
37293161
37315262
37317978
37345068
37365294
37381714
37399107
37402862
37409962
37509445
37519024
37522386
37536401
37540457
37540843
37548614
37550570
37603683
37603967
37607920
37610103
37621257
37647641
37679502
37680325
37684299
37693164
37705750
37707862
37740103
37794441
37837718
37866827
37917833
37948486
38024637
38029539
38039513
38049337
38106181
38112426
38129393
38164189
38170740
38172329
38215358
38231884
38243170
38286983
38287009
38300432
38329727
38332531
38364112
38382671
38390737
38398096
38400546
38421204
38501048
38567798
38610989
38612443
38633114
38651453
38662949
38691678
38722387
38722660
38736691
38813731
38818079
38851766
38884787
38896064
38899344
38904445
38905635
38910162
38941537
38969770
38986489
39020060
39030335
39039048
39039052
39105739
39108706
39113600
39126219
39145943
39158266
39162498
39174699
39207720
39209846
39221510
39256792
39263622
39287653
39349391
39388660
39390137
39402629
39414616
39415917
39422784
39432585
39437857
39443736
39456538
39471012
39528457
39537780
39565200
39605444
39621969
39633833
39637308
39643798
39680658
39690184
39740005
39767827
39774774
39794402
39808159
39816531
39834628
39883439
39901865
39903105
39907373
39927464
39933756
40002262
40075701
40081307
40103515
40109189
