1505222
1684857
1964583
2185475
2278957
2891121
6209808
6705568
7695130
7749565
7789166
8599996
8927709
10766161
11668501
12468438
12552560
12783922
12783933
14522897
14695152
15009714
15257941
15265085
15287955
15474158
15517309
15674343
15688405
15831708
15917418
16098042
16369533
16417231
16434492
16763213
16799476
16845322
16888631
16899595
16931592
17119447
17322877
17436253
17517660
17636015
17671181
17671710
17910045
17932768
18024411
18068539
18089795
18205010
18227705
18268007
18323787
18374153
18375819
18566322
18814281
18991403
19037234
19319568
19383313
19434085
19438459
19492075
19633643
19759551
19775298
19788533
19954345
19966803
20012784
20098682
20140953
20200357
20504941
20520634
20619739
20678218
20703244
20720566
20736745
20921338
20975100
21072204
21131919
21134978
21166657
21209378
21244382
21263000
21283084
21305640
21307875
21358716
21576590
21586752
21595878
21615881
21704278
21750866
21788131
21857161
22020736
22130161
22144181
22180178
22183880
22199277
22220252
22389471
22427190
22452623
22453013
22456166
22469984
22614978
22718121
22742762
22753870
22773810
22809251
22820081
22847614
22855653
22857389
22876308
22887781
22895053
22898006
22926523
22931913
22983396
23035722
23069660
23076151
23096702
23153525
23158210
23233531
23303902
23392294
23400451
23414587
23414591
23418499
23431193
23448684
23490205
23515407
23536553
23538902
23580282
23585181
23633454
23647911
23660168
23664541
23666916
23673558
23687087
23708912
23733505
23739925
23771122
23782496
23795354
23821376
23833303
23855428
23860532
23861977
23922205
23929840
23943652
23949765
23987572
23993026
24006476
24006859
24129063
24166902
24170549
24222113
24284627
24335104
24339949
24342721
24506253
24559688
24586049
24589925
24610751
24666267
24697267
24710085
24713450
24749938
24754681
24758538
24774510
24802725
24806288
24806883
24820091
24859998
24889043
24895460
24918823
24926260
24950457
24962318
24985059
25043451
25063807
25092757
25130256
25132659
25142146
25189354
25204082
25243813
25252692
25254041
25263998
25316818
25330907
25337237
25339196
25340566
25342144
25343173
25361812
25363723
25385688
25469513
25504439
25623140
25627962
25645078
25659223
25686118
25728708
25736262
25749811
25766129
25767048
25796376
25800101
25815427
25833960
25851630
25865669
25886136
25896945
25901794
25914220
25915403
25926041
25975908
26016894
26090869
26095797
26103891
26130134
26134498
26146664
26178707
26181172
26189770
26204954
26206558
26220423
26222068
26243064
26266759
26275246
26282084
26302237
26305188
26317309
26325103
26341920
26352110
26354928
26358384
26384642
26399561
26426340
26458859
26467218
26493479
26547216
26562302
26684394
26691448
26692939
26771141
26784966
26788326
26799668
26807515
26821351
26870147
26870618
26883102
26884185
26892658
26947772
26967478
26980032
26987942
26989027
26990546
27043334
27064021
27075779
27076591
27101548
27104669
27109513
27111337
27121310
27145535
27151331
27152946
27155367
27160069
27191502
27193390
27246726
27251789
27283768
27299298
27335974
27358379
27418645
27433783
27439913
27467677
27508892
27528736
27533468
27561113
27628192
27636997
27651826
27664710
27696542
27698462
27737711
27741509
27758885
27760835
27791198
27815357
27886225
27900779
27914687
27925152
27991934
28025078
28074351
28078112
28091917
28097440
28107499
28134726
28188776
28198367
28222664
28237539
28251966
28253523
28284557
28284558
28323937
28332309
28341702
28343944
28353383
28356789
28371605
28378457
28446505
28469956
28497782
28513320
28521413
28522871
28537899
28544727
28551389
28560458
28593853
28594414
28646021
28660280
28668077
28680105
28703285
28714107
28717400
28721890
28724666
28738256
28765829
28780248
28781658
28797232
28809522
28827320
28838992
28842324
28851243
28853218
28860801
28873354
28881731
28899979
28900470
28921907
28926605
28928972
28961315
29023842
29025887
29061376
29076949
29077579
29097261
29101736
29121869
29133622
29156659
29187493
29198052
29206715
29209643
29224244
29227333
29245078
29254887
29275866
29278520
29329780
29332123
29335867
29384408
29386539
29397482
29413759
29437705
29470838
29495918
29496665
29535426
29587749
29631033
29661909
29665313
29666387
29682098
29682243
29695835
29737864
29753029
29785260
29799749
29805686
29843107
29883661
29891945
29899858
29921458
29956783
29959022
29999207
30003571
30026510
30085422
30094073
30115691
30115971
30120967
30145692
30153003
30154648
30190872
30210039
30224050
30225000
30256975
30273197
30359577
30384563
30384806
30405888
30416987
30463680
30484984
30489482
30505580
30518391
30542204
30546443
30546839
30548225
30552700
30561760
30562355
30650287
30651601
30685691
30709805
30712867
30793515
30809568
30811471
30819666
30840064
30860980
30872781
30904080
30949599
30953514
30956763
30987032
30995742
31086727
31095038
31104677
31105999
31162857
31199501
31207216
31226844
31228933
31245276
31251472
31265477
31274706
31300059
31310691
31326556
31391014
31398831
31415669
31436845
31442328
31452046
31464610
31506288
31506424
31511039
31519714
31538838
31549767
31553708
31630873
31633190
31675434
31685810
31693229
31697451
31703632
31709194
31711486
31759987
31774543
31816869
31827328
31833955
31852719
31881025
31899815
31906480
31933925
31938404
31940389
32017841
32027256
32028967
32043299
32043781
32052135
32087194
32098826
32141640
32156748
32273401
32334110
32376279
32376474
32389536
32407527
32483240
32506424
32531245
32531246
32552144
32562975
32568509
32586982
32587355
32610581
32617278
32620824
32628708
32664549
32699322
32700762
32701697
32706759
32735072
32743766
32747568
32764370
32775409
32782529
32787855
32817175
32886824
32892548
32910840
32923867
32926734
32979462
32989177
32990852
33025560
33053566
33075161
33090333
33100226
33167720
33193737
33196790
33201365
33203645
33224365
33230448
33240421
33247684
33283624
33292606
33307231
33311650
33355187
33383664
33415015
33431353
33444485
33448329
33469311
33469841
33512434
33530579
33579760
33580200
33582915
33611888
33618249
33628034
33637626
33681212
33704722
33710503
33723170
33732653
33737000
33773991
33784031
33784337
33801781
33804655
33839325
33851646
33852777
33907219
33921947
33921974
33941568
33956301
33960437
34002029
34024223
34063141
34063325
34094894
34098219
34110110
34117033
34135599
34209415
34210801
34215961
34230493
34239564
34289358
34290710
34335943
34358442
34380837
34395262
34403504
34462871
34485698
34571863
34638998
34642436
34686504
34687745
34698448
34699595
34737198
34746975
34828284
34837846
34840744
34853888
34854272
34859147
34866327
34881628
34885944
34913063
34948179
34967587
34980442
35020224
35050727
35082403
35146482
35156320
35187538
35211470
35217792
35238342
35246606
35272084
35282092
35294522
35303157
35310910
35339759
35391614
35395962
35417045
35489290
35534592
35544941
35580987
35587097
35587446
35619874
35624529
35642348
35657206
35665722
35672316
35680020
35728810
35794242
35794829
35804825
35835333
35837115
35885515
35913013
35923912
35962610
35967450
35999193
36004810
36047997
36051694
36067829
36080363
36093718
36113242
36130145
36130886
36151998
36160343
36213638
36217799
36221415
36258226
36288238
36304112
36307775
36348379
36358254
36386136
36400750
36402789
36430152
36430761
36440769
36454283
36456540
36478905
36569151
36600247
36605054
36635501
36754028
36762439
36765834
36765910
36862900
36870549
36873887
36902296
36930789
36942906
36946761
36947724
36947734
36959781
36961300
36963484
36982192
36990254
37042657
37083947
37116161
37122752
37179302
37182314
37245442
37255533
37256306
37257453
37262393
37264612
37277698
37287303
37317963
37341054
37355486
37370689
37379213
37403699
37419557
37420093
37437942
37444637
37452600
37481994
37526097
37533985
37550488
37582124
37628868
37652473
37720173
37753803
37769536
37776255
37839252
37846894
37847561
37886935
37895147
37918362
37921255
37946160
37953090
37969054
37969845
37970344
37982201
38025833
38031763
38067230
38077055
38078628
38127894
38155379
38167599
38183457
38254245
38294692
38317235
38325046
38328861
38339344
38342905
38383439
38409889
38451831
38456660
38462746
38467248
38479118
38522505
38524743
38539463
38564430
38568811
38579072
38640594
38653965
38688064
38709419
38711167
38743828
38743908
38759471
38778121
38786299
38797553
38809881
38826362
38875469
38882681
38886790
38897541
38955087
38959709
38966164
39009221
39035320
39177027
39177514
39184150
39191495
39244134
39252522
39282524
39312865
39329961
39361014
39374099
39379700
39380869
39436655
39451209
39471018
39499997
39514082
39572526
39576860
39635441
39641230
39650061
39664928
39665873
39723841
39727942
39766793
39775302
39792794
39813282
39816392
39819262
39830992
39844204
39857025
39867023
39899936
39908352
39912655
39940799
39941834
39996721
40037888
40040253
40070285
40075837
40088755
40091521
40098299
