7759111
7789988
9195161
11279608
15389758
15838534
16702999
16713586
16794563
17884018
17918233
18534558
18760367
19018715
19357131
19844206
20124106
20460112
20662941
21215389
21711518
22087873
23137999
23315174
23750220
23817572
23831349
24069289
24714156
24877631
24950379
25348648
25710496
25751398
25885044
26000162
26097675
26462037
26978740
27662840
27672444
28205449
28244805
28550723
28863320
29502353
29581842
29767567
29804288
29932126
30936198
30991699
31070779
31245181
32082673
32149119
32361506
32430868
32532995
32775002
32817534
32913990
33112285
33481819
33530256
33768871
33773051
33820494
33979462
34003575
34041811
34341009
34425480
34571524
34651095
34889524
34910220
35186168
35190738
35383130
35713800
35887540
36064939
36074231
36206341
36531047
36655517
36915149
36939120
36960705
37047730
37865792
37900816
37941410
37994695
38002980
38031352
38139046
38161998
38191907
38561734
38562049
38584068
38638624
38770356
38791682
38935636
39039193
39119195
39236755
39326005
39340251
39520743
39527116
39540377
39587803
39769319
39980385
40027741
40090984
