7590742
7601468
8244405
8288244
8626874
8957089
9172002
9195161
9516975
10027004
10074915
10090906
10330344
10443680
10567924
10646882
10741739
10982191
11071380
11114633
11139246
11159935
11310631
11668614
11748840
12102460
12210794
12406349
12447696
12652644
12949319
15273715
15805251
16138253
16242838
16256137
16373086
16436532
16483615
17143529
17627253
18077166
18322713
18657423
19250380
19357131
19883730
20003389
20301726
21708027
22539856
22653642
22986407
23047593
23400852
23569426
23746174
23799134
23948750
24162815
24611479
24647444
24744988
24962792
24965840
25297584
25316729
25361003
25519000
25984678
26001971
26392300
26472021
26509167
26563355
26563356
26563357
26565381
26716414
26863915
26873340
27184211
27259011
27370605
27473923
27617936
27676246
27772781
27776007
28177573
28192073
28328124
28695888
28751539
28851664
28903424
28940190
28981924
29054434
29463555
29507419
29532792
29689458
29770739
29802225
29872694
29978273
30075136
30134855
30201336
30276917
30542115
30594749
30664823
30677517
30691963
30709876
30774415
30844834
30941361
30986992
31011918
31145161
31208361
31213843
31253456
31516608
31631147
31761448
32127185
32133433
32169993
32189226
32489127
32506289
32519338
32547089
32693686
32755586
32880785
32939344
33037466
33134460
33158763
33219493
33235206
33354405
33391871
33422294
33452864
33714692
33727696
33748046
33811536
33865348
33941195
33963905
34285332
34405299
34430691
34480094
34535754
34674383
34771457
34790577
34885133
34938316
35034013
35118995
35251641
35363931
35430374
35627227
35756968
35793886
36028468
36107222
36162033
36258694
36357104
36416133
36476133
36575400
36601394
36652666
36726044
36942459
37066347
37070091
37095749
37188172
37393426
37470475
37686416
37762506
37907480
37984302
38096907
38104989
38110803
38151535
38357202
38398114
38480049
38531265
38613194
38798698
38801436
38984028
39014182
39068905
39242200
39250241
39412335
39566999
39590120
39644450
39802876
39810398
39911915
39955330
39988443
