7806211
9195161
9462753
9811336
9823307
10658907
10702799
10895816
10918240
11242790
11279608
11568911
11568912
11684968
11751416
12165445
12173038
12210087
12399943
12450787
12450792
12652616
14668342
15101049
15143160
15695086
15750350
15826836
15963235
16258068
16332604
16478996
16941478
17409427
18068631
18203754
18347002
18367154
19011601
19040714
19370765
19556619
19561229
20410810
20554328
21143953
21148487
21226763
21401966
21804605
21934478
22210920
23131561
23727532
23773480
23798677
23874207
24145651
24327398
24753016
25196463
25456394
26061886
26291510
26492182
26606880
26647767
26884591
27020209
27093299
27148571
27259007
27282352
27351280
27477320
27763904
27826991
27974047
28105243
28125451
28351223
28433076
28746220
29046324
29099503
29119387
29233640
29237803
29286563
29391602
29427554
29623306
29672325
29683817
29880614
29900760
29903916
29909898
30098202
30175468
30187166
30187580
30452981
30460540
30520818
30536487
30831655
31107720
31112350
31250485
31273600
31423558
31437301
31448442
31738425
31763365
31905241
32034283
32223937
32490123
32556925
32590884
32654869
32667042
32748441
32903385
32923892
32968185
33046021
33229458
33301751
33342011
33403474
33531648
33544381
33575204
33617938
33738452
33744021
33758144
33846089
33848386
33894748
33895680
33899788
33936613
33951478
34020702
34176200
34250401
34341009
34372873
34429303
34478629
34609437
34661642
34671564
34862354
34970951
34974289
35006496
35141152
35152631
35177323
35526519
35572973
35670854
35737155
35787922
35856362
35906852
35933643
36087274
36093449
36130567
36274330
36419889
36448441
36740981
36748182
36910630
36924196
37036164
37084942
37122438
37188179
37274229
37338765
37383677
37415052
37417635
37477743
37601839
37626821
37658038
37668341
37686522
37709146
37794988
37945013
38113652
38144903
38206384
38376315
38397159
38437672
38593276
38612518
38615587
38661100
38699646
38772598
38863624
38926044
39037616
39119195
39253179
39329254
39582973
39661164
39695244
39737858
39945005
39955644
39992648
