16793542
17200668
17200671
17200672
17287723
17290507
17420451
18053174
18272064
18281473
18288683
18302019
18446436
18501021
18557994
18628482
18637200
18794107
19264984
19268590
19333784
19369211
19383810
19423707
19504183
19553677
19584259
19609323
19635604
19763819
19763884
19921424
20003494
20091115
20122277
20180015
20213081
20332121
20412113
20484223
20582465
20722467
20844547
20852946
20858716
20871615
20871616
20872766
20927582
21113654
21135251
21153565
21165770
21182766
21184274
21285249
21356067
21365267
21404276
21409391
21415078
21614589
21618343
21637299
21932393
21989927
22052327
22166947
22193777
22194698
22241545
22310028
22331464
22505525
22678057
22692731
22941656
22964643
23038782
23110154
23302520
23341105
23448497
23471749
23544385
23561644
23587053
23650262
23657012
23758548
23787919
23824750
23935381
23935836
23941127
23977390
24061862
24136930
24141787
24153426
24206657
24285729
24415441
24460267
24485656
24556926
24591564
24817641
24870022
24949998
24982446
24998779
25016020
25099575
25099582
25113031
25135369
25225577
25263539
25328949
25337756
25337757
25337758
25356972
25529982
25542327
25575445
25636233
25666743
25794774
25833210
25959804
25959805
26137147
26171187
26248842
26283626
26315354
26411315
26420486
26489409
26526077
26564480
26573693
26577449
26640152
26645143
26691940
26822949
26843898
26845227
26981788
26990772
27099641
27106063
27113759
27277787
27464310
27469594
27490902
27547810
27573125
27595995
27624329
27631815
27648926
27757719
27783279
27803004
27829436
28024868
28090623
28158555
28194609
28240985
28279176
28319063
28413668
28664506
28673926
28673974
28709830
28779002
28791855
28796317
28825143
28858227
29052111
29190888
29321957
29361001
29387807
29430632
29431189
29484706
29706558
29706559
29739757
29802286
30174725
30243941
30255452
30289697
30309218
30337689
30362319
30410870
30458447
30472259
30521987
30552643
30614742
30638972
30720863
30833416
30890586
30901561
31017574
31060593
31067289
31089269
31206626
31263054
31312277
31413733
31428676
31446535
31518051
31586400
31619740
31636395
31682005
31685642
31754629
31757951
31768816
31787751
31841383
31858328
31877165
31976786
32041954
32048105
32052252
32058061
32185139
32194151
32206661
32209438
32297247
32300229
32339256
32407212
32445176
32497983
32531196
32546565
32554798
32728620
32732220
32853479
32904337
32996020
32997802
33008804
33069082
33090178
33139182
33169439
33193564
33194641
33195396
33229504
33308898
33403473
33413558
33414401
33419454
33455826
33512806
33536619
33613713
33670479
33718150
33772500
33811135
33854214
33856922
33893315
33893322
33970687
33976419
34006922
34092963
34113003
34245638
34341011
34382369
34408138
34439348
34455229
34548335
34646395
34687993
34781271
34846068
34946951
34991090
34994627
35006619
35054852
35087742
35096857
35100679
35135099
35135108
35135128
35167615
35172493
35175286
35205643
35277653
35305044
35313928
35363308
35396271
35404932
35610400
35668307
35762214
35768576
35779338
35782971
35819255
35853885
35926819
35934944
35986085
36087707
36107942
36119518
36139699
36158641
36175305
36269050
36278678
36411032
36600573
36605468
36623243
36672364
36758349
36966080
36997402
37169825
37333393
37398422
37486343
37511102
37515473
37621724
37628606
37651980
37686625
37753586
37790553
37851290
37992259
38061684
38098088
38123987
38124008
38223534
38248108
38311708
38476606
38482676
38487723
38527110
38597967
38636249
38654400
38751533
38914840
38927568
38943334
39174333
39324947
39409938
39430039
39448951
39518003
39584160
39591488
39669617
39673470
39682206
39696405
39745016
39893637
39999518
40020204
40029391
40040726
