11358842
11425538
12729565
16132700
16436506
17214964
17318223
17529993
17616514
18025084
18093987
18280497
18445785
18483312
19262751
19273055
19364882
19372272
19531481
19533660
19607827
19680243
19887075
20096707
20113831
20137830
20200537
20228053
20338998
20371698
20483915
20525793
20532243
20591646
20660013
20799148
20802516
20868244
20944668
20953661
20967817
21124852
21187397
21224467
21228215
21328671
21360818
21444826
21447796
21547351
21644054
21680843
21762709
21767974
21779467
21821012
21840268
21858164
21870262
21870279
21880593
21985173
22053002
22062899
22069029
22120020
22134241
22158356
22179830
22180407
22198485
22221038
22223246
22223884
22227934
22266096
22362888
22402301
22405650
22447567
22464439
22464733
22465010
22532167
22614020
22617384
22660976
22683995
22689920
22788971
22902501
22940604
22961666
22985748
23031826
23045548
23050038
23073772
23095674
23118055
23132853
23219533
23301673
23312545
23410825
23430444
23452595
23467693
23473053
23537197
23568489
23577092
23593019
23593027
23634208
23644255
23757351
23762867
23803078
23851505
23881923
23883585
23910651
23913164
23934192
23939864
23954400
23979918
24002940
24009020
24013388
24062568
24121118
24145797
24184271
24204199
24210699
24231740
24239883
24240700
24243533
24293653
24294904
24360018
24489833
24493735
24516177
24535833
24550317
24675890
24726141
24761869
24782312
24916104
24928009
24931630
24953096
24970148
24970386
25017100
25028150
25034692
25052090
25101675
25104443
25106941
25117293
25118896
25143154
25144364
25148826
25161822
25161998
25199834
25202049
25220464
25245372
25252691
25262797
25268610
25278026
25280774
25283336
25294638
25331333
25346248
25372309
25378300
25383391
25400754
25440363
25480692
25483710
25528020
25533949
25555679
25565365
25607651
25607726
25689334
25813046
25828893
25833211
25835072
25895168
25911198
25916114
25998844
26047697
26091341
26138443
26201266
26217019
26243658
26261599
26294743
26305327
26310369
26321255
26337803
26354718
26356822
26388738
26422459
26456830
26483957
26493053
26505995
26513298
26522181
26539646
26540566
26603896
26614429
26673720
26779812
26799421
26808835
26880244
26883192
26895424
26898760
26900125
26907257
26912654
26950694
26962294
26986624
27002766
27013194
27041572
27048819
27064363
27069769
27090907
27117104
27121568
27145275
27180189
27323894
27373144
27391435
27440880
27462443
27494840
27498558
27557507
27561793
27567859
27568560
27605053
27643881
27662363
27686254
27689533
27694308
27705909
27711065
27722032
27779244
27787517
27806302
27857998
27902462
27908606
27926532
27965414
27979751
27994514
27995160
28002403
28031413
28042738
28087741
28150715
28202508
28212744
28247536
28251828
28257697
28272405
28281524
28361873
28363999
28442756
28454547
28456021
28462496
28487110
28510338
28537485
28540821
28599788
28634224
28654422
28660502
28676700
28692916
28695512
28695513
28739678
28751718
28756516
28759004
28827033
28842672
28843522
28853108
28856922
28886188
28956326
28977496
28985359
28991194
28993228
28993289
29029467
29043098
29050247
29070863
29121337
29133592
29152079
29158484
29179156
29196784
29212245
29216372
29243149
29284668
29296788
29306194
29312562
29313809
29327913
29366480
29367615
29387452
29393407
29398485
29405820
29423093
29447383
29452418
29467415
29497996
29501586
29526801
29531462
29534966
29535829
29590171
29622785
29632340
29633598
29719629
29746213
29748565
29776974
29784639
29805738
29851986
29880585
29886395
29898385
29928967
29932782
29949759
29970481
29976663
29985131
30017813
30018741
30024813
30030529
30037213
30078582
30127774
30139380
30171426
30183716
30237848
30254210
30266807
30271949
30277116
30289618
30297533
30323296
30356649
30359294
30400960
30401677
30410680
30429212
30440055
30478958
30502458
30529301
30540295
30543471
30551210
30551406
30580238
30615339
30621214
30637199
30675909
30684797
30733817
30743082
30777121
30786684
30799503
30824588
30824778
30825668
30830864
30842529
30873673
30877373
30898999
30940159
30940648
30993015
31015836
31041400
31092408
31105872
31119062
31129062
31131495
31153806
31174925
31178959
31209803
31214115
31215481
31248990
31276434
31281570
31288058
31291457
31296950
31300704
31308445
31311167
31390283
31391118
31396050
31399520
31408463
31413177
31413734
31420991
31422287
31426748
31447003
31526441
31551715
31592410
31597711
31614656
31616951
31659317
31669203
31722968
31773708
31776133
31786739
31793068
31796734
31829559
31842403
31848352
31856867
31861350
31891537
31902551
31915279
31928132
31932422
31964471
31983162
31989039
31992690
32003046
32048546
32060056
32093123
32103589
32111879
32130604
32139900
32165735
32167680
32193876
32194873
32199820
32221289
32245901
32315358
32319058
32323799
32329510
32337957
32345117
32352035
32355298
32357296
32358582
32380691
32383115
32388810
32405340
32412821
32423430
32429658
32435397
32455851
32551582
32572188
32640701
32640708
32656996
32660602
32667640
32711558
32732457
32755579
32774160
32777641
32844745
32859985
32884343
32890402
32900001
32905466
32920355
32924477
32934320
32936912
32981917
32989562
33003585
33020270
33039802
33050515
33069804
33071527
33112558
33120078
33134168
33168626
33172999
33186521
33188153
33188850
33205541
33214574
33244652
33254582
33262410
33268569
33281189
33284833
33297377
33326806
33327923
33337266
33361107
33368686
33378949
33412112
33425964
33443209
33460497
33493586
33494667
33495407
33508027
33516841
33528729
33531508
33531658
33552258
33556666
33572647
33589610
33628586
33641169
33649352
33657415
33681613
33683197
33683975
33684965
33706586
33722665
33734501
33740642
33741027
33770358
33791850
33811702
33859786
33868586
33926008
33932076
33940558
33945829
33950778
33952464
33954826
33981998
34009012
34037418
34049076
34066057
34075974
34076351
34080025
34094834
34095104
34102106
34124031
34131409
34132814
34148137
34196862
34197606
34199353
34206916
34210965
34262181
34323956
34329839
34342816
34364219
34371129
34380612
34381789
34393753
34406176
34410682
34432161
34445442
34465625
34497808
34521439
34529761
34531868
34551432
34555594
34570508
34610310
34627641
34642300
34649941
34651514
34676172
34686201
34699936
34726203
34730366
34732825
34733488
34737271
34738744
34748530
34762994
34768766
34795260
34798058
34808460
34811483
34817071
34824451
34826546
34830005
34862364
34880123
34887557
34919819
34926116
34935305
34944915
34953601
34982643
35000525
35013556
35028975
35039483
35039491
35066290
35071239
35091172
35096828
35119561
35124372
35124853
35147204
35173550
35179655
35194903
35245455
35257598
35267438
35271815
35294185
35297218
35308855
35327610
35332131
35358632
35380314
35393539
35393951
35417665
35422863
35442700
35460603
35517402
35540097
35563882
35572596
35637285
35642254
35649362
35654456
35688666
35701722
35713568
35715817
35738180
35764034
35772809
35773412
35778544
35780655
35785724
35793673
35800891
35806109
35816343
35830778
35847980
35864202
35865614
35875162
35897968
35924992
35929986
35954175
35959996
35979387
35983933
35986334
35998296
36070389
36074101
36077699
36088509
36092717
36094927
36113257
36119811
36124865
36142803
36172283
36209974
36242092
36257929
36281938
36283983
36291070
36309080
36328301
36333113
36350633
36355054
36357814
36359739
36364346
36367519
36386864
36394458
36394710
36448327
36448377
36460127
36472850
36473936
36482480
36497190
36512630
36515829
36515837
36515842
36515843
36515845
36559065
36566215
36568963
36581511
36584909
36590225
36594010
36597139
36633794
36642102
36653586
36672853
36699082
36700637
36706709
36728307
36750717
36755223
36764072
36765038
36794853
36814851
36828124
36838818
36861411
36864251
36883353
36909172
36913068
36919822
36924910
36941223
36947517
36982223
36990278
36994441
37012401
37013641
37060095
37066722
37087471
37094109
37108260
37116497
37124537
37146962
37156792
37161004
37171576
37172590
37190069
37190289
37216533
37239999
37240195
37242030
37246313
37271214
37293156
37326017
37338150
37356603
37358557
37404255
37415147
37419399
37454129
37456252
37461649
37462479
37467687
37478560
37481154
37482682
37483237
37487079
37508568
37525239
37531469
37554969
37566399
37567056
37582112
37582914
37587695
37651725
37662464
37676769
37679327
37683629
37689990
37713069
37714792
37735921
37752643
37762491
37773127
37782636
37798270
37821462
37838281
37844763
37875990
37878693
37931238
37949945
37952424
37952486
37957925
37967136
37967363
37971310
37972809
38001980
38009603
38029688
38037159
38043199
38067214
38071218
38088577
38098220
38105756
38116419
38134746
38159843
38201664
38211803
38216672
38247850
38251977
38253214
38258328
38260529
38267463
38278370
38297082
38307305
38320550
38322025
38323338
38328070
38336156
38352834
38372302
38383387
38388665
38392869
38459256
38463014
38477575
38481797
38482564
38489888
38521768
38582911
38585848
38602586
38609654
38614041
38619111
38638847
38642632
38657044
38678823
38679114
38698556
38704604
38707378
38724734
38735540
38750651
38750719
38758646
38759623
38760366
38762517
38778348
38796218
38798615
38801073
38823186
38823435
38829368
38837948
38862269
38865276
38871923
38878655
38907095
38920409
38927566
38930900
38932202
38940933
38961033
38961541
38973255
39002667
39004143
39012819
39026843
39028621
39037758
39047850
39056235
39061056
39062190
39071914
39072709
39103378
39106163
39118189
39178157
39187844
39195238
39217466
39218019
39228302
39237041
39238631
39278937
39292752
39293744
39306519
39315696
39326103
39342702
39345583
39367700
39400626
39406247
39421730
39422747
39423262
39424110
39461277
39476572
39482820
39489093
39492487
39496836
39497927
39504715
39508866
39528473
39532854
39536107
39563804
39565507
39569366
39571073
39587643
39592710
39595575
39596510
39602541
39602992
39605722
39608977
39655996
39662449
39677743
39679370
39684238
39691063
39695097
39697751
39731187
39736366
39739815
39779573
39789975
39803460
39814124
39814326
39826578
39829912
39837264
39837430
39863586
39870799
39874016
39884084
39907013
39914628
39929630
39937575
39947443
39950277
39970298
39970708
39987121
39987745
39990651
39995212
40024197
40024566
40032778
40043029
40050860
40073245
