11358842
19364882
19607827
20092359
21228215
21812934
23118055
25017100
25842842
25950582
26673720
26674097
27373144
27708353
27965414
28751426
29036662
29236322
29361132
29467415
30104678
30321391
30541899
30880404
31129062
31340767
31829559
32046043
32221289
32383115
32423430
32633392
32939087
33141820
33275888
33649352
33684965
33925170
34066057
34108479
34570508
34732825
35000531
35349716
35430559
35442150
35959996
36356486
36515837
36594010
36961901
37188809
37216533
37326017
37351597
37457706
37752643
37782636
37904948
38029688
38376872
38559022
38565848
38698556
38749301
38798615
38823186
38826291
39106163
39383878
39684238
39889708
39970298
40060879
