7607706
7630627
7777508
7777574
7915168
7915933
8001127
8790871
8885870
9042861
9159136
9486401
9671580
9705955
9722295
9815975
10192389
10368252
10430025
10455134
10524622
10524629
10607584
10662641
10748034
10811620
10934015
11044090
11223243
11232287
11315771
11342298
11406533
11420047
11477548
11779502
11781227
11799127
11929764
12008032
12044782
12098702
12153506
12366685
12387741
12406913
12453881
12479824
12514097
12560221
12764378
12811842
12881423
12907641
14577491
14581609
14594818
14600275
14676435
14993928
15004008
15007090
15116325
15155532
15195108
15258579
15356142
15492262
15557148
15719364
15942942
16049306
16407117
16482219
16518692
16546096
16546097
16566978
16584581
16618805
16680144
16709844
16891199
16918686
16968900
17013878
17016584
17074681
17098231
17101802
17102626
17111353
17129225
17179230
17218387
17312149
17352740
17440452
17476282
17529924
17559946
17600970
17626071
17635241
17658281
17663980
17671180
17717432
17717600
17897302
17998914
18172310
18172866
18176567
18209069
18240995
18415655
18483191
18562282
18616961
18644860
18718064
18812467
18829564
18838917
18957548
19020546
19100628
19139719
19217561
19340306
19345119
19549820
19587702
19604238
19616560
19641453
19725825
19806612
20023257
20118907
20154279
20160164
20208555
20233627
20534699
20671194
20697266
20723977
20882442
20972455
21043826
21156323
21217775
21241785
21349430
21357426
21480862
21549623
21549805
21552207
21606506
21710692
21765475
21813177
21854813
21962897
21970955
22037256
22449230
22578776
22593617
22669466
22858985
22927250
22956488
23090680
23163626
23321250
23329999
23349049
23529845
23538749
23616623
23678172
23737402
23796789
23842424
24013638
24071841
24078568
24240978
24287434
24435167
24507461
24569775
24576992
24664538
24904588
24939936
25265064
25265432
25277182
25288398
25338558
25403488
25428382
25445271
25500505
25515960
25573326
25595912
25607658
25633778
25662012
25838350
25855603
25948590
26056231
26067141
26073757
26115422
26157485
26187868
26188070
26269126
26408659
26456646
26494837
26520622
26626503
26703467
26763361
26782422
26823795
27016671
27029827
27067111
27097569
27122187
27144120
27171388
27181361
27322785
27491556
27543867
27549353
27611742
27623204
27656544
27748274
27835756
27870151
27941564
28158851
28214896
28219927
28316978
28418282
28586432
28588701
28886309
28900388
28978690
29099287
29109877
29134420
29262892
29296789
29425852
29453973
29490943
29520434
29561272
29713018
29950528
29964012
30089192
30216339
30257940
30337967
30396184
30478446
30510083
30532056
30563523
30643249
30842609
30912803
31039440
31209207
31329649
31381561
31565544
31570703
31784094
31807194
31825183
31935288
31941781
31955451
32231181
32271416
32463891
32543142
32592278
32604737
32612238
32646889
32656633
32731299
32780801
32826710
33004416
33036026
33154497
33398994
33403035
33452395
33608382
33613108
33616676
33619557
33672551
33774278
33829439
34099776
34190415
34301800
34425470
34499929
34513684
34547766
34658283
34707037
34824296
34872475
34924212
34974810
35022330
35094443
35156727
35179642
35245931
35264043
35467057
35600178
35902733
35926290
35947077
35985167
36064939
36077495
36241730
36323547
36351649
36387144
36480208
36484735
36510372
36516256
36570429
36656641
36730754
36745184
36764385
36824134
36835134
36851461
37126184
37149540
37171017
37184294
37221950
37335685
37403081
37481835
37543654
37696593
37725138
38168280
38189777
38318177
38348125
38389449
38404580
38539499
38571503
38744788
38776375
38866979
38959562
39096792
39097885
39179932
39183332
39256480
39256601
39332789
39424985
39592470
39702796
39979768
40034069
40055736
40082582
40095298
