1302030
1345175
7482776
7550230
7666404
7668281
7838532
7951315
7958875
8111379
8162071
8188215
8281171
8364574
8600027
8640214
8689689
8707297
8723696
8814151
8907167
9006082
9013587
9138149
9147640
9163426
9224659
9224716
9230312
9232602
9281415
9362493
9367432
9367909
9376315
9399848
9409667
9415682
9452088
9482572
9503603
9516413
9528779
9538891
9671274
9705283
9727515
9783474
9789042
9828088
9831649
9847251
9856459
9856761
9876187
9882499
9883578
9883582
9931324
10025146
10094478
10094480
10234503
10319322
10329718
10340984
10346815
10354469
10409504
10412187
10441571
10451227
10477290
10477494
10478839
10498281
10572034
10588713
10604054
10610023
10636680
10660341
10662634
10694925
10737978
10747901
10764649
10766016
10804178
10821755
10861471
10862096
10862760
10887930
10929399
10954416
10955655
10964956
11003833
11003836
11044398
11050125
11060242
11062307
11069887
11069920
11075995
11076764
11087823
11105055
11124115
11161479
11172136
11209945
11222774
11231067
11257223
11284764
11301001
11309364
11315763
11335113
11358870
11431688
11455425
11479730
11481423
11553050
11566857
11574690
11590122
11641222
11675393
11688562
11698186
11707457
11714668
11718849
11731235
11731698
11737148
11739261
11756345
11779807
11790784
11807037
11850181
11861484
11880342
11880351
11889558
11896398
11922971
11922990
11943482
11967891
11983873
12015275
12036513
12036994
12052878
12072567
12118260
12128206
12167158
12175506
12183364
12196586
12223410
12324464
12324952
12325030
12351165
12351726
12386935
12388550
12397112
12419357
12421758
12481295
12485166
12552561
12559490
12571103
12586435
12618140
12634864
12648492
12692153
12710953
12714618
12721955
12724837
12731001
12756174
12764029
12764036
12764040
12782766
12783797
12789139
12868034
12878679
12951074
12960124
12962539
13677621
14561779
14586016
14602077
14673159
14683729
14707122
14732405
14736749
14744876
14762144
14872040
15020706
15031110
15037575
15066147
15079031
15080895
15086958
15090434
15110714
15110720
15161860
15161862
15170856
15180145
15193293
15219391
15223343
15254898
15304967
15307048
15322073
15376329
15389894
15452066
15480875
15514979
15522290
15523634
15548580
15558474
15558475
15559128
15565366
15634788
15659382
15677484
15719041
15733660
15735909
15740668
15757974
15758185
15825752
15842522
15855760
15878992
15889018
15901670
15909364
15917450
15918896
15987699
16023139
16024294
16029501
16049175
16076961
16080917
16098226
16115881
16118513
16144620
16164600
16217804
16237179
16254589
16270027
16289327
16303964
16351954
16364898
16407227
16425216
16464444
16493447
16510508
16511221
16543198
16564518
16604056
16617299
16638998
16674807
16675956
16712695
16723449
16723452
16725027
16766714
16785853
16795023
16803629
16864127
16866875
16914058
16934188
16973151
16973301
16979618
17010333
17014839
17022474
17029624
17031679
17047041
17049510
17064680
17066077
17091300
17106362
17122106
17122113
17148041
17157287
17158062
17178107
17202185
17229313
17251190
17263687
17264084
17277735
17277739
17306631
17316600
17318412
17329367
17381541
17399698
17406642
17417604
17417613
17434474
17454233
17485622
17509554
17525177
17545194
17568989
17591901
17595013
17606640
17634386
17660683
17679940
17679951
17825043
17825048
17849422
17893655
17896318
17898260
17908181
17947347
17948041
17961212
17962386
18027901
18043180
18062951
18070176
18089082
18189319
18199433
18203155
18219338
18224715
18241071
18243151
18249069
18273794
18275947
18282108
18287938
18307776
18322702
18332330
18334930
18342846
18371392
18386822
18387597
18393239
18421978
18430088
18436815
18440259
18448636
18467663
18491289
18507827
18562615
18562673
18593849
18595732
18628401
18647663
18651657
18701439
18753373
18766996
18771023
18776953
18786519
18832594
18852455
18930890
18973570
18991895
19004853
19012751
19029029
19034419
19043075
19087642
19097998
19115401
19116343
19124844
19130035
19132093
19146846
19169008
19169473
19208436
19217949
19218613
19222835
19223471
19258013
19329571
19345209
19378250
19379739
19387074
19393751
19399607
19406113
19414065
19448333
19474196
19483305
19484263
19500363
19505513
19521500
19527703
19563798
19570848
19571125
19607881
19610080
19618119
19650334
19651775
19666824
19683074
19686589
19764918
19790232
19793656
19806578
19806579
19829014
19862335
19876904
19898691
19907666
19917615
19933176
20027618
20054790
20081189
20082710
20137456
20177825
20178645
20301534
20377917
20396773
20405024
20413449
20413611
20500513
20523026
20538882
20556827
20577596
20577777
20592023
20621053
20664694
20677140
20685816
20806047
20837165
20852734
20853421
20943817
20979588
21051674
21059263
21069736
21092858
21126516
21166041
21169528
21203536
21205789
21208993
21271670
21274015
21309073
21321669
21348901
21397028
21418559
21421876
21447684
21450733
21471366
21500284
21501682
21524647
21538923
21589860
21602652
21617155
21633710
21655361
21691140
21695148
21698109
21710692
21766338
21824254
21848007
21850189
21901510
21904390
21922321
21935435
21948554
21971485
21985185
21996446
22028031
22031545
22065923
22077982
22111909
22146551
22162276
22171157
22171686
22220192
22220198
22230895
22240097
22275805
22308399
22354470
22361317
22371698
22384097
22392277
22393272
22393275
22403172
22447870
22509105
22514120
22524987
22532471
22532472
22539874
22550392
22561546
22583899
22586370
22621390
22729175
22766506
22778220
22792072
22809227
22811268
22815628
22817342
22860217
22893676
22919266
22944581
23016906
23056534
23094276
23146210
23224251
23224769
23326536
23326594
23342162
23353076
23359656
23362049
23376040
23404109
23515312
23516376
23529217
23566044
23578930
23592925
23622063
23625086
23627004
23660406
23679989
23761016
23784810
23798316
23799907
23804753
23816521
23843298
23933087
23942204
23967157
23970099
23990468
24030726
24047795
24065827
24072657
24073291
24078574
24094315
24114637
24115331
24143217
24185687
24223221
24247006
24281366
24284204
24290376
24349436
24355924
24357251
24390526
24440152
24454925
24477661
24505629
24523460
24528677
24547930
24562376
24610119
24623969
24637479
24660747
24717807
24737483
24737507
24773074
24787241
24802670
24875170
24925705
24939714
24948600
24952136
24953606
25029272
25030175
25051057
25089088
25117830
25141763
25147506
25149513
25176648
25184676
25189681
25228544
25323813
25333874
25342853
25352170
25354820
25366758
25417317
25433656
25446028
25475186
25517354
25542770
25555363
25578969
25621140
25628759
25689933
25696017
25724657
25746674
25794677
25804118
25805971
25808240
25827297
26021864
26022433
26032914
26045558
26130484
26130925
26135959
26138486
26173066
26187199
26191073
26191217
26226504
26252244
26252419
26262640
26295830
26304102
26345820
26372689
26394807
26439359
26440771
26485579
26520399
26525840
26535646
26604670
26617874
26622698
26658466
26661695
26670857
26739814
26744353
26849621
26853865
26856893
26879676
26899008
27081502
27081561
27110298
27124303
27126352
27171428
27229137
27231702
27240603
27355350
27386500
27387288
27431685
27452274
27455012
27455013
27462442
27470361
27555585
27556059
27578778
27581449
27583466
27617035
27640672
27747397
27771509
27791298
27818314
27855195
27871855
27887593
27918583
27919838
27941241
28005979
28018434
28139974
28157223
28184912
28246397
28279665
28321846
28332226
28377501
28382309
28382310
28476689
28488383
28583079
28584125
28588354
28588695
28598868
28624217
28700649
28760551
28810579
28903537
28906020
28946814
28993200
29050852
29090051
29102934
29112933
29134074
29141678
29163067
29202485
29205612
29217025
29238604
29292252
29317485
29343077
29343211
29345189
29380764
29391173
29434727
29436400
29436689
29451327
29471728
29482641
29485116
29486153
29499177
29530880
29568088
29607880
29618921
29661783
29716531
29770908
29780932
29787792
29803732
29807013
29808941
29850208
29888788
29901133
29902091
29930474
29932076
29980566
29980786
29984875
29986868
30007277
30015924
30110613
30151985
30186101
30197953
30258099
30286322
30290306
30290846
30291432
30312604
30315214
30328540
30334364
30362313
30386378
30406191
30442116
30453065
30498434
30526042
30529950
30531090
30531887
30569166
30572005
30592234
30594196
30602728
30621664
30787993
30890567
30894800
30959850
30985247
30986449
30999923
31024010
31055820
31133012
31161946
31206158
31299095
31301380
31361967
31403532
31445008
31520776
31607563
31700164
31707209
31708273
31727502
31734509
31861090
31863055
31935734
31943460
32008086
32014531
32016663
32080308
32124922
32125788
32209258
32214788
32360764
32391100
32396632
32422284
32467297
32555736
32581553
32581581
32594240
32608213
32627030
32655789
32702356
32762844
32826860
32857266
32875669
32920601
32924983
32929481
32999322
33024313
33099925
33120723
33127955
33169869
33182335
33214222
33298563
33300417
33373496
33432525
33452745
33456576
33515537
33524672
33531684
33544864
33745259
33782094
33897599
33982759
34016071
34018078
34065151
34075528
34101622
34111112
34160186
34173938
34174135
34183436
34200146
34278455
34278488
34287339
34288812
34344282
34345029
34368881
34409402
34415986
34425299
34428276
34459131
34500082
34504614
34534285
34547112
34547965
34566401
34610801
34617235
34697387
34700241
34827649
34890804
34893493
34942114
34942343
34954205
34974810
34989314
35016586
35030319
35034608
35040118
35081118
35103896
35149723
35224626
35245513
35269403
35484308
35663593
35682795
35709096
35743132
35791194
35799609
35867148
35876883
35946459
35979842
36049534
36067211
36069979
36202929
36205257
36317923
36369219
36440799
36441708
36453299
36469862
36484396
36537561
36542318
36582291
36599958
36657722
36675087
36753664
36766742
36791914
36816037
36843716
36881053
36960578
36983625
37028762
37097204
37191119
37210469
37223506
37247841
37266952
37275527
37329342
37436500
37453953
37483273
37510387
37542296
37553561
37643867
37724397
37725647
37752489
37793815
37958513
37979905
38002984
38056551
38223000
38227763
38248310
38306561
38356808
38392287
38441200
38516772
38531548
38594720
38631141
38721508
38745318
38750454
38849565
38849599
38861275
38877572
38967890
39068473
39119036
39127390
39212610
39213295
39283354
39308152
39368260
39402171
39453672
39460795
39488562
39504945
39512904
39571690
39614377
39670973
39791356
39811653
39885876
39902612
39912400
39922861
40094891
