1337742
1723950
7737192
7856737
8861958
9288908
9362493
9382140
9413150
9590296
9590297
9671580
9916856
10022892
10377248
10393423
10958784
11069301
11232006
11331209
11463576
11502839
11573135
11598612
11773436
11786384
12161538
12170088
12435636
12441357
12519876
12586753
12727991
12970322
14531730
14531904
14617574
14623893
14981357
15048807
15062550
15077183
15238980
15256783
15272927
15301052
15355349
15356023
15362967
15379724
15459102
15483076
15494458
15531527
15604103
15608688
15718293
15802493
15845640
15872358
15972966
16029487
16086077
16179407
16219715
16277182
16352687
16609007
16613988
16728576
16763387
17016586
17064757
17082261
17182173
17210747
17314325
17437516
17468187
17555740
17980011
18084247
18632625
18670350
18724243
18768662
18974227
18989374
19010321
19282367
19336474
19477936
19525927
19542741
19834026
19883731
19963130
20056739
20075182
20302910
20414098
20414099
20427420
20463571
20470391
20492080
20572292
20607683
20667985
20718765
20727173
20827445
20857061
20890270
20949455
21048839
21263247
21281489
21285870
21328566
21450989
21451364
21552115
21602887
21663937
21689132
21763631
21779480
21836478
21836481
21838611
21846919
21932072
21934480
21952241
21966443
21976720
21989345
22037256
22067332
22135028
22135066
22179975
22260386
22261458
22293317
22388755
22456609
22472954
22531031
22595948
22617288
22644304
22666732
22705448
22745314
22807381
22895275
22898500
22940488
23025542
23078112
23100233
23163626
23194047
23196794
23202787
23218904
23308388
23328975
23384425
23397760
23425942
23436219
23453625
23503645
23529305
23550799
23598436
23618832
23647375
23738683
23787439
23806007
23811186
23849894
23868062
23958394
24025583
24037217
24086368
24225756
24246861
24334997
24340305
24380675
24499175
24592933
24628993
24766781
24771139
24798894
24800185
24857336
24901404
24992169
25083965
25127920
25146893
25153494
25214233
25270402
25272301
25272303
25287489
25433656
25446030
25473747
25484916
25708358
25710581
25720050
25827135
25973115
25999051
26030152
26079312
26167339
26282166
26337721
26350056
26354716
26362610
26371431
26404914
26427663
26495924
26557920
26595524
26617871
26781745
26797858
26866916
26910219
26980044
27090781
27124920
27129161
27175788
27207603
27225188
27249794
27259239
27362905
27435678
27525008
27567273
27750019
27761900
27780871
27797226
27827435
28008156
28060725
28078156
28103614
28123552
28160066
28248726
28322461
28339471
28346124
28367736
28426529
28455095
28506732
28621837
28634564
28749793
28877056
28954305
29060967
29113220
29312534
29313264
29373711
29379162
29435279
29469940
29621095
29629948
29665739
29693272
29721199
29882472
29912768
30096791
30210064
30352879
30358609
30639194
30720110
30730849
30740347
30756420
30764713
30888984
31050342
31273314
31296958
31335489
31353958
31391063
31391550
31431624
31481715
31558562
31658316
31669177
31731040
31732814
31771640
31807182
31821746
31832016
31855951
31881968
31912298
31915309
31932679
31932920
31949621
32016022
32045390
32096550
32188328
32300552
32332753
32381599
32383186
32429658
32430717
32633379
32675940
32702943
32723981
32775591
32841355
32988924
32998907
33002562
33029631
33088016
33208672
33361393
33404987
33748935
33830648
33862642
33903593
33905146
33934372
34012023
34074245
34102541
34135467
34145460
34244607
34290299
34306127
34339032
34420026
34540435
34581850
34726504
34739318
34745257
34972751
35124696
35154515
35181017
35185017
35209928
35289766
35380877
35387670
35417734
35466752
35473474
35548853
35611983
35676472
35713353
35806410
35833067
35926290
36140438
36202651
36248434
36249298
36275185
36279927
36281161
36402859
36405439
36405440
36586182
36593237
36614229
36730878
36761496
36876944
37098593
37207276
37387868
37491294
37510152
37742476
37793734
37870490
37922952
38084698
38272482
38410497
38596099
38677751
38705974
38788314
38791384
38853202
38993572
39005045
39105782
39191651
39233315
39303358
39347883
39375286
39617857
39880645
39916798
39918415
40051502
40096283
