7851902
12402038
14730631
15188352
15322919
15334473
15818672
15934088
15959535
16052172
16087865
16352741
16471222
17002900
17064404
17136123
17228327
17344889
17391759
17468813
17490403
18042085
18045485
18401354
18550794
19220647
19234630
19261693
19263877
19449188
20447384
20518841
20668808
20700634
21161353
21927903
22274654
22342451
23101188
23373967
23403273
23628397
24860805
25546306
25938972
26108738
26134222
26298525
26782401
27286421
27749524
27853645
27879989
27914594
27943063
28056736
28487502
28503213
28730785
28846771
29076134
29090522
29307156
29308317
29359792
29396294
29652996
29774466
29786123
30028000
30178256
30228953
30728081
30976104
31441370
31565862
31618754
31620907
31683809
31770816
32163016
32937024
33058503
33069926
33300057
33351665
33389528
33521133
33646463
33803602
33808740
34057203
34153420
34177913
34290992
34347720
34912335
35042864
35046705
35359851
35885987
36313211
36518238
36547389
36707702
36759392
36776400
36793716
36816361
36983159
37002343
37691307
38723011
