1685639
12542482
12907457
14593398
15044254
15087372
15087377
15226411
15496975
16838028
16960151
17122866
17213828
17218386
17296561
17301821
17431412
17508004
17574967
17681599
17690697
18166785
18262053
18541413
19006078
19035305
19175693
19246520
19737658
19758395
20085582
20107158
20164854
20442440
20571834
20807977
20876357
20950212
21072821
21171987
21350831
21557454
21729646
21938754
22169300
22271894
22356850
22541084
22587685
23186533
23255827
23302345
23400675
23441134
23489324
23629811
23731537
23731542
23769926
23835704
23865785
23936692
24186319
24315235
24628626
24687085
24747001
24754736
24770784
24772479
24796542
24904095
24951465
25158255
25292412
25400122
25454926
25606057
26129893
26276769
26279204
26355392
26455322
26507258
26599395
26662677
26703895
26716078
26857280
26872634
26971580
27060598
27210878
27337990
27573554
27648315
27681117
27746819
27776010
28147311
28151041
28183292
28261327
28298627
28334876
28417142
28426709
28435517
28449810
28485070
28505006
28509585
28552906
28555080
28673243
28725989
28726812
28751768
28756885
28849154
28975979
29113426
29133777
29169164
29284681
29375828
29384404
29434033
29567772
29944170
29992858
29999524
30024280
30103666
30200486
30377450
30382364
30384135
30573803
30607019
30609140
30697976
30726835
30800344
30841447
30841538
30979360
31004414
31017643
31031011
31085913
31161074
31204374
31327842
31439618
31558067
31566039
31645346
31999327
32050038
32068648
32083752
32291752
32386029
32442889
32500973
32609843
32613555
32921591
32951102
33022638
33040798
33150465
33224039
33367495
33412105
33421986
33450762
33495995
33509954
33535029
33626861
33661437
33683022
33731124
33793087
33952629
33979467
34310924
34494111
34708400
34738614
34758271
34858057
34859285
34866089
34958001
35088848
35156398
35188683
35211409
35221873
35289450
35297968
35340014
35494027
35689379
35759027
35848503
35947230
35951342
36050197
36201717
36362590
36450174
36657267
36753059
36788091
36788105
36797781
36810896
36861440
36878123
36968263
36987727
37001365
37121121
37129059
37315111
37332119
37550570
37658364
37780723
37847945
37899509
37934158
38026242
38071343
38157478
38323741
38374928
38385300
38471404
38741091
38778089
38859923
38888615
38959553
39047938
39136180
39170287
39505287
39512319
39569832
39580648
39673702
39730178
39731355
39822066
39873217
39909455
39964288
39967538
40108764
