1279971
1711435
1846043
7528718
7540588
8586421
9510033
10036976
10850862
11544480
12023981
12393181
12522257
12660384
12842979
14630792
14699510
14741194
14766209
15010069
15087667
15146165
15154005
15215166
15257945
15284118
15326474
15452163
15500716
15583695
15635072
15674355
15831234
15894928
15917417
15921374
15928335
15968329
16258521
16291174
16344672
16357008
16387954
16398645
16402362
16406016
16409293
16418325
16498388
16502585
16754777
16776995
16778826
16819435
16845659
16856885
16865565
16999279
17034555
17087936
17087943
17122634
17137731
17145623
17145809
17182437
17189383
17193822
17213828
17215855
17217382
17240304
17261495
17299092
17377585
17384206
17438095
17440089
17532173
17542982
17544504
17555450
17591942
17593250
17628645
17663975
17673922
17709602
17762857
17827398
17914408
17916194
17988989
18028420
18036706
18063877
18084259
18256119
18271923
18307562
18312355
18360281
18416137
18421057
18464291
18548106
18618605
18636362
18670346
18686281
18777214
18843283
18849983
18973210
18987545
18987650
18987651
18989797
19035305
19047911
19096755
19118897
19120352
19175693
19182535
19187542
19210352
19215021
19246520
19262599
19291337
19333543
19342084
19351368
19448595
19466970
19496203
19539395
19561230
19563658
19614767
19707201
19728396
19756614
19779861
19816149
19859843
19862822
19900103
19950696
20010473
20023271
20025496
20035340
20071345
20096441
20107158
20129251
20167399
20189318
20354820
20425130
20442440
20453818
20470368
20473908
20558942
20589620
20598160
20609486
20615084
20633965
20651400
20823768
20832858
20889717
20947481
20972453
21093052
21173220
21192792
21224473
21281241
21286759
21302907
21304535
21326036
21382095
21385119
21387320
21393858
21403518
21434524
21461555
21505157
21527588
21563068
21605429
21626441
21665993
21760661
21814597
21818111
21828142
21906875
21924129
21953054
22076173
22127977
22144915
22160160
22175887
22184538
22224867
22237707
22261167
22271894
22294526
22301675
22323597
22327316
22355509
22389665
22394371
22399613
22411791
22430048
22449154
22473090
22479456
22523564
22532924
22558483
22593460
22645636
22650110
22670177
22705991
22722648
22745105
22783407
22799337
22944561
22948025
22960170
22969067
23025324
23074200
23157309
23232855
23242283
23292839
23302345
23330018
23400675
23411580
23438035
23489324
23497317
23550302
23573331
23600098
23611226
23612575
23621172
23630597
23671131
23696935
23752188
23833252
23833305
23861062
23862765
23914042
23933546
23970477
23982058
24000064
24009127
24040448
24132921
24133624
24157063
24203930
24266839
24369323
24407160
24444465
24449836
24456122
24458279
24460680
24489888
24550449
24576219
24604264
24638008
24669761
24674052
24674454
24763514
24764730
24975316
24982425
25024074
25027296
25091524
25120810
25143820
25165019
25175494
25239601
25338592
25427437
25481675
25605837
25658984
25659388
25674291
25735500
25761934
25786456
25830134
25831232
25923837
25970686
25975287
26095243
26191287
26191303
26191304
26257279
26276769
26297547
26319757
26320507
26373952
26396737
26430910
26457233
26477768
26492057
26622437
26663400
26666578
26697468
26772734
26788274
26848617
26867653
26971580
26975226
26990750
27011036
27021554
27097112
27120808
27164940
27178821
27265040
27302634
27349873
27391191
27477693
27582545
27722133
27864688
27872880
27960034
28013529
28028904
28031906
28056296
28105789
28133162
28159677
28167492
28186604
28187274
28284172
28334365
28342264
28356974
28374041
28379539
28535771
28577566
28609680
28627468
28651427
28768491
28831081
28885361
28919262
29025601
29029406
29050221
29093181
29107533
29170250
29207159
29227120
29264430
29288548
29310833
29312807
29439183
29486293
29505472
29510530
29541391
29567772
29636989
29660835
29885053
29904623
29932244
29977537
29981768
29981769
30006677
30038270
30060824
30101875
30117527
30117724
30126369
30178747
30221743
30241197
30253204
30318721
30323271
30339967
30339970
30344953
30359545
30389923
30506540
30616628
30630848
30670599
30770339
30807397
30867736
30877378
30882891
30887595
30943337
31021002
31085175
31273885
31450116
31538651
31567386
31599195
31604903
31609499
31620977
31638182
31708372
31733156
31737382
31744552
31768046
31775440
31854104
31879991
31881074
31951668
31963499
31992125
31995156
32002188
32002307
32005261
32019907
32091431
32116712
32124386
32125294
32221502
32226509
32269633
32291914
32311158
32360918
32364409
32374913
32391261
32425395
32451710
32509085
32517495
32615108
32670260
32703220
32720700
32791352
32800757
32804590
32836055
32896008
32921591
32927512
32927516
32972961
33001865
33034211
33042650
33169322
33196011
33199729
33201235
33224039
33259802
33367495
33386673
33394318
33443647
33445855
33465704
33572358
33616851
33707748
33740926
33859072
33925547
34023541
34041811
34045202
34060283
34107389
34121727
34155091
34297434
34304603
34322383
34404327
34409605
34503977
34530562
34545083
34554219
34567572
34587239
34702313
34764135
34781094
34848192
34865611
34917498
35002348
35002529
35034853
35090889
35105853
35109850
35117693
35117834
35141948
35147171
35196083
35212838
35217871
35261949
35359051
35378770
35381811
35385750
35462602
35478364
35484662
35484853
35562106
35645805
35655651
35708538
35713428
35797510
35834272
35878393
35902769
35904169
35911637
35922263
35933911
36043552
36051048
36119525
36142281
36155382
36183438
36293105
36388657
36395310
36411356
36476788
36483873
36517458
36589160
36606407
36613947
36653138
36685223
36712046
36723852
36763740
36802986
36829235
36865329
36971786
37014660
37027098
37052460
37120571
37161726
37200055
37248740
37285821
37336772
37454137
37463014
37559050
37563028
37568695
37610648
37642440
37692703
37725576
37734036
37744696
37752244
37777636
37802365
37824216
37921445
38012788
38042929
38113891
38167404
38175674
38178746
38178783
38216252
38303553
38334670
38344849
38385300
38401149
38428414
38532028
38576303
38605367
38634484
38670591
38685615
38728249
38730662
38797972
38928487
38952949
39082961
39113850
39121673
39199677
39307931
39389908
39420857
39468717
39518984
39658721
39773984
39841084
39853981
39896606
39950323
39956958
39996417
40086436
40115037
