2045107
2660925
8356057
8482578
9739023
9790508
10072161
10083043
10419690
10565681
10963386
11272901
11291071
11329146
11420709
12034531
12127408
12131162
12641779
12786837
14633450
15081117
15084468
16634907
16731589
16843106
16956568
16980946
17431412
17438529
17553906
17950782
18005119
18253748
19017053
19115382
19539850
19583695
19635106
19663837
19890351
19940748
20133221
20406730
20632833
20950212
21111450
21570152
22335595
22754279
22842571
23199263
23308046
23347652
23537647
23633549
23912956
24023893
24518837
24604296
24752661
24770784
25211641
25302990
25498506
25832657
25961423
26129893
26150503
26261653
26332510
26599395
26930482
26932148
27227165
27256152
27433546
27742707
27806344
27984190
28150334
28556368
28851707
29140881
29266203
29955147
30607898
30609140
30706473
30801958
30841538
30877273
30952898
31353504
31804621
31870844
31886323
31921959
31925343
31949795
32078184
32165827
32371931
32460387
32519331
32586981
32587457
32883565
32901105
33057010
33364286
33762682
33846539
33935795
34025715
34058065
34341514
34371012
34407802
34422800
34689641
34736156
34831221
35046535
35171326
35454853
35459473
35551153
35647329
35672821
35738865
35747618
35750946
35793004
35831318
35863346
36030617
36203755
36206226
36358353
36440550
36444562
36609374
36614910
36617900
36711648
36729934
36805975
36994196
37047421
37115997
37369741
37591280
37592448
37711974
37798786
37870859
37966120
37992789
38018295
38070064
38156729
38164176
38279510
38922013
39030830
39375483
39486750
39835392
39872696
40060572
