12415272
12676923
14756673
15241480
15466013
15580208
15994862
16103195
17040986
17698420
19161141
19264739
20228800
20589626
20806366
21030981
21736506
21880637
22190899
22720776
22928734
23229552
23791194
24092917
24380767
24554700
24674452
24895337
25099957
25556700
25601084
25737277
25775228
26103525
26286319
26561469
26648834
26836184
27165002
27347093
27479181
27633282
27776213
27885656
28607179
28747286
29311706
30172816
30530780
30551478
30567843
30630810
30755422
30888215
30917958
30926597
31000514
31171539
31329335
31395598
31439664
31661961
31746849
31782600
32187544
32399860
32735658
33149206
33251223
33284003
33537816
33772537
33902228
34041787
34108447
34116358
34209408
34285820
34331342
34336783
34381727
34465864
34473233
34491058
34520760
34859848
34988909
35091680
35267002
35328353
35338774
35662002
35759245
35780573
35847518
36008597
36136988
36153969
36176187
36594671
36671709
36756714
36801700
36878784
36967443
37118089
37288345
37337098
37393343
37585669
37830541
37889114
37983502
38260439
38336746
38418452
38429579
38484799
38517679
38812997
38814052
39004675
39181868
39215387
39329442
39404232
39405291
39470272
39604201
39677666
40025027
