17875760
22876838
24469061
24837077
24982892
25371235
25603314
25608840
25793757
26252738
26820128
26826873
27503199
28260020
28944887
29187649
29207180
29328379
29350678
29370570
29682174
29719293
29953647
30485524
30664174
30823895
30825222
31474757
32067991
32196574
32284740
32325132
32356199
32378714
32473571
32636680
32819600
32973127
33142041
33317596
33407443
34120890
34195847
34321458
34649564
34749521
34773593
34853725
34967581
35169854
35333985
35761259
35870559
35988930
36216654
36367179
36535266
36562346
36611750
37212524
37264958
37355084
37538507
37644421
37745980
38503763
38618953
38622668
38952574
39183556
39466763
39692250
39862908
39968701
