7713498
9916799
10563477
10851074
11358835
11959846
12375266
12569555
15016963
15254419
15289301
15467468
15520168
15608678
15712344
15784156
15790433
15805248
15837735
15924252
15924253
15928251
15930273
15950905
15994075
16114017
16148352
16150119
16150444
16168105
16203798
16287065
16288007
16317585
16322209
16322248
16331247
16353168
16376301
16380997
16391859
16432179
16449998
16463202
16533766
16567976
16573740
16582596
16599949
16721043
16764926
16778113
16788758
16815198
16822308
16885334
16930767
16949921
17050665
17052259
17060456
17062663
17202311
17222361
17235514
17363507
17376864
17377809
17409929
17471559
17546593
17549376
17575153
17575221
17590872
17657213
17669465
17673550
17681398
17803655
17924977
17947469
17990317
17992665
18000091
18022911
18074223
18084252
18097548
18180098
18181165
18183466
18193083
18221484
18262558
18270270
18335034
18339877
18343945
18355852
18371219
18375489
18382359
18418043
18503601
18516290
18628094
18644865
18676830
18679714
18722373
18757405
18782444
18798071
18829572
18852163
18951408
19012001
19027487
19029838
19029981
19075596
19076977
19148475
19172191
19196980
19212681
19223544
19233141
19237633
19272638
19276248
19305151
19330652
19349352
19366795
19366826
19394761
19402901
19430491
19440799
19487299
19536147
19573809
19608668
19633047
19638206
19671852
19697359
19701705
19706770
19735264
19789368
19818761
19839777
19845664
19861897
19898424
19903786
19903790
20007781
20022634
20034918
20098682
20101210
20103678
20107891
20177704
20379197
20398348
20416519
20479250
20535651
20551053
20557351
20569675
20571907
20616362
20619739
20664174
20699365
20804548
20813562
20813970
20932136
20940279
20954287
21051183
21072204
21093899
21103049
21113138
21118047
21124076
21163703
21168197
21169263
21209903
21216929
21225506
21228636
21266528
21283802
21293538
21303542
21310649
21324922
21332555
21335596
21345071
21358673
21367821
21407159
21408138
21424126
21425139
21473780
21474066
21482677
21507233
21531001
21558396
21594665
21617917
21660567
21663621
21667306
21704278
21735444
21738740
21822287
21824802
21829508
21830111
21932420
21945955
21966435
21990951
21997360
22026810
22026957
22039088
22064833
22070922
22095222
22120431
22135231
22157930
22172323
22188534
22209294
22214007
22214849
22228640
22258409
22271473
22285706
22292935
22302350
22302407
22315990
22325221
22330809
22336586
22357840
22370636
22383975
22417847
22421194
22422409
22430133
22430209
22498935
22522847
22553375
22579930
22586352
22586484
22623730
22638623
22640628
22648906
22658544
22662165
22666336
22696593
22705003
22705004
22729222
22729224
22736407
22740953
22779686
22782554
22807977
22812189
22840369
22851869
22911782
22913665
22931052
22936063
22938585
22940133
22949682
22955107
22970388
22994622
22997091
23066039
23085752
23094721
23100325
23111200
23125007
23136247
23157825
23184205
23185308
23219661
23224067
23233531
23246288
23248156
23266353
23300780
23301057
23302486
23314198
23323913
23323914
23323915
23352210
23370426
23374602
23384338
23393606
23430509
23435830
23450128
23475782
23499052
23514933
23532889
23541593
23548132
23564819
23574264
23580570
23583669
23592373
23597702
23612454
23633456
23633485
23660947
23674897
23708654
23709421
23728071
23728594
23768168
23785428
23787421
23792451
23803025
23826249
23826284
23851329
23888070
23891627
23895914
23903756
23931235
23940356
23946963
23971979
23982433
23986086
23997528
24006859
24019382
24062397
24077110
24080956
24083111
24092809
24122611
24166520
24175786
24193002
24206815
24218517
24231451
24231454
24240111
24241346
24262879
24299208
24320611
24328409
24339949
24341335
24346875
24347284
24352906
24360885
24364210
24366379
24374682
24440701
24440717
24444464
24453288
24467828
24471188
24486107
24500884
24501315
24505629
24511546
24518503
24533074
24576621
24599934
24601221
24622874
24624362
24641407
24642661
24649121
24665065
24666267
24673525
24701207
24736592
24743704
24748804
24766330
24770869
24774510
24782230
24782652
24811063
24812411
24838432
24861917
24903541
24908061
24908601
24910434
24918944
24920352
24924774
24932282
24939587
24947048
24975390
24981670
24996183
25002028
25027743
25044986
25054828
25071103
25073438
25078343
25099740
25103565
25104442
25106743
25120743
25142162
25150293
25152245
25153497
25172762
25176561
25192370
25197873
25199749
25199759
25220666
25245602
25247763
25292196
25320628
25326806
25332957
25337237
25340423
25345950
25349966
25367220
25384882
25398149
25398847
25422220
25457635
25466966
25467032
25473901
25501831
25539732
25542038
25549537
25550888
25551625
25557259
25559805
25559813
25559818
25563369
25602158
25625625
25627962
25628917
25639985
25641861
25679319
25681087
25681199
25686118
25688137
25691283
25714871
25724520
25736040
25742472
25771729
25772325
25773678
25815786
25826091
25834816
25835181
25838920
25850957
25851630
25855885
25858893
25865669
25886136
25886409
25896413
25902899
25908046
25915946
25953087
25958091
25979484
25994739
26001593
26013318
26019684
26036761
26053643
26054797
26058752
26067136
26080840
26105797
26107192
26136684
26163898
26167406
26175928
26191320
26213461
26247526
26266975
26266985
26267517
26268729
26271341
26276752
26276776
26299862
26301495
26325104
26333383
26334097
26334752
26339434
26340871
26351730
26353837
26358014
26373952
26436951
26452060
26453385
26484281
26498688
26528858
26536195
26540293
26559013
26567140
26581613
26587011
26589432
26593112
26600545
26617776
26622684
26625219
26627007
26633882
26637981
26640141
26680641
26691448
26701847
26702420
26712086
26716438
26716908
26722235
26722541
26733612
26747178
26792725
26796526
26811072
26814435
26823766
26823876
26827608
26832731
26839307
26842788
26851524
26876212
26882569
26889984
26909613
26915040
26921096
26925640
26927447
26945423
26968397
26980034
26991109
26991344
26997442
27001433
27007084
27015560
27016201
27016421
27017985
27020207
27030594
27030595
27037860
27091409
27095573
27107065
27108388
27127129
27143928
27177864
27184479
27191687
27197157
27215089
27215271
27219019
27257280
27265061
27268661
27282497
27283768
27296758
27302833
27307077
27308891
27317099
27321283
27323812
27336598
27339899
27351214
27358378
27369359
27388016
27401370
27405731
27426307
27426476
27433393
27436848
27441415
27447853
27465249
27489350
27491860
27491861
27499905
27502552
27511117
27525871
27554588
27581127
27581627
27628192
27629725
27631024
27648359
27681437
27734950
27737711
27742746
27771839
27800646
27834349
27835884
27863403
27879995
27901576
27941987
27974663
28004037
28024696
28025078
28029147
28036259
28059163
28060766
28068934
28068936
28069289
28078112
28095868
28123856
28127430
28131206
28134774
28151489
28154202
28181739
28183140
28184015
28188750
28190247
28222664
28233937
28240010
28247181
28247844
28251966
28269754
28276293
28285689
28291131
28296140
28327999
28328134
28330462
28356789
28379870
28384037
28392480
28393905
28396387
28423591
28424201
28427202
28442534
28448072
28450943
28453696
28461758
28465643
28478451
28525374
28532501
28544518
28549032
28550907
28550959
28551389
28576676
28577738
28584918
28585132
28587748
28637905
28665924
28685070
28694672
28700273
28726194
28737257
28755461
28765399
28843257
28845578
28858218
28860563
28864978
28867506
28874413
28881720
28881815
28886403
28887744
28900470
28902361
28928860
28941273
29029507
29066505
29069792
29110152
29131028
29137436
29152088
29169370
29170395
29191607
29207615
29231959
29248501
29254887
29262556
29263768
29284706
29300373
29346025
29346447
29352118
29353467
29380640
29401002
29402752
29434452
29446767
29453241
29454754
29470143
29476223
29482551
29484141
29485181
29493003
29496665
29503876
29504069
29505847
29516089
29523855
29537649
29540052
29549527
29556349
29562629
29575819
29578286
29581176
29598951
29603332
29623014
29632642
29636477
29661094
29666387
29682203
29689598
29689710
29701763
29704890
29707142
29708279
29714670
29720878
29729098
29750448
29765551
29854528
29858226
29868122
29871347
29899452
29902261
29902310
29905413
29906308
29937992
29941200
29956783
29970892
29975751
29978469
29985963
29988677
30001368
30018674
30031830
30032537
30063105
30075505
30076411
30085422
30093452
30109561
30112070
30115035
30180809
30187361
30197175
30212483
30231930
30237504
30252727
30258894
30270358
30288002
30323979
30332649
30341384
30361395
30403311
30413407
30425131
30426328
30429358
30442683
30463680
30496799
30501041
30511004
30518672
30519308
30528264
30530704
30542723
30543347
30544563
30547809
30569174
30579634
30585117
30591517
30607159
30619505
30624609
30634138
30637612
30647707
30652258
30666840
30671946
30683736
30729154
30742905
30747208
30770491
30774684
30776175
30789355
30796030
30806788
30840064
30844755
30851247
30855339
30860570
30863158
30867034
30867754
30919936
30920860
30944457
30944482
30948643
30952619
30952761
30991934
31010589
31013327
31018249
31018529
31018950
31036078
31088410
31091374
31100334
31104677
31112530
31130321
31164688
31173106
31174159
31179560
31199501
31207302
31219154
31226844
31250151
31254443
31262687
31263565
31270600
31277699
31288947
31290289
31297647
31336140
31350972
31394872
31404155
31410178
31412191
31412192
31412193
31425802
31441589
31470906
31472672
31481045
31481664
31490637
31516747
31536475
31545109
31552290
31554385
31568861
31594701
31600013
31624127
31629932
31630434
31632573
31638167
31652979
31666350
31673247
31699932
31704733
31711466
31714586
31719636
31729162
31742343
31747025
31810385
31816130
31830321
31831300
31842489
31865178
31892193
31905960
31908498
31909475
31929087
31929958
31934607
31954697
31966614
31970497
31980592
31982351
31983154
31988478
31996845
32000660
32019278
32033971
32067679
32087759
32088208
32089498
32099598
32112900
32123305
32127645
32152233
32165708
32186774
32193631
32218835
32233622
32234362
32261184
32272124
32278641
32323827
32325133
32326897
32328187
32350708
32352244
32362992
32365457
32365913
32389511
32404150
32410843
32428838
32436348
32451180
32461963
32461997
32474846
32500425
32506974
32513927
32537547
32559461
32599986
32611384
32616873
32620236
32632138
32637176
32650273
32653099
32662895
32683364
32692051
32698386
32700762
32705244
32715891
32732866
32740093
32748297
32770747
32774960
32775850
32778138
32793495
32796408
32817061
32823871
32843527
32859224
32860347
32876734
32885014
32892196
32901282
32901329
32907836
32908885
32916850
32917731
32923889
32923951
32929011
32932196
32947236
32958578
32964734
32977934
32988919
33023600
33034408
33047659
33051521
33054840
33054853
33068939
33075161
33116864
33141537
33148674
33166334
33168657
33186740
33203645
33213227
33235839
33237662
33246021
33247697
33251316
33260286
33263809
33283545
33287350
33290961
33300112
33303839
33344221
33376736
33377228
33386585
33392635
33395878
33399247
33400797
33423300
33428122
33431926
33440689
33455095
33475035
33488873
33508292
33509213
33526718
33575071
33611888
33622114
33639990
33662352
33685991
33692304
33707948
33708898
33711671
33729480
33743689
33744168
33745098
33780274
33794206
33811903
33820865
33827485
33834328
33842311
33842357
33842631
33878842
33889611
33900878
33909934
33910229
33933816
33935736
33947692
33952589
33954864
33982378
34036229
34060324
34072735
34074347
34074403
34075207
34102393
34108622
34109709
34112235
34130229
34168977
34172890
34173298
34194551
34202354
34203201
34213856
34217313
34238334
34240408
34244973
34249454
34249689
34268930
34281706
34281853
34296655
34306701
34344439
34358672
34362993
34363390
34367282
34377593
34397726
34401606
34402524
34403504
34415239
34421886
34453076
34479035
34496175
34513603
34519764
34526820
34527251
34568242
34591642
34602188
34606700
34619871
34630708
34638442
34655667
34667073
34733958
34748271
34751411
34754095
34762647
34779417
34816327
34820172
34824841
34838338
34860318
34876602
34887308
34887309
34899181
34911971
35001038
35005996
35023985
35033358
35047831
35050736
35051255
35080595
35094709
35100698
35100734
35117688
35121623
35122151
35129141
35133871
35138919
35146800
35158773
35169775
35172244
35180531
35181669
35191516
35193694
35197752
35209701
35224812
35234262
35238469
35253277
35253909
35256403
35267596
35272946
35273332
35277182
35280386
35296442
35311115
35311394
35317488
35335966
35338411
35348782
35357905
35418124
35431224
35435290
35450798
35465733
35468270
35474604
35477890
35483878
35484264
35484265
35501918
35519824
35526022
35531214
35546360
35551640
35568775
35595465
35619132
35621626
35626846
35663259
35676284
35682999
35689797
35709138
35718818
35719907
35731312
35738999
35740668
35767139
35768433
35778737
35780223
35829859
35842959
35849880
35852613
35857185
35860806
35869553
35878698
35914729
35917491
35963119
35967928
35994807
35997716
36005254
36017985
36046780
36066547
36079062
36093718
36097803
36119816
36123851
36131248
36157480
36177801
36186232
36188485
36208048
36217380
36221415
36239018
36243681
36279023
36284525
36292649
36295658
36308356
36314082
36315410
36321996
36323880
36346122
36353506
36367572
36376241
36381235
36384765
36387506
36409396
36428975
36446041
36457938
36458889
36468132
36480834
36484399
36490341
36503153
36516931
36562475
36563059
36567775
36595567
36605843
36611120
36619267
36620501
36635288
36635367
36644157
36646410
36661655
36673060
36701639
36713525
36719480
36729078
36733477
36775953
36788078
36791204
36799863
36825198
36826055
36835617
36843384
36863843
36898331
36905114
36913051
36922682
36930789
36932239
36933295
36934165
36943861
36963484
36970876
36974808
36976740
37059275
37067587
37068694
37086897
37093531
37101291
37106324
37139028
37170094
37172903
37188724
37194624
37195967
37229069
37249716
37268465
37272638
37274236
37311611
37339176
37341201
37341658
37344660
37365400
37380669
37392328
37396313
37427101
37438545
37452404
37463468
37469415
37493631
37530184
37544503
37565929
37580112
37597296
37621144
37621505
37624421
37628682
37628868
37634128
37655108
37662619
37662840
37667289
37668363
37681347
37689735
37705207
37712948
37713162
37720173
37735286
37747019
37750623
37761256
37784176
37821962
37832869
37835582
37839360
37846420
37874915
37908048
37908459
37916958
37944162
37949664
37961947
37965796
37968472
37970606
37975961
37983855
38015548
38017109
38024667
38025143
38025526
38025833
38033642
38088475
38117494
38136956
38142701
38148576
38149038
38194422
38230186
38238254
38260414
38265477
38273040
38315285
38316164
38402662
38431221
38432445
38439146
38440825
38444084
38458039
38466449
38473941
38518529
38524071
38573494
38603927
38614093
38616230
38630555
38636162
38638399
38641308
38666954
38671743
38697471
38714183
38721275
38802751
38807216
38813336
38821622
38822093
38831311
38832948
38833121
38837894
38842935
38848145
38851877
38872062
38873617
38884134
38889377
38937298
38943378
38954770
38955704
38970419
38980418
38986734
38993255
39002070
39011768
39012846
39015962
39040575
39050179
39054873
39058425
39070139
39071569
39104411
39144239
39158100
39159418
39160638
39169259
39176270
39191495
39196083
39197004
39209143
39229154
39235099
39235514
39236276
39282094
39282132
39307987
39308514
39317592
39329961
39336800
39350061
39354592
39365462
39369133
39369580
39376044
39384698
39386783
39400773
39401325
39409880
39455600
39457497
39462049
39476340
39490157
39492216
39505717
39533051
39539943
39543937
39555098
39590348
39596311
39611930
39619655
39631263
39634128
39637900
39659799
39661080
39669231
39669602
39685930
39706867
39709507
39711963
39724639
39727942
39742376
39743996
39746598
39791163
39794036
39794875
39806274
39823894
39849870
39850355
39863526
39872006
39881312
39883146
39890189
39890968
39901702
39912673
39935869
39955259
39957058
39979449
39980152
40016671
40032415
40049659
40067142
40091081
