22375552
23486085
24293274
24523440
24610295
25352054
26535063
27448819
27596086
27697496
28072954
28122310
28167755
28280276
28414062
28578023
29319168
29673649
29800648
29937814
30018075
30053909
30138677
30194267
30618098
30738173
30911953
31045771
31073077
31211828
31537641
31624469
31703042
31953711
32165621
32555190
32851276
32956704
33067957
33467550
33485372
33964933
33995405
34281585
34692603
35247100
35644410
35799777
35851857
36188573
36332162
36515172
36565634
36831678
36939972
37134199
37312472
37475052
37535380
37861728
38043413
38092143
38152700
38287413
38421448
38507881
38545256
38811189
39168413
39253077
39401868
39424707
39932361
