12873230
17016694
17214991
19305146
19634059
19639178
20017300
20846792
21478295
21487925
21533174
21984976
22064833
22586352
22698915
23166678
23810378
23810382
23980586
24004856
24033310
24229379
24859974
24886349
25133428
25193464
25284480
25372641
25475121
25488983
25757764
25831445
25889830
25962360
26497935
26501081
26529633
26676464
26807692
26972586
27076228
27157990
27693481
27766312
28167755
28292967
28302518
28561224
28829506
29178053
29208003
29476696
29510232
29527004
29636477
29725442
29893513
30004470
30497511
30691859
30755611
30799802
30818821
30927924
30961830
31059194
31119098
31203132
31209687
31402930
31486491
31660072
31709048
31828111
31831213
31848327
31867792
31918102
31938022
32075097
32155482
32217141
32231543
32366257
32426266
32439336
32562373
32599690
32729955
32778990
32817745
32936972
32968049
33129256
33193844
33215443
33221758
33512474
33567340
33657699
33742773
34040190
34098850
34193013
34216514
34516985
34598952
34646427
34668023
34691235
34741385
34827785
34858053
34887920
34922003
35036357
35217983
35384625
35395865
35582195
35670774
35789397
35860405
35964931
36092312
36180828
36288429
36319097
36355435
36530083
36605494
36826006
36870110
36934165
36943234
37340920
37628845
37641480
37781028
37799425
37948941
38077044
38133370
38153569
38184597
38411015
38431221
38434379
38489912
38529940
38541623
38623710
38744342
38847220
38863309
38877747
39044864
39183556
39197810
39258502
39492311
39788596
39803650
39819714
39835783
39850525
39858051
39949569
