21249429
21984976
22586352
22729224
23745724
24349482
25240815
25652288
26384552
26517243
26520804
26677064
26723864
26860062
27191494
27236384
27578985
27729613
27835880
28131600
29042193
30961830
31417306
31441589
32155459
32395869
32410348
32741637
32856318
33029740
33350092
33675995
33732003
34040629
34107168
34256802
34438716
34484860
34598952
35395865
35550247
35637600
35997716
36068012
36444616
36528701
37090079
37778418
37904709
38063094
38178680
38411298
39011768
39402462
39548169
39702326
39778763
