7790358
7962193
8991084
9344838
11807090
11897663
12034729
12077309
12135466
12147700
12364337
12442251
12488480
12527909
12592388
12595692
12708489
12738781
12784245
12852857
14531994
14532135
14647413
14734534
15015605
15024021
15105433
15125835
15173270
15221005
15278898
15469984
15611664
15621805
15654075
15678101
15684383
15735719
15766665
15876876
15923617
16198290
16247472
16254247
16260496
16267267
16369493
16378098
16412419
16418575
16469711
16507989
16582488
16613670
16620572
16638189
16645325
16760428
16837776
16860740
16873548
16875597
16927022
16980960
17011480
17081991
17102638
17188028
17218258
17310276
17351640
17369857
17437704
17446864
17610829
17617734
17671160
17706963
17785528
17943598
17998400
18005335
18062778
18095313
18171681
18174154
18215321
18216497
18250300
18297112
18298087
18298903
18320067
18331714
18338444
18378770
18418076
18427546
18477449
18521620
18566290
18625707
18662541
18678933
18694934
18695677
18703838
18762425
18794143
18922800
19004025
19033445
19160488
19164953
19351716
19386263
19452252
19468302
19473992
19503101
19509060
19543530
19546225
19572149
19591537
19596795
19629176
19631697
19652546
19668228
19707596
19739117
19804365
19807663
19821153
19822658
19855194
19912216
20072841
20126263
20130082
20130451
20139717
20144850
20145140
20170163
20198330
20427271
20511645
20553902
20571075
20573420
20594842
20615875
20625580
20655883
20656208
20664522
20711360
20823832
20860994
20886032
20927084
20932759
20937827
20962589
20978655
21070201
21078677
21079244
21099356
21148584
21150280
21153517
21189159
21281249
21364537
21436619
21478668
21478673
21522128
21533207
21545375
21601650
21602893
21610149
21635870
21636267
21637952
21640712
21642374
21642957
21654194
21723128
21726628
21765407
21772266
21809214
21822121
21871841
21887822
21914359
21947279
21978935
22000864
22067708
22080235
22108192
22115795
22120675
22184120
22184200
22202082
22248814
22249248
22272100
22292814
22309699
22309939
22314839
22325354
22328845
22365832
22390279
22391203
22399850
22405092
22405274
22427657
22449953
22479190
22517885
22527426
22535524
22554510
22566210
22593191
22609854
22609948
22621898
22641346
22701722
22745587
22818914
22820163
22848093
22862168
22869522
22890325
22890557
22918237
22927677
22978685
23037713
23045552
23046929
23135290
23153503
23155463
23159568
23188630
23204129
23213396
23226764
23276450
23345402
23348582
23359173
23377802
23455478
23509069
23509868
23520509
23548928
23552402
23563050
23584897
23615397
23625313
23658603
23659854
23661607
23664874
23695676
23750008
23757039
23770244
23887393
23891096
23907128
23967120
23983103
24018379
24026482
24042259
24067371
24076372
24120332
24124229
24142876
24152729
24159333
24160708
24166892
24196446
24205328
24271645
24327015
24338364
24349352
24364075
24407358
24448238
24451569
24484936
24493827
24501426
24502970
24519995
24525428
24531719
24623308
24626184
24630986
24656740
24660103
24675888
24706748
24722282
24722413
24771642
24777477
24810255
24844881
24859762
24865320
24876664
24910873
24977405
24980956
25042804
25047839
25069478
25193464
25246616
25252916
25283071
25304894
25329897
25346190
25365521
25368881
25382544
25398439
25430493
25480943
25505174
25505268
25556101
25565629
25574601
25645239
25658810
25666058
25670858
25681050
25737075
25789670
25826089
25830382
25855382
25927139
25975351
26016894
26024389
26030710
26057687
26059434
26070557
26114094
26114227
26119734
26124292
26171916
26174739
26185128
26191363
26192437
26206521
26242183
26259146
26278146
26279064
26280018
26291670
26292025
26293378
26302797
26317649
26323689
26472023
26478211
26493360
26503893
26513691
26549165
26573800
26595675
26647647
26654596
26685311
26751972
26779436
26794530
26799423
26890815
26912231
26983389
27002166
27064522
27068477
27073539
27090640
27127172
27140825
27160062
27193833
27196585
27219065
27238966
27245623
27277815
27308323
27330107
27398835
27409838
27450535
27477698
27498003
27557660
27558135
27592392
27603133
27712975
27822032
27830001
27831827
27840913
27857970
27861885
27888710
27899378
27941070
27965426
27979967
28036269
28069876
28074435
28096547
28102733
28138033
28178660
28184925
28188342
28267710
28283778
28286049
28314279
28344766
28360195
28387346
28416758
28430578
28436952
28474672
28512243
28521657
28556483
28557434
28586718
28591578
28607002
28614913
28684168
28692064
28708135
28717250
28794108
28820331
28821799
28851440
28861165
28881742
28900036
28920432
28933595
28935709
28973348
28994651
29059161
29065301
29065306
29154753
29170437
29187890
29190933
29209646
29228663
29246203
29254517
29269218
29282278
29288948
29295989
29339720
29348559
29391599
29423069
29437878
29438360
29454093
29467234
29487689
29493466
29541386
29549256
29559472
29565459
29568076
29663364
29679654
29710485
29716963
29753186
29764989
29771424
29774081
29865033
29913237
29927572
29959473
29973324
29976560
29979848
30008317
30017915
30069007
30108183
30108856
30125504
30127898
30133120
30135525
30199903
30202980
30217967
30243708
30254463
30260324
30277841
30288059
30316528
30374061
30395539
30405751
30405824
30414309
30456393
30488440
30525086
30578313
30590037
30611117
30622182
30631355
30633621
30642632
30655678
30676316
30728176
30747067
30760542
30770371
30782614
30848278
30854428
30876762
30887917
30890500
30912195
30915753
30933478
30996295
31029888
31040125
31042116
31072185
31072423
31075264
31081105
31097408
31101859
31156720
31186514
31200459
31204940
31227645
31244432
31253795
31259656
31286138
31298578
31320682
31366853
31416846
31437238
31468671
31523396
31544294
31548612
31563561
31571905
31595031
31597699
31601613
31650021
31685831
31692966
31708096
31730000
31751384
31758597
31795121
31795214
31832331
31837568
31851331
31863092
31864714
31869746
31938273
32017920
32060361
32060423
32088495
32096168
32144855
32172132
32182129
32183025
32220972
32231733
32232973
32254199
32259417
32262910
32267211
32268485
32275843
32286328
32407091
32463161
32496211
32541091
32573322
32617308
32631534
32700753
32704044
32728610
32735909
32792481
32814244
32832623
32875973
32878946
32896567
32916112
32961751
32962858
32998961
33009634
33106477
33117692
33131697
33177155
33207738
33235467
33248027
33288550
33315519
33321102
33352140
33376114
33402344
33418498
33490149
33494392
33500714
33547392
33558466
33561696
33573708
33584305
33588776
33596090
33615678
33615693
33621661
33705152
33785835
33826094
33870135
33889306
33902008
33917995
33963314
33976745
33990570
34003569
34006870
34051063
34063946
34080290
34093198
34115550
34140642
34197606
34203295
34210138
34251586
34260926
34270095
34277791
34297745
34353270
34354264
34362492
34362496
34369083
34376582
34397869
34404920
34435479
34440628
34454931
34469577
34477871
34503223
34514712
34522178
34531368
34551298
34562852
34565365
34605140
34635673
34663837
34675258
34676025
34680264
34700228
34700270
34705620
34715887
34729902
34735919
34748723
34757229
34759346
34775484
34779401
34796115
34860556
34870374
34880385
34881526
34887439
34888938
34901994
34967572
34973570
35014077
35031235
35058575
35116946
35117900
35119917
35143930
35143931
35156101
35210814
35236822
35236967
35269408
35274968
35302600
35343570
35350587
35361959
35372354
35437307
35454120
35456460
35459234
35505659
35523948
35546066
35560285
35563642
35637734
35644070
35663228
35719948
35739646
35745782
35756492
35756764
35790285
35837804
35838025
35871223
35910374
35912180
35941968
35950917
35956818
35981705
36092721
36142803
36181054
36185744
36194647
36297281
36317691
36330747
36381323
36413141
36476988
36505864
36512502
36524399
36538275
36544631
36563524
36581806
36611980
36626982
36627281
36634158
36641487
36676076
36687039
36724556
36728910
36733339
36744430
36746606
36749874
36765811
36793862
36805592
36810816
36865333
36889251
36907496
36912760
36919922
36926457
36930246
36951624
37014402
37039032
37049713
37058970
37119463
37125618
37174055
37183219
37222669
37265030
37272763
37279667
37305386
37367493
37387446
37388346
37396870
37407424
37419907
37447165
37454493
37456749
37473479
37488194
37577553
37577647
37584777
37596441
37625683
37637085
37639469
37640723
37674080
37679323
37684534
37698938
37702821
37762595
37765111
37773176
37788997
37873169
37879213
37883148
37888778
37899396
37916740
37949681
37958623
37958642
37968723
37979172
37988371
37992487
38019030
38037110
38049008
38057271
38057358
38072041
38102722
38104151
38140096
38147126
38184733
38201556
38234395
38273133
38355643
38360978
38361222
38364599
38393054
38402459
38414025
38452691
38495493
38534420
38559033
38614382
38656209
38676954
38713442
38716144
38740232
38769666
38780513
38782874
38797267
38798568
38807667
38815797
38841177
38885192
38885805
38887977
38904029
38915574
38933441
38968071
39002871
39018246
39019012
39041343
39093409
39098737
39128131
39142539
39153709
39184047
39214909
39236163
39236175
39279930
39287499
39291428
39345392
39353904
39406278
39409880
39424095
39516273
39556013
39605661
39614052
39623269
39634126
39657788
39658088
39732958
39737931
39749827
39763588
39789853
39914223
39949030
39949984
39967330
39971898
39994376
39994669
40023583
40033019
40052927
40056202
40068407
40093330
40095199
40098146
40100379
40100956
40111122
