15640847
16025114
16244668
16326102
17174311
17681131
17909526
18239451
19081077
19084407
19171756
19402176
19454482
19607708
20144993
20348415
20516151
21059844
21059850
21173875
21297952
21324136
21725316
21987638
22302995
23000383
23019411
23641073
23653187
23829549
24184099
24268700
24277814
24389189
24980795
24981932
24997597
25174401
25185193
25264260
25320347
25342035
25344692
25509335
25517369
25590559
25701666
25740542
25795303
25859044
26101219
26150138
26188084
26452337
26480844
26481051
26595384
26701933
26755742
27112295
27246242
27326256
27425613
27558293
27592744
27650967
27796307
27872092
27911707
28202467
28238495
28401181
28447620
28497182
28562169
28832566
28972102
29171762
29263250
29340047
29496738
29519803
29688390
29712910
29768346
29898389
30197118
30237222
30337519
30340068
30365085
30377272
30400339
30529153
30570110
30604763
31000710
31035676
31115335
31130353
31137743
31303643
31358734
31489978
31492983
31533936
31696485
31762063
31820547
32107292
32126150
32200684
32243714
32316320
32433990
32501498
32536824
32770382
32807875
32810424
32884289
32908304
32916112
33031637
33176597
33323015
33351100
33402398
33630225
33706192
33756487
33758078
33760919
33777739
33866248
33955524
34272646
34342940
34471984
34637843
34878151
35014077
35269408
35293662
35333404
35387563
35508865
35536377
35576702
35623713
35670224
35758262
35772791
35912011
35969030
36051696
36063666
36176741
36442843
36590171
36620611
36768356
36797240
36975767
37324947
37351847
37433832
37500946
37707473
37731702
37738460
37773039
37914064
37983248
38060272
38095873
38185225
38365710
38388511
38440866
38490717
39304174
39349439
40021845
40027806
40102689
