7521009
7628019
8586419
8649412
8666379
9096356
9344666
9500552
9515784
9618520
9683794
9838164
10359802
10378680
10439048
10469609
10479499
10753224
10763829
10874005
10987303
11102987
11313994
11325851
11371367
11574484
11717399
11793469
11828012
11897781
11973643
12434296
12531009
12601175
12610360
12684669
12697830
12840110
12967659
14871975
15077197
15198993
15254735
15256438
15521988
15533837
15781865
15887099
15887124
15887130
15942939
16144131
16166421
16204034
16284300
16314341
16336979
16338176
16426742
16472587
16507833
16540742
16619239
16728433
16785784
16817031
16913423
17044039
17139668
17148452
17253626
17258725
17417778
17557300
17653898
17851451
17993636
18007577
18030674
18178629
18273873
18307725
18376293
18602922
18619468
18768816
18824584
19039682
19132747
19148896
19479271
19526325
19672700
19793570
19863800
20104243
20129926
20178594
20186688
20186689
20205264
20487569
20533529
20624957
20632815
20689513
21204794
21240077
21376568
21425258
21528244
21571466
21590118
21618646
22295133
22461402
22577899
22585707
22608206
22892529
22918162
23012243
23017166
23071719
23288611
23314153
23570624
23582141
23709753
23837913
23981578
24027009
24072394
24259277
24400091
24790682
24823786
24919261
25512458
25534383
25691505
25761717
25761822
25773960
25786082
25856668
25871621
26036629
26110232
26232782
26240978
26320870
26423401
26753533
26754339
26848797
26895986
27017610
27329736
27435373
27589204
27618981
27780606
27803051
27915441
27998438
28248820
28283534
28293308
28347324
28365877
28381238
28439008
28451866
28466842
28562508
28767177
28805995
28933000
29147930
29175432
29286535
29336605
29345684
29380099
29710374
29758216
29792936
29795439
29852531
30061258
30161022
30268105
30478739
30613919
30631111
30653781
30816297
30824524
30946512
30990915
31056861
31209634
31410062
31433215
31445717
31616036
31792356
31845022
31860975
31889830
31916644
31992580
32002723
32143126
32197529
32240831
32388775
32449172
32664968
32826709
33082750
33191490
33247565
33411254
33453991
33465114
33577226
33636974
33915664
33996597
34116445
34247610
34272743
34302852
34357101
34376426
34418425
34428613
34489406
34807001
34967012
35111293
35116055
35172941
35189042
35260767
35346574
35451539
35865481
35982947
36051725
36073783
36134613
36360190
36387226
36414603
36445599
36453157
36644715
36731423
36801211
36895471
36942845
36952545
37308967
37534630
38199780
38284451
38426299
38531023
38654521
38714954
38851388
38900223
38925456
38957325
39139583
39149360
39185211
39222623
39334433
39436407
39471035
39516038
39592919
39596580
39615226
39669620
39807593
39863527
39894875
40013688
