7490075
9030545
9434960
11375983
14767555
19557333
22761421
23198659
23263490
23770608
24137319
24501277
25131834
26087769
26133394
26172944
26648449
26748215
26755646
27022290
27320729
27974823
28306219
28423643
28521875
28533537
28791128
29120461
29199204
29388942
29768346
29807012
29876237
30009279
30023403
30086056
30344713
30388038
30827058
30895337
30978525
31415061
31673068
31866764
31944473
32104204
32134429
32134431
32134432
32265515
32432416
32548621
32567205
32792570
32826474
32992294
33140240
33144657
33569431
33618333
33692996
33747905
34250404
34285382
34363023
34517090
34586735
34954152
35189839
35261896
35478106
35590056
35620275
35780178
35817971
35865168
35876795
36280868
36443251
36725468
36756361
36764464
36980791
37047824
37105989
37345618
37366612
37746257
37848928
37990341
38067377
38231514
38239863
38423601
38658779
38776551
38777726
38910015
39036524
39218995
39910288
39924917
