11083
20202
45165
79672
92199
95403
99906
108161
116749
135277
139878
175189
179379
317912
333814
337693
347890
348712
357437
358938
390625
402840
403099
412403
415053
417602
423341
441313
452952
452953
466903
522283
530729
542665
548620
557004
560424
562806
564915
566443
570894
586066
592661
599614
605816
614113
615534
645447
674719
729146
744832
749046
756336
756550
756551
756553
756554
756642
809528
820722
823373
905330
908726
916609
928236
934522
935273
949076
978674
997739
1026011
1053234
1075222
1120701
1129507
1136102
1136620
1166179
1167128
1171594
1171799
1180814
1202724
1221256
1237530
1240303
1242948
1242971
1242974
1242979
1260543
1266921
1289268
1365903
1380864
1397683
1417671
1429900
1435139
1451670
1469052
1485243
1498447
1507325
1516136
1516941
1533643
1541637
1571925
1581964
1593857
1611028
1617208
1644287
1647375
1660988
1668454
1697953
1699136
1716123
1729185
1732584
1735799
1745256
1752713
1762357
1762373
1768621
1794813
1795025
1802713
1811944
1819516
1819518
1861034
1869587
1875480
1895449
1916013
1934815
2005169
2014600
2019804
2034291
2038802
2041367
2042199
2066125
2070416
2081849
2112833
2167729
2192588
2194669
2203537
2203544
2211869
2221792
2223327
2229181
2247115
2247159
2257640
2259764
2305505
2312340
2320443
2381739
2384213
2413507
2431932
2438061
2438064
2451596
2483684
2483989
2497990
2516795
2537343
2564167
2584660
2620406
2631655
2634710
2637236
2639222
2651182
2656840
2666892
2672851
2673672
2679981
2731535
2734764
2755742
2767159
2794541
2814045
2826494
2845243
2889704
2926885
2953029
3028036
3052873
3061591
3072479
3091785
3092249
3093084
3100997
3108510
3116156
3116157
3119224
3152579
3190298
3202112
3219502
3255751
3278134
3317547
3323658
3325052
3330760
3379678
3385890
3402325
3411890
3413217
3427745
3436203
3519220
3525577
3526331
3536956
3538131
3538704
3547035
3558485
3568234
3568250
3568264
3573158
3596425
3600777
3613461
3619449
3641312
3672701
3672712
3692691
3733881
3735517
3750666
3762791
3763861
3795839
3803714
3803715
3809912
3831570
3833876
3841838
3888642
3892045
3895230
3899332
3920268
3921897
3933426
3980535
3980536
3980576
3989112
3994422
4007741
4014702
4020098
4036454
4046461
4060388
4073353
4080313
4086670
4130873
4164747
4173856
4196758
4205572
4208545
4211979
4224105
4317686
4320472
4361596
4417989
4422254
4445271
4449756
4460680
4468173
4468997
4469574
4491759
4519214
4561081
4569146
4569942
4603381
4617492
4617493
4617494
4617495
4643230
4644179
4650793
4659940
4671736
4679388
4700140
4709698
4721881
4734736
4788930
4792543
4803204
4807347
4823962
4831794
4831796
4840028
4872637
4909229
4917372
4938335
4986347
5003022
5009993
5012540
5021188
5055863
5063481
5065723
5069434
5072933
5094837
5095572
5099866
5111990
5137436
5148221
5148486
5154864
5159812
5188365
5198528
5231898
5266499
5291534
5296191
5300859
5308933
5322902
5325287
5378539
5405385
5418859
5419091
5419092
5434999
5435876
5436864
5522420
5526325
5541548
5553010
5564767
5586592
5594086
5597425
5598862
5600303
5604977
5614423
5631401
5660868
5667018
5667405
5670628
5686711
5696408
5698655
5700696
5707858
5710521
5717781
5720486
5731769
5769149
5784941
5815101
5819041
5832370
5846556
5850784
5855764
5871085
5876735
5881490
5885651
5891319
5911101
5918261
5923284
5954375
5957890
5983381
5988804
5996540
6006789
6006943
6044288
6052820
6082064
6085335
6085566
6110491
6119156
6155222
6170892
6191882
6212971
6216508
6224252
6229824
6233670
6240674
6252777
6256653
6348760
6363679
6381869
6383043
6384502
6392584
6410062
6425095
6454625
6455719
6493690
6507709
6546926
6588565
6591427
6596986
6621322
6622666
6638830
6646705
6649258
6655015
6682387
6682535
6683044
6720041
6721928
6722871
6728092
6728406
6732801
6735420
6738138
6748555
6768631
6772501
6785578
6794333
6810376
6824619
6832787
6837930
6844937
6854806
6857920
6891910
6916943
6939517
6941253
6985503
6991786
6991787
6993019
7005461
7026486
7070761
7086097
7105351
7107306
7133553
7142663
7160632
7173635
7181131
7195849
7195850
7210385
7214656
7230692
7231881
7236091
7237059
7276005
7291256
7305002
7313000
7324323
7324332
7328269
7348829
7356931
7437098
7448970
7460140
7462659
7472321
7508450
7511951
7515364
7559677
7568202
7593083
7609163
7619434
7628693
7629674
7649369
7698780
7735512
7737118
7744953
7750655
7754377
7754378
7774604
7775760
7782361
7787153
7799773
7800893
7816873
7856984
7859557
7863898
7876310
7925007
7925277
7937937
7958861
7966715
7966751
7967587
7979589
7983142
8012785
8020968
8026330
8047406
8054016
8056842
8076523
8080064
8088390
8177087
8188750
8188751
8190779
8199848
8199849
8201413
8203159
8236458
8236814
8247006
8269859
8304839
8308977
8313998
8329062
8345614
8349727
8352687
8362025
8375653
8391978
8401285
8406002
8408222
8408288
8417114
8425943
8432735
8458334
8474845
8528700
8538948
8560649
8563678
8567717
8581575
8582284
8587494
8601600
8603920
8603921
8616619
8666616
8670189
8670895
8683760
8683774
8707827
8714467
8762159
8811237
8814139
8815840
8817376
8820881
8832208
8833724
8834801
8834804
8847188
8850083
8863540
8886974
8887551
8887667
8896591
8896597
8910460
8923209
8951792
8961658
8971911
9031852
9037295
9057315
9060463
9075634
9096240
9111267
9112201
9119825
9120969
9128248
9128446
9130677
9130700
9151663
9152126
9153231
9158491
9174447
9194234
9202116
9213052
9215630
9256785
9258184
9264467
9274750
9281574
9282322
9285819
9296386
9296388
9307418
9334276
9334641
9352710
9355942
9358217
9358898
9379897
9382872
9384578
9386305
9396362
9398677
9400429
9417414
9434959
9450835
9451538
9463577
9472041
9474124
9479279
9486340
9513900
9529376
9529377
9534642
9547074
9553193
9565047
9566967
9568875
9571234
9580563
9582069
9585415
9586604
9600868
9606209
9607435
9612684
9617477
9635188
9684448
9698326
9698656
9718373
9726403
9728719
9730743
9763447
9788372
9794295
9797972
9821621
9827397
9833024
9834199
9864355
9864876
9870725
9893022
9893810
9905442
9905443
9906457
9907145
9911035
9911151
9913043
9920414
9927602
9938355
9951475
9953392
9954130
9954848
9957523
9958349
9965675
9967359
9969099
9971482
9979565
9981161
9984484
10005993
10006198
10013536
10016101
10016102
10017538
10017852
10018598
10019466
10019642
10032129
10033259
10034242
10034243
10035656
10035865
10038180
10053280
10057160
10060455
10060704
10061574
10062003
10063885
10068463
10069187
10099400
10100004
10102122
10160940
10190447
10209303
10211381
10220403
10231492
10325987
10330408
10339566
10341945
10352016
10359612
10370053
10379824
10381387
10397772
10408294
10415352
10426970
10433838
10436027
10441719
10445302
10457701
10459013
10468586
10503007
10505416
10508910
10515933
10516444
10518996
10518997
10519004
10540287
10561945
10564700
10569534
10584942
10602636
10608510
10623192
10639340
10656760
10662594
10671148
10688079
10704403
10731890
10743703
10744974
10749924
10751153
10754143
10763439
10763739
10769803
10776817
10780704
10783235
10799520
10805785
10806191
10821171
10830165
10836637
10848634
10855497
10856012
10871281
10884685
10889065
10899120
10899336
10938254
10946715
10954301
10964451
10975516
10992398
10992406
11005016
11010907
11029053
11036169
11064915
11084696
11110565
11113736
11118641
11131130
11146624
11149809
11151188
11156974
11163409
11173303
11180379
11180831
11206256
11235531
11265043
11267871
11278681
11298046
11300537
11309836
11313727
11339397
11342888
11377340
11384583
11402780
11408572
11410949
11446851
11450736
11459178
11469834
11481346
11486693
11489720
11514632
11526087
11538582
11550467
11550482
11550483
11564346
11573160
11575272
11607385
11672875
11675685
11676915
11693697
11696708
11696709
11696710
11696711
11696760
11698194
11702954
11706670
11707407
11723852
11724125
11734602
11734639
11734996
11744445
11750157
11763494
11768487
11773491
11775471
11793256
11799974
11809098
11827982
11832766
11849591
11853600
11853667
11862484
11863884
11901107
11929974
11932022
11935220
11936615
11950932
11950945
11952896
11955189
11970961
11973299
11973304
12015713
12045747
12050489
12059526
12060731
12062061
12074611
12113622
12117819
12121732
12131348
12134163
12136862
12141711
12149731
12174788
12180234
12180619
12186944
12187250
12188797
12198424
12202791
12213215
12213912
12240236
12283929
12286435
12297101
12352389
12365691
12367552
12369421
12390246
12396440
12399372
12399382
12402053
12402243
12424084
12424085
12424086
12424087
12424088
12424089
12424091
12441921
12445269
12455290
12463127
12471229
12471268
12475687
12476385
12478250
12483029
12486115
12490943
12493774
12499863
12515082
12519203
12529860
12538512
12546707
12547760
12551942
12556849
12557540
12559305
12569123
12583075
12595187
12598963
12606962
12629337
12657905
12667725
12681333
12690451
12752500
12765082
12765252
12796288
12808028
12815070
12820850
12828633
12859686
12868010
12877845
12880813
12893323
12925780
12948695
12955239
12970190
12975812
12980723
12984874
12993145
13006863
13008766
13018444
13030026
13052579
13059952
13080865
13106656
13108456
13110229
13111339
13134762
13140183
13243402
13256837
13267577
13273291
13288087
13291687
13293735
13307541
13314365
13315952
13316446
13346134
13354443
13361758
13380022
13382275
13392497
13401596
13401597
13401619
13430903
13439683
13490771
13509827
13544404
13568452
13599419
13603617
13607958
13609537
13621699
13624150
13634038
13653006
13666965
13724157
13728791
13784193
13796751
13824212
13839121
13877935
13894102
13896165
13896169
13897256
13940742
13951017
13955092
13963754
14055721
14067959
14069337
14070823
14079786
14116083
14132616
14140807
14155400
14158586
14194199
14232770
14284870
14289060
14290168
14296278
14337166
14345770
14357738
14380132
14403362
14411373
14429897
14482524
14504268
14515169
14519364
14528012
14531270
14532104
14565873
14565876
14565883
14588248
14601591
14609395
14609882
14629121
14634428
14634589
14646431
14653599
14655046
14655086
14691179
14713820
14718566
14727377
14731889
14737930
14750140
14811592
14811593
14811594
14811595
14811598
14857893
14867577
14872248
14877333
14881727
14881753
14918279
14921568
14927216
14932284
14935159
14938469
14993606
14994167
15000176
15003155
15019374
15034143
15069132
15075274
15120067
15123835
15132994
15156306
15173579
15183982
15212246
15216763
15220163
15234897
15257462
15269182
15275842
15296722
15311043
15323923
15330869
15334838
15338666
15339663
15355977
15369094
15379931
15385623
15385630
15395017
15459101
15467719
15473833
15476521
15495201
15497511
15498487
15513277
15523209
15525672
15525943
15548732
15550266
15556197
15558035
15569158
15592052
15598545
15607300
15609041
15612921
15619942
15629926
15654021
15659916
15683537
15705109
15711298
15721713
15726486
15728720
15743853
15745182
15748348
15748410
15778827
15800004
15825774
15827329
15828030
15828963
15829952
15835313
15848389
15848390
15866279
15872084
15877838
15879805
15888542
15889086
15922429
15926476
15927190
15930134
15931517
15937708
15945605
15987859
15992541
16027220
16052829
16054023
16090868
16105883
16148586
16158878
16193508
16207760
16240765
16241392
16270000
16272122
16274860
16277185
16297645
16308987
16319155
16324701
16328449
16328630
16329288
16336349
16339956
16346121
16362581
16371554
16405057
16405941
16407000
16420360
16436507
16441813
16449187
16458880
16459686
16463145
16467674
16482438
16487957
16506027
16527964
16544076
16576002
16588739
16593252
16611238
16632051
16632052
16655365
16669662
16678505
16709898
16741112
16765936
16766230
16775007
16785321
16791158
16811398
16845379
16854447
16859462
16861318
16888325
16888627
16903380
16923827
16946749
16954942
16969725
16972090
16979709
16981036
16985677
16998767
17011480
17013417
17020629
17028581
17051213
17067799
17103895
17113794
17157303
17158664
17197554
17237365
17245108
17249010
17268460
17276919
17297311
17319609
17320686
17330849
17335605
17338614
17347838
17348151
17392317
17416900
17438137
17441669
17445636
17448447
17486116
17487059
17488553
17509315
17523905
17541781
17552392
17572216
17579515
17590059
17598649
17609108
17619163
17629890
17637834
17656202
17709012
17710468
17729727
17737080
17741862
17764711
17768923
17770264
17774229
17776154
17777264
17789196
17794063
17797097
17799447
17799887
17799988
17814540
17815979
17818499
17830493
17831698
17834027
17834338
17834410
17835599
17840819
17851281
17856572
17867945
17867946
17876389
17878409
17899956
17914488
17914683
17929054
17941848
17947057
17947796
17949321
17959456
17987538
18024826
18025630
18031480
18036682
18046395
18058101
18061136
18080112
18090830
18108737
18109802
18137711
18170626
18184505
18188151
18193439
18195749
18212509
18219475
18235240
18237700
18238423
18244461
18245599
18253445
18253446
18256010
18256898
18257858
18279941
18291796
18303547
18317607
18325370
18326292
18326831
18338120
18349624
18367542
18372177
18372956
18390647
18392491
18405758
18405760
18411790
18421101
18422765
18431357
18452455
18460993
18460994
18468660
18475823
18478737
18480404
18495311
18515145
18516582
18523751
18549008
18559893
18573877
18579906
18586133
18643718
18648863
18650887
18652665
18663358
18678765
18716649
18721979
18728398
18755590
18760904
18777999
18779952
18784624
18786769
18793196
18794994
18799042
18803558
18805088
18811463
18811464
18811465
18815425
18820803
18832153
18832392
18835054
18850724
18864170
18885976
18906523
18916637
18947622
18948501
18948774
18949522
18958833
18977387
18978993
18987332
19015111
19022482
19033064
19036801
19043428
19047706
19065117
19066683
19066684
19068998
19077578
19082652
19085169
19085170
19088662
19090812
19095453
19105303
19113210
19116524
19126484
19129481
19140289
19145274
19149220
19154725
19178169
19185466
19204583
19229272
19233406
19242449
19270175
19281418
19292365
19299906
19330245
19335335
19342302
19359623
19361493
19384736
19386763
19398884
19400787
19409117
19410986
19429013
19468510
19468514
19468515
19468516
19486162
19487457
19497327
19504112
19507108
19518774
19528847
19547333
19563797
19570384
19571115
19597627
19634846
19668340
19681247
19699264
19711162
19734162
19752619
19759176
19760994
19785550
19793496
19795340
19805581
19806032
19814577
19815458
19830012
19840732
19840733
19844391
19854907
19857557
19861317
19887589
19910498
19916750
19941847
19966838
19968583
19983428
19990158
19991857
19996585
20029643
20035084
20039823
20040496
20053682
20064939
20103830
20116718
20130084
20137758
20139001
20139723
20149103
20161625
20162121
20168869
20169761
20172565
20185865
20197791
20226769
20231048
20233308
20233668
20249225
20292299
20296403
20329643
20332915
20337341
20351295
20368616
20372890
20375067
20382762
20384762
20386994
20389503
20396092
20491048
20523652
20534809
20552863
20553678
20556131
20558693
20559026
20562317
20568426
20577613
20587870
20592185
20601562
20615875
20616084
20626977
20639581
20640034
20646742
20655068
20694092
20697026
20697489
20702561
20713690
20718173
20722609
20725778
20727992
20739047
20806847
20810782
20815828
20826607
20826821
20832093
20833892
20862122
20867513
20890279
20966247
20969462
20980004
21004813
21017272
21019047
21040422
21046324
21055908
21056974
21069568
21085269
21098620
21103054
21113789
21134673
21139076
21165233
21166904
21172113
21173882
21178927
21179512
21186089
21224392
21227718
21256545
21268343
21271203
21271254
21276636
21278288
21291001
21295856
21296379
21321099
21327792
21334029
21364432
21381953
21388858
21390101
21404835
21423721
21430877
21438072
21453346
21454609
21456778
21463589
21477082
21502177
21514744
21537516
21545537
21547977
21549895
21552321
21577073
21585161
21601507
21615551
21622047
21657824
21662928
21666097
21667775
21685458
21695160
21714814
21749711
21764856
21782170
21784923
21785410
21792172
21792279
21797301
21810980
21832520
21833337
21851975
21852954
21854406
21855968
21865156
21870326
21878496
21902384
21922380
21927984
21958225
21965528
21982755
21988606
22011530
22015212
22018508
22019870
22035825
22042620
22063816
22116865
22116866
22116936
22120291
22125491
22133664
22144593
22146171
22153075
22191133
22192105
22195391
22200717
22201226
22204501
22207880
22225045
22226251
22239271
22257676
22292100
22296102
22307330
22316962
22319058
22327364
22331109
22350016
22351768
22372915
22374029
22375072
22380857
22385961
22389529
22390614
22395317
22402313
22425159
22428676
22436328
22438582
22456872
22481333
22482005
22496013
22498339
22504073
22508265
22510082
22529103
22534564
22535527
22535890
22550672
22561573
22570838
22572959
22577076
22578537
22582223
22582256
22588241
22591454
22606619
22619067
22703741
22722197
22734477
22734479
22734947
22735923
22751473
22798490
22809624
22810556
22822564
22832730
22854387
22855565
22868107
22868313
22871738
22873714
22876167
22876272
22878988
22886045
22899712
22921752
22922771
22936585
22942856
22942861
22955413
22975629
22995948
23045668
23046409
23051793
23059225
23070816
23099225
23101518
23108839
23126941
23140771
23156748
23184489
23190923
23196909
23200719
23204653
23206081
23222841
23235977
23260552
23263490
23272930
23303833
23318641
23319562
23336414
23345243
23345876
23383542
23388829
23389280
23397830
23413847
23414887
23456210
23466222
23474156
23480714
23483226
23489509
23505534
23516109
23524141
23538580
23576664
23590293
23595737
23609125
23621684
23622681
23670659
23679771
23683145
23686576
23690175
23692815
23697957
23702412
23712118
23716630
23717539
23734365
23750561
23761495
23772348
23803312
23810537
23816573
23820882
23827281
23837281
23838852
23862991
23869103
23881792
23905926
23907121
23914484
23914485
23926116
23953628
23960291
23986489
24001704
24015647
24015880
24032153
24038274
24047381
24047983
24050532
24055132
24063300
24068551
24069443
24074077
24079524
24083332
24106637
24112974
24114296
24122748
24136490
24138230
24149197
24151924
24152731
24155242
24168996
24175620
24179721
24198324
24209775
24210057
24220692
24224204
24235810
24235811
24248284
24260212
24263597
24279230
24287475
24295602
24318643
24336567
24345373
24350532
24386577
24389260
24409018
24411781
24415944
24469495
24469648
24480831
24490183
24491538
24501277
24507614
24515139
24533369
24548123
24554763
24560970
24573830
24587292
24619437
24642145
24655301
24680892
24682863
24688375
24692559
24692569
24692570
24696797
24704339
24711730
24714213
24719149
24727120
24742126
24760745
24771169
24778223
24784030
24788313
24807036
24811281
24817274
24840300
24844595
24844729
24859315
24875509
24881807
24920475
24921177
24928912
24937146
24942669
24947344
24951969
24954111
24963130
24975750
24977389
24992682
24994885
25005711
25010316
25019712
25019879
25023516
25031431
25047610
25057016
25074841
25085707
25113392
25114175
25118262
25124163
25168162
25202973
25220058
25224212
25224324
25226951
25230267
25239952
25258902
25263301
25270148
25278998
25280292
25289340
25291158
25309985
25318090
25357027
25370038
25381743
25389683
25389686
25394778
25435265
25435403
25440816
25443934
25444943
25449204
25471631
25476930
25482124
25487720
25489229
25505230
25515576
25517490
25524240
25529843
25531986
25546095
25568341
25578945
25593304
25596615
25614828
25618104
25618797
25629678
25647710
25655218
25657543
25664892
25664893
25675002
25712308
25724296
25726154
25733297
25736294
25740784
25748858
25784103
25785215
25814896
25831113
25832225
25860647
25861078
25872181
25878334
25882943
25888962
25903931
25906830
25913264
25913431
25916561
25918666
25923149
25923151
25923259
25931171
25938962
25945925
25959790
25968527
25987607
26005965
26022485
26034435
26034653
26041980
26044783
26049611
26050079
26051777
26058049
26060863
26070059
26072691
26074637
26084856
26091080
26133394
26139159
26150045
26150522
26154282
26166783
26175872
26180650
26186660
26226920
26226921
26228281
26231249
26235507
26239368
26251183
26251738
26254112
26270137
26300298
26305413
26324921
26332937
26340631
26347534
26352272
26357408
26370499
26375368
26377890
26385245
26387717
26391657
26411123
26411217
26416160
26434010
26435873
26436236
26438274
26451644
26469501
26482481
26493165
26510791
26522263
26529484
26542618
26552570
26555953
26557278
26558046
26558049
26560162
26598811
26604273
26620907
26636952
26638388
26644514
26648449
26653329
26669335
26675295
26682210
26684439
26691560
26697831
26699989
26709148
26709204
26710735
26712285
26718535
26718730
26723844
26737620
26748215
26763250
26793577
26821671
26842868
26848757
26850750
26855840
26875001
26883374
26891635
26904583
26926554
26937754
26941326
26951196
26954736
26958473
26980463
26992938
26995815
26997271
27020612
27027779
27029504
27047957
27053664
27064495
27066620
27066822
27076181
27078513
27096129
27099089
27104332
27107350
27110649
27123339
27131178
27137047
27141333
27151649
27159395
27174196
27176182
27176183
27180211
27185862
27193356
27193850
27193852
27218601
27234061
27238751
27240320
27244218
27252968
27264323
27293794
27318920
27357632
27362548
27370475
27370488
27385549
27422246
27436566
27466049
27467549
27467729
27468374
27486176
27489230
27504539
27524698
27551087
27571204
27573199
27579436
27610117
27612425
27616829
27626232
27629503
27652912
27666143
27668237
27671953
27676117
27683556
27706818
27725551
27729994
27743618
27743796
27759154
27759654
27778476
27791133
27792221
27800186
27807100
27825585
27826864
27826865
27834910
27851763
27865693
27866012
27867352
27867849
27868462
27894751
27897244
27900219
27904123
27910368
27913805
27918680
27939223
27967276
27976745
27981926
27999577
28003822
28009776
28027846
28034776
28040670
28061400
28069445
28070668
28071677
28080778
28141828
28146238
28149221
28152433
28153776
28155839
28158075
28167986
28178132
28179683
28188185
28207972
28230527
28232962
28233227
28253419
28292293
28293801
28302252
28304670
28304905
28304976
28305055
28305243
28305362
28305688
28313154
28333188
28338667
28344870
28355100
28356353
28356560
28357535
28358911
28368131
28369344
28404085
28404093
28409300
28423643
28431291
28436364
28450458
28466234
28467583
28467724
28469279
28470847
28478744
28481764
28486174
28498284
28533537
28542258
28546206
28558182
28571755
28589217
28629927
28640189
28653304
28659328
28672142
28681112
28686990
28697081
28705703
28709792
28714971
28726157
28732272
28733044
28739419
28751678
28761567
28769912
28779315
28785196
28792148
28795426
28805995
28811179
28814505
28820008
28841120
28842682
28853395
28863604
28863665
28867239
28875295
28883092
28897419
28905777
28926802
28940202
28944307
28945157
28947175
28960527
28964106
28965179
28984590
29027858
29031270
29035596
29039074
29058078
29063024
29072370
29088637
29088685
29094605
29098279
29098457
29105589
29118551
29120461
29135896
29142076
29144935
29148525
29164411
29165014
29196845
29202628
29210324
29234535
29234561
29234645
29238005
29252501
29259904
29260192
29269862
29288787
29295416
29302497
29304606
29304707
29308925
29309275
29328120
29348471
29355155
29361575
29373546
29383281
29386312
29388942
29412548
29420268
29426603
29434662
29439995
29450378
29454352
29456883
29459134
29463329
29463818
29468300
29485777
29489539
29552205
29555383
29557940
29558092
29559562
29572003
29574185
29603760
29604063
29616297
29622426
29625482
29632783
29650000
29659608
29666911
29667514
29685503
29686172
29697775
29709477
29716643
29720774
29729973
29739877
29742018
29748517
29762571
29767455
29775007
29809141
29840234
29873874
29875260
29876237
29879152
29880869
29890818
29892575
29903865
29925526
29934078
29940899
29946894
29947994
29961862
29975812
29998005
30003377
30016433
30031832
30049241
30086056
30110391
30124071
30124083
30126608
30150290
30174989
30174995
30178682
30194485
30198841
30216861
30218004
30265118
30273798
30281008
30305313
30316259
30348436
30350865
30352443
30362666
30368636
30373341
30385816
30395150
30398384
30403349
30408771
30412973
30429281
30429526
30439945
30448219
30453198
30455485
30462614
30467105
30474741
30477994
30481199
30493151
30499660
30507730
30512231
30520842
30522189
30524943
30557184
30557595
30562509
30568948
30573620
30577366
30581059
30585740
30585826
30604405
30630350
30640033
30661744
30664065
30676213
30686295
30688866
30691419
30699194
30711598
30733993
30742709
30758162
30760023
30768338
30788566
30794571
30811970
30818169
30818879
30823721
30827058
30846209
30871225
30872044
30891828
30899426
30917185
30935717
30941339
30984909
31007212
31031001
31035159
31040310
31042107
31049795
31073135
31080488
31085632
31097191
31137903
31152193
31173622
31178087
31178091
31189189
31192948
31236098
31240875
31245654
31245921
31249411
31258154
31268641
31270007
31274447
31279243
31300229
31302402
31314753
31335355
31354280
31372691
31388796
31408072
31408287
31415061
31423471
31452676
31479159
31485656
31487511
31488563
31488685
31489278
31495582
31532702
31552169
31559299
31565754
31579552
31581259
31595040
31596181
31596612
31615029
31624068
31630723
31647448
31652588
31663312
31673068
31692623
31720031
31729489
31740532
31745549
31757464
31780878
31792225
31808642
31813026
31821286
31827365
31829442
31852574
31857678
31864301
31866764
31870717
31875069
31885229
31895686
31958536
31958886
31962339
31965865
31968995
31974342
31991102
32005322
32007887
32008817
32009496
32012149
32022425
32022520
32026947
32034069
32060915
32063348
32074005
32074007
32079623
32080141
32084508
32099799
32102000
32116023
32116496
32134429
32134431
32134432
32150088
32150506
32154440
32162500
32165727
32178654
32182672
32188072
32204624
32205482
32208513
32238944
32244223
32248386
32259167
32272809
32274528
32291083
32340084
32346052
32366588
32371598
32382884
32391226
32396514
32412841
32415429
32424176
32425531
32429480
32437760
32464019
32493729
32497495
32498699
32509423
32529597
32533691
32536569
32543536
32546519
32556673
32561363
32567205
32568593
32601226
32608076
32624174
32627883
32632616
32640373
32654844
32658072
32670453
32671282
32672554
32723382
32724698
32726775
32741826
32746254
32758138
32760606
32773116
32778483
32792570
32795511
32800323
32801757
32822132
32838755
32844689
32850104
32859741
32862001
32865951
32867011
32872698
32897663
32918436
32929142
32938641
32962392
32975857
32986034
32990133
32992294
33001133
33018013
33021424
33024273
33029839
33053207
33063172
33076558
33084734
33099262
33103359
33104292
33108588
33113389
33114924
33120659
33123655
33125191
33125547
33135635
33172792
33177540
33180597
33180599
33186548
33194108
33201827
33206995
33237452
33257387
33269793
33270491
33270969
33272090
33280990
33283124
33290350
33295259
33302929
33312483
33322184
33340961
33342512
33344944
33346786
33349033
33354387
33364767
33364889
33399388
33399963
33423591
33427418
33446626
33454236
33457680
33460289
33469258
33472115
33485612
33493508
33495191
33495987
33523111
33532209
33553419
33569431
33582250
33590336
33599527
33605749
33619908
33624471
33637495
33639731
33665124
33665128
33665737
33709008
33715893
33715935
33727829
33738574
33752885
33793971
33798817
33814014
33816012
33816285
33819205
33826932
33831244
33842241
33848075
33848076
33859018
33861537
33861542
33870441
33885212
33899205
33902867
33969298
34001054
34006145
34006657
34026673
34034807
34058580
34067613
34070513
34082201
34083081
34092599
34100102
34103048
34118935
34131788
34132513
34141654
34148706
34152366
34158040
34159607
34168695
34175984
34192952
34210891
34232348
34250404
34250739
34252057
34254663
34263386
34266558
34271678
34274497
34274903
34293752
34294817
34314024
34314028
34324529
34330025
34332831
34334992
34335749
34338785
34342667
34345280
34345822
34346792
34357457
34361326
34363023
34371300
34375127
34408203
34423057
34424370
34426847
34453958
34502317
34515307
34531387
34541275
34549174
34584830
34586735
34607897
34664541
34675469
34680989
34682817
34691935
34726019
34733984
34745788
34748423
34760848
34766214
34768529
34794859
34808802
34816535
34819572
34833631
34841358
34842114
34851485
34865449
34871216
34875656
34886363
34892240
34892444
34907246
34907997
34910396
34920998
34941091
34954471
34958389
34960372
34964263
34967012
34969868
34989268
34997040
35008038
35009786
35020734
35028983
35047284
35048132
35059195
35099688
35100706
35108036
35113819
35130605
35130823
35135110
35139130
35140664
35142232
35143306
35145902
35166192
35171374
35174716
35179785
35180792
35189926
35190223
35195058
35214958
35231028
35244068
35247210
35252866
35260767
35261896
35274726
35276675
35291241
35304057
35307549
35308232
35315402
35316790
35320887
35333487
35360975
35376552
35380719
35384916
35391389
35394845
35426721
35427718
35454297
35463652
35463833
35473924
35487078
35501820
35509534
35511006
35523320
35527843
35534205
35544520
35558271
35566675
35568930
35590245
35622906
35624529
35632168
35635062
35643475
35648217
35651485
35657360
35667618
35670623
35682673
35688938
35689463
35690711
35691790
35692278
35744546
35767037
35780178
35791081
35793867
35811174
35814478
35817971
35825760
35838571
35853501
35853715
35859382
35859975
35860951
35865411
35875367
35882400
35899531
35905367
35907267
35927456
35927716
35944835
35962233
35965357
35967419
36053493
36071809
36074950
36087323
36096769
36112296
36125193
36126518
36144140
36156104
36162690
36174274
36181743
36191210
36196019
36208008
36210386
36211285
36217731
36221285
36261743
36288504
36295917
36305835
36310866
36314330
36324895
36331126
36333244
36344596
36346389
36356407
36357827
36382825
36438466
36452603
36454788
36456437
36463220
36469495
36479248
36479737
36485636
36488371
36493352
36495579
36495796
36502218
36504530
36507380
36518865
36530070
36533552
36536702
36542156
36563218
36577583
36608115
36610998
36615101
36629530
36644093
36653403
36654147
36654338
36659792
36662798
36675653
36687611
36708124
36709311
36716341
36721691
36726942
36727290
36728166
36738508
36741461
36747415
36753676
36754702
36756006
36765365
36792403
36795174
36808619
36837461
36852182
36856825
36857169
36867714
36884603
36890520
36902634
36905874
36909359
36912416
36915289
36930243
36930255
36946017
36974241
36999590
37007102
37012276
37013858
37031222
37035329
37042153
37052338
37093335
37097431
37100843
37161279
37170478
37171644
37178067
37184592
37188141
37196073
37203073
37207704
37215028
37216304
37218846
37227194
37229628
37229919
37239414
37259721
37261559
37261575
37268062
37281005
37281135
37281228
37281720
37281781
37281852
37281878
37282120
37282125
37282218
37282248
37286436
37288930
37293351
37303205
37309048
37331942
37345618
37347852
37366515
37390282
37392255
37395818
37398378
37417738
37441854
37445104
37457334
37459237
37459542
37471677
37535687
37549737
37559772
37573436
37596315
37621618
37632441
37644183
37652606
37656387
37660398
37660475
37689338
37710349
37711736
37714149
37721505
37728745
37735051
37752949
37770929
37805095
37824558
37832010
37832156
37835593
37843158
37848928
37864648
37865081
37872511
37874375
37875974
37891003
37896529
37915712
37918324
37928291
37935356
37938766
37956630
37967694
37990341
37991264
38023184
38031280
38031903
38034085
38049367
38051340
38055401
38062789
38075456
38077287
38086866
38090110
38096281
38123865
38129815
38137678
38143837
38148087
38175383
38176702
38181109
38185366
38188587
38197771
38217036
38217719
38219993
38224460
38230313
38231514
38237101
38262245
38276789
38282550
38287949
38297802
38301761
38304204
38349883
38350965
38351197
38364176
38386255
38386303
38389374
38398328
38398468
38404136
38406900
38407463
38445996
38463556
38470120
38474938
38492194
38505135
38507069
38513273
38522467
38538767
38561304
38571325
38586419
38638278
38644739
38646487
38655163
38660244
38713088
38720880
38734075
38737795
38742242
38753035
38753799
38762751
38764327
38765109
38768677
38774082
38776551
38777726
38783059
38789871
38804338
38806077
38813236
38814129
38818256
38818997
38819318
38826629
38833541
38833721
38840747
38854332
38873923
38910015
38917068
38925589
38933440
38937129
38954551
38959117
38967457
38975144
38985524
38987317
39002132
39007151
39008508
39013864
39019766
39024106
39026274
39027028
39037506
39040939
39049465
39057918
39065459
39065850
39080943
39082736
39095269
39096729
39123956
39133135
39172836
39204889
39204983
39218995
39221307
39227228
39229625
39231112
39236366
39236679
39239272
39247281
39272747
39276497
39285965
39296336
39312421
39330735
39347382
39373410
39381312
39386530
39394497
39395881
39400510
39411045
39416052
39423083
39439082
39454234
39471327
39474039
39490747
39507140
39513182
39514668
39516097
39529433
39532039
39539825
39540048
39544190
39550055
39561575
39575998
39597951
39615841
39625351
39636223
39645657
39648004
39671573
39686898
39698605
39704866
39736616
39757825
39787898
39812879
39815264
39820396
39828671
39844589
39848712
39853174
39863734
39865420
39866548
39874280
39894709
39900383
39902138
39910894
39917085
39931062
39948322
39956050
39960810
39974807
39980798
39983644
40024047
40040780
40045727
40047698
40067997
40069062
40072232
40082136
40085026
40104771
40109546
40110964
40113186
40115823
