15240705
15623803
15680355
15750184
15772984
16424392
16492805
16585013
16790478
16982896
17213024
17328719
17379744
17974277
18025207
18235046
18480160
18535625
18583325
18583473
18596541
18604866
19196331
19234190
19279099
19563034
19592232
19735688
19737919
19838195
19898481
20064451
20376350
20421211
20530581
20651244
20944005
20966935
21216962
21622776
21670299
21690554
21722313
21785431
21932309
22020966
22040493
22143801
22522309
22733990
22931669
22987638
23348703
23624108
24004669
24125957
24343424
24438193
24527393
24637363
24691770
24821700
25115512
25263394
25280345
25382611
25700964
25713110
26096175
26158850
26206802
26221594
26234645
26310579
26475096
26508172
26530011
26586842
26786103
26976045
27474451
27568520
27687004
27696611
27704586
28056297
28097234
28314753
28378641
28468592
28669662
28692065
28701508
28829770
29321612
29325247
29713018
29760071
30348636
30612403
30654767
31002364
31100710
31376415
31396355
31729038
31806661
31966717
32349189
32417234
32493987
32541005
32562755
32732362
32765503
32985591
33109608
33145806
33159025
33193451
33384601
33731128
33972671
34265400
34844236
34852224
34861037
34911772
35429891
35444638
35572579
35607327
35975204
36254891
36289911
36424348
36471864
36509766
36670235
36960411
36964555
37083955
37339722
37385228
37692509
38351448
38456586
38540967
38589688
38607753
38880275
38943251
39012348
39014173
39097652
39133873
39432156
39562537
39577215
39759022
39820712
39890816
40022525
40084359
