12203113
12410703
12925203
14871823
15042702
15067319
15087129
15231643
15475264
15492847
15654983
16109989
16273213
16826192
18068337
18068533
18329553
18347096
18436435
18502968
18674957
18830227
18990233
19002359
19028281
19203369
19213655
19287498
19297414
19362041
19557015
19618880
19956436
19995795
20051370
20068110
20230186
20346027
20371205
20616149
20659694
20827383
20969845
20978342
21059263
21188540
21210781
21215705
21220207
21234763
21251609
21266456
21368767
21514272
21567912
21664577
21699520
21861228
21889114
22001340
22007994
22069255
22130798
22133807
22183980
22201935
22313357
22357618
22438824
22498944
22559979
22572734
22711650
22829011
22937732
22945423
22952776
23169491
23223138
23313819
23317547
23333245
23349881
23369240
23370658
23371028
23761049
23897749
23900540
24073265
24124115
24204797
24244464
24255663
24335643
24368541
24369017
24486987
24635088
24659465
24668667
24840883
24862798
24941978
24942795
24990743
25013484
25085974
25117323
25188659
25250944
25296753
25330948
25395299
25403219
25448692
25458233
25595896
25600101
25833741
26189965
26290144
26452034
26564558
26733130
26782978
26840755
26890308
26893459
27081512
27126210
27146892
27343467
27510672
27541824
27561271
27626168
27690174
28275010
28329421
28363938
28390897
28496998
28573530
28628158
28704552
28799948
29079783
29230040
29277811
29309307
29356994
29381605
29435142
29485834
29498494
29544218
29545091
29564556
29575684
29908092
29930296
30110910
30144507
30166346
30172247
30181650
30306574
30379908
30411536
30452905
30502245
30523702
30606609
30670636
30754660
30936464
30962945
30997576
31054872
31131448
31162759
31275456
31319387
31362756
31506465
31555730
31578813
31644632
31704974
31725470
31949694
31966778
32074614
32113901
32298489
32332736
32371876
32436863
32716646
32741058
32769486
32835883
33047712
33112109
33144428
33251198
33298892
33350496
33359005
33439498
33506921
33652474
33760147
33857285
33857324
33864364
33893086
33911679
34028566
34046685
34287088
34291140
34306310
34357799
34395258
34509918
34551385
34562247
34571087
34635689
34655412
34862824
34916233
34921949
34990798
34994590
35229340
35276608
35318034
35421658
35501249
35514197
35569117
35579168
35605479
35618979
35712856
35770464
35775118
35949590
36147912
36171624
36205138
36265746
36288719
36326135
36421350
36504563
36672319
36717994
36835134
36843760
36870116
37082289
37087793
37283107
37504252
37564720
37700842
37752108
37992966
38287479
38310539
38371617
38397932
38411252
38438322
38500952
38534460
38546523
38602877
38679651
38714414
38864234
38884661
38954185
39048112
39594660
39612443
39978252
