9072974
9140396
9241266
9259288
9286463
9288766
9288767
9307275
9331071
9331072
9354427
9354433
9356475
9371490
9371495
9393738
9393744
9399897
9399917
9425889
9426052
9434957
9439675
9443042
9443392
9458098
9467011
9467947
9484844
9490290
9510470
9533551
9549723
9560261
9582022
9593664
9596690
9598803
9600246
9605750
9616126
9619835
9620558
9622068
9625175
9625810
9635567
9650746
9661880
9661881
9662392
9671402
9671408
9681833
9685848
9688299
9689095
9690672
9692547
9696041
9697695
9697884
9698466
9699651
9708796
9715274
9733047
9735393
9764804
9765621
9778245
9778300
9787181
9788441
9790504
9794233
9796706
9796977
9797362
9799734
9799739
9811831
9823298
9823969
9829719
9832031
9832032
9832564
9841444
9849574
9850049
9852263
9852626
9852672
9856571
9860981
9861013
9865719
9865913
9882102
9885576
9887237
9894586
9915974
9927060
9931326
9990064
10051004
10051160
10051603
10070859
10070865
10077613
10092130
10096247
10188904
10193515
10200246
10202180
10203785
10208437
10208463
10209098
10213484
10215192
10232405
10234502
10331435
10339565
10340391
10344736
10353779
10360673
10363579
10363971
10371336
10377431
10378766
10381580
10389923
10389970
10400703
10400993
10415336
10416987
10417424
10427092
10435616
10468583
10469123
10470842
10472782
10485474
10492641
10497129
10499615
10503872
10507734
10514407
10541240
10542333
10547389
10548886
10552217
10554022
10555148
10556061
10560660
10564676
10568810
10576807
10581415
10582703
10589545
10597304
10599735
10601551
10602505
10606430
10607839
10617300
10617573
10626791
10628321
10629071
10632344
10636746
10637069
10646847
10651986
10656987
10657643
10657903
10662831
10691731
10693755
10698513
10698713
10705874
10706759
10716737
10724333
10728713
10741010
10746673
10748157
10748870
10749120
10749983
10753747
10760291
10760687
10766161
10766523
10767369
10772390
10772829
10777362
10777587
10778994
10779442
10790335
10793080
10797439
10807691
10812170
10817502
10841815
10841828
10848731
10851068
10851265
10852473
10855797
10861290
10861467
10866302
10866658
10881743
10889927
10903528
10910075
10914564
10918569
10920277
10923032
10928124
10955777
10955808
10958690
10959096
10962553
10962569
10966170
10970827
10978354
10980610
10982030
10995879
11006040
11021813
11021816
11035045
11035285
11051241
11051842
11052475
11058880
11070083
11071384
11071655
11073996
11083071
11085936
11103942
11120338
11121587
11146227
11146448
11149415
11156408
11156411
11159942
11159944
11162641
11165138
11174374
11175795
11178110
11179477
11182934
11190805
11219390
11230179
11230180
11234884
11237521
11238682
11248551
11250155
11259087
11270682
11274365
11278366
11278645
11279206
11280773
11287630
11290607
11291079
11295050
11295051
11297621
11297763
11303600
11303623
11309338
11313873
11319185
11325847
11332402
11349153
11356844
11359902
11368352
11369059
11371355
11378386
11389092
11395362
11395387
11395408
11401316
11402061
11418101
11431330
11438483
11439092
11439367
11448956
11454999
11457734
11463457
11463863
11470419
11476065
11476841
11477064
11479198
11485247
11488393
11494141
11495901
11496368
11497285
11502798
11504770
11504907
11504908
11520097
11526226
11545734
11553783
11555573
11559746
11571655
11585417
11595133
11605070
11668501
11669337
11678426
11687610
11689011
11689295
11691952
11706404
11707428
11707646
11709086
11709701
11726926
11726927
11729185
11735811
11737885
11739945
11747822
11748304
11751500
11755638
11755639
11756467
11781256
11781575
11784722
11786896
11792608
11798952
11799112
11801303
11801878
11803475
11818530
11830512
11836379
11839571
11849740
11854177
11854455
11854598
11857088
11857804
11858936
11866895
11870516
11872800
11872959
11875759
11879670
11884228
11886535
11891178
11896207
11906179
11908870
11916922
11916965
11918710
11925138
11932897
11932928
11936974
11943731
11948419
11948491
11948493
11953696
11955336
11964046
11965494
11986403
11991859
11997518
12001116
12006381
12006385
12006525
12006535
12006545
12011252
12014501
12047763
12051632
12055674
12055677
12056837
12060605
12060635
12062096
12062103
12062104
12067477
12070601
12075083
12077227
12077256
12084351
12085208
12086874
12091320
12095911
12098769
12110043
12113656
12114928
12115563
12119278
12126149
12133897
12149650
12163369
12163417
12168088
12168116
12168833
12175345
12177006
12190124
12203362
12203792
12208743
12208757
12209607
12217521
12224530
12235113
12297047
12297295
12351634
12360479
12360502
12367630
12370746
12370766
12372056
12379854
12402310
12405911
12408227
12414116
12414639
12414663
12415190
12429629
12435856
12452054
12454773
12459636
12459646
12460992
12461751
12461771
12471211
12479095
12487936
12495846
12497140
12507139
12508347
12509854
12517803
12530022
12534371
12535639
12545224
12549040
12560928
12561434
12563260
12566313
12569555
12569572
12569575
12575334
12578630
12595903
12599019
12607368
12613196
12615906
12620402
12620407
12620973
12620992
12622404
12632503
12641545
12649203
12649668
12655146
12669234
12670337
12670397
12670479
12671058
12673720
12678979
12684422
12687015
12695913
12700122
12700235
12710685
12712134
12717346
12727853
12734658
12743124
12743604
12766611
12767263
12781042
12782594
12786840
12788938
12789288
12790140
12790783
12804776
12808053
12808067
12808147
12818292
12833416
12839686
12839924
12839945
12844284
12846407
12847108
12857747
12866376
12869565
12872999
12873978
12878591
12904991
12914534
12917336
12917634
12918097
12920084
12923562
12928488
12938083
12939185
12939597
12946627
12948410
12948417
12960124
12960424
12960698
12963992
13679867
14516315
14517213
14518069
14518070
14518258
14519639
14522255
14525948
14525951
14527905
14528320
14531287
14532122
14534328
14534684
14555504
14557489
14559824
14561749
14566704
14569134
14574156
14575575
14576666
14598361
14603260
14603261
14605666
14607277
14623110
14623898
14624456
14627978
14642363
14653075
14656929
14662322
14663583
14674238
14674989
14675182
14689303
14691534
14697668
14699494
14700555
14706338
14711368
14718524
14720379
14720383
14724591
14729949
14732919
14737113
14747659
14748662
14749127
14764604
14765130
14769918
14976311
14981940
14984207
14984979
14990793
14993145
14999773
15001465
15009714
15010827
15017976
15025964
15025970
15026806
15033451
15034600
15034601
15043466
15046604
15046605
15046610
15067063
15067177
15067356
15069540
15072831
15090541
15095479
15102920
15104220
15104221
15105053
15110188
15112574
15118854
15121767
15126336
15127561
15129904
15132901
15135050
15143080
15147864
15163017
15169818
15172121
15185141
15191666
15193142
15196208
15196854
15199412
15205473
15209376
15211648
15231710
15240129
15240138
15247229
15254063
15265403
15273733
15276015
15283888
15287024
15289454
15289934
15298725
15307142
15312361
15313215
15317872
15324690
15324695
15326060
15337313
15355640
15355975
15358834
15361207
15363547
15367412
15372512
15377824
15382065
15385114
15389810
15448614
15452180
15453811
15457582
15466180
15467489
15467756
15468057
15475931
15482376
15489860
15492213
15492994
15499378
15516833
15516982
15517593
15517868
15520163
15520182
15523589
15531926
15532706
15534200
15534929
15535277
15539459
15543611
15547698
15547761
15551732
15564381
15564551
15569824
15578076
15579911
15583796
15584653
15584861
15589575
15619344
15619351
15619626
15623531
15629897
15633233
15637588
15646324
15657439
15659546
15663508
15668893
15674339
15680400
15684005
15701646
15707585
15707982
15710331
15715408
15725467
15725474
15726426
15735028
15743841
15743877
15753657
15764699
15766664
15767191
15767780
15773910
15774784
15779579
15782128
15782140
15784509
15788448
15790433
15793569
15802268
15803130
15805158
15805248
15808072
15809062
15818730
15824124
15824318
15829377
15829497
15831044
15835270
15840258
15848175
15849504
15851405
15870831
15875318
15886842
15889265
15890670
15891996
15896465
15897909
15899801
15900596
15905199
15911105
15913452
15923161
15929827
15934306
15937475
15944184
15946494
15948123
15949419
15951562
15958062
15958561
15967113
15967877
15968200
15968641
15970699
15979280
15986432
15987703
15988030
15994292
15994948
15996317
16006513
16007494
16012720
16014636
16020969
16027168
16029597
16033830
16051030
16052674
16055704
16061640
16075977
16079851
16084946
16088943
16096376
16101243
16107342
16107612
16112193
16123561
16123588
16124450
16138117
16146807
16154532
16157051
16166282
16169459
16169464
16170333
16170346
16179636
16179839
16181546
16184552
16188065
16190407
16194892
16195712
16208511
16208702
16214396
16219695
16220831
16226704
16239049
16243031
16246156
16264263
16274701
16283392
16284183
16284736
16288286
16290000
16294307
16307863
16316638
16322209
16322337
16324768
16325763
16331670
16331889
16344319
16368792
16371363
16371366
16373498
16380156
16383243
16386327
16400482
16402032
16402365
16404430
16405750
16407400
16412571
16417231
16418168
16421431
16421604
16424003
16425225
16425372
16426222
16432235
16436456
16438844
16438866
16447257
16452183
16452213
16453012
16456542
16457151
16457218
16474401
16481471
16482604
16487009
16488991
16489020
16490391
16495486
16495927
16496415
16502258
16506206
16507572
16515600
16517411
16525657
16525671
16527906
16534839
16537447
16537919
16538614
16541805
16542580
16542821
16545436
16550004
16557333
16571650
16572841
16574813
16585156
16598206
16598737
16611854
16612540
16619501
16621980
16627784
16630811
16631584
16633340
16637073
16645045
16673816
16675164
16675386
16675393
16675953
16676006
16676097
16683571
16684527
16685350
16685657
16687073
16688764
16697957
16697958
16702386
16702501
16704655
16707461
16707597
16720346
16738317
16738322
16739377
16752378
16757079
16761247
16762504
16763171
16764775
16767220
16768106
16771172
16773187
16773562
16775384
16775433
16777079
16778075
16779530
16787946
16788153
16793127
16802321
16803514
16803539
16804083
16807353
16818619
16818626
16821090
16829519
16842674
16842746
16842970
16849370
16849541
16854453
16857313
16861931
16871217
16872708
16873694
16875040
16880400
16883792
16884382
16885338
16894538
16909400
16909866
16912159
16912166
16916644
16917540
16918971
16919259
16919866
16927376
16930454
16931451
16933599
16938570
16949921
16951148
16961283
16963781
16972255
16982734
16982858
16984224
16996801
17000554
17000703
17006756
17009632
17011514
17013611
17018242
17020998
17043057
17043650
17044997
17047067
17059762
17059767
17060456
17062663
17067457
17069699
17081778
17083842
17097286
17098662
17101085
17102102
17108713
17119157
17120744
17126809
17130482
17136390
17145879
17151929
17158870
17158918
17159987
17160935
17163422
17167516
17169462
17170126
17177371
17178862
17184772
17186024
17195063
17202315
17208451
17213812
17218252
17218260
17218261
17218262
17219201
17219740
17222949
17233581
17235455
17236582
17237784
17239858
17240336
17240976
17245125
17254974
17255257
17276010
17277022
17283127
17286265
17287359
17290345
17293884
17300726
17302912
17310280
17316609
17317031
17324556
17328268
17330857
17334236
17341483
17341655
17342327
17343901
17346540
17347137
17348444
17349160
17349568
17350164
17355785
17357488
17357516
17359293
17369847
17369849
17371230
17371253
17372210
17373630
17373720
17382199
17390041
17392703
17393112
17393779
17400585
17405772
17409395
17409411
17409929
17418409
17419997
17425966
17426697
17427195
17429139
17431187
17431403
17438373
17441421
17441812
17442886
17444818
17452061
17452630
17456009
17475416
17475427
17479230
17483060
17486056
17488163
17489063
17490733
17502051
17504383
17504928
17505978
17506947
17513505
17521720
17526800
17526801
17540362
17560336
17562371
17563403
17565999
17567478
17568419
17575145
17575221
17581634
17606718
17611573
17616663
17616684
17623773
17623817
17636424
17638861
17638924
17643312
17657213
17657248
17669465
17672343
17672936
17673045
17681183
17681738
17684018
17693663
17699782
17700571
17701929
17703603
17704803
17706140
17706614
17711623
17714348
17727244
17729405
17760247
17760251
17761400
17786934
17804702
17826033
17826953
17827710
17845801
17847000
17873882
17875968
17876045
17880912
17882986
17886097
17893321
17898811
17908983
17909013
17909629
17911267
17912443
17914589
17919877
17921358
17922021
17922022
17924977
17926183
17927875
17927889
17928923
17939398
17940504
17941496
17942153
17942903
17949781
17954274
17958724
17959258
17960384
17964232
17972252
17974977
17975737
17982072
17982625
17983517
17991315
17998413
17999178
18025323
18032782
18036570
18043744
18046441
18046443
18048091
18054565
18059158
18062928
18065496
18066063
18072631
18075255
18080326
18082231
18088600
18091387
18160324
18166358
18172008
18178094
18178612
18178729
18178811
18184409
18199536
18201277
18202321
18203667
18215105
18215737
18216329
18220422
18221368
18226337
18226854
18231751
18239055
18239099
18239123
18240926
18240930
18248818
18250301
18258752
18260377
18268330
18268343
18271247
18275859
18281373
18281487
18292798
18307411
18316341
18322014
18324520
18332125
18332865
18334011
18335551
18337766
18337767
18339852
18339867
18339877
18340011
18347155
18349128
18363844
18374229
18377423
18381937
18383208
18385463
18386291
18387000
18390835
18391023
18398930
18414037
18416662
18424911
18425369
18429347
18431376
18435927
18440486
18445683
18445858
18451155
18455982
18455993
18456716
18458154
18460397
18461467
18463637
18472397
18473732
18474617
18480628
18482992
18497033
18497742
18497947
18498243
18499759
18500259
18509818
18510548
18512785
18519768
18524949
18536720
18544045
18550519
18551412
18558293
18559622
18562292
18563079
18566746
18579579
18594467
18599181
18602626
18604624
18606860
18609703
18615333
18616639
18616919
18620044
18626099
18626510
18632614
18632629
18632658
18632660
18644998
18652763
18653908
18657898
18662848
18669439
18669866
18671162
18676830
18676953
18678645
18683321
18686628
18687666
18700047
18702307
18704985
18708577
18714395
18716620
18720079
18723495
18726116
18728972
18755892
18757403
18757404
18759867
18759931
18767981
18769113
18772044
18772845
18781138
18781191
18781614
18787170
18787206
18788685
18794875
18794876
18794877
18794878
18794879
18794880
18794881
18794882
18794886
18804099
18812521
18826385
18830414
18831514
18832389
18836294
18838554
18844062
18854827
18926291
18928559
18928601
18931933
18937284
18940742
18948956
18950007
18953692
18973188
18983237
18983770
18988856
18989304
18996641
18997061
18997818
19000654
19001549
19007975
19010487
19010541
19011632
19016009
19024597
19026012
19027002
19033462
19035120
19036165
19038262
19048075
19055754
19056726
19057511
19072831
19074551
19079342
19079986
19080402
19081794
19082655
19086407
19095950
19096712
19099539
19103758
19107233
19114034
19114656
19115995
19116269
19116448
19117948
19118244
19119625
19125794
19134000
19142977
19142997
19147653
19147772
19150122
19150964
19158375
19160672
19162361
19164214
19165235
19168090
19173293
19174524
19176543
19185849
19188134
19189642
19190120
19192961
19199965
19206008
19206163
19208038
19208634
19208814
19211884
19211894
19212633
19220271
19221500
19222960
19224164
19225041
19242756
19261747
19264228
19264909
19265662
19265751
19266280
19276385
19276401
19281769
19282848
19286998
19293259
19303874
19309364
19318457
19326431
19339266
19339269
19340001
19340009
19342887
19345329
19347411
19350382
19351834
19365404
19369943
19373605
19373662
19380252
19384955
19393225
19395652
19396168
19398230
19398573
19399032
19402094
19403525
19407556
19407851
19417140
19428048
19429983
19435886
19435890
19436944
19437103
19440552
19443706
19449221
19454716
19457929
19458356
19460693
19461893
19470463
19470765
19471547
19472188
19473551
19473982
19478684
19479935
19482022
19483472
19486858
19487024
19487573
19492080
19493313
19494206
19501627
19502790
19506903
19508470
19508975
19515017
19515202
19522184
19526589
19527485
19540498
19541499
19543271
19553907
19560785
19563023
19563062
19574087
19574443
19578399
19584231
19587782
19589246
19595306
19604110
19605683
19608668
19615424
19623194
19625176
19625770
19633408
19633808
19635806
19638581
19646416
19648120
19651981
19657395
19661141
19665071
19668082
19679546
19683286
19685755
19692352
19696618
19703128
19703660
19719509
19723324
19724853
19726333
19728186
19729658
19733443
19738074
19740742
19744772
19748493
19750226
19761823
19763916
19764563
19764572
19767745
19778579
19781346
19781347
19784964
19787268
19794503
19795445
19796537
19798057
19808258
19808686
19808964
19829307
19832698
19843859
19845468
19846776
19846969
19847259
19853560
19861688
19864456
19875977
19881543
19884556
19884655
19884659
19884980
19885556
19887604
19895830
19895832
19901970
19903340
19911253
19915616
19922411
19930417
19930726
19932734
19940030
19953097
19956439
19962452
19962668
19963122
19965668
19996554
20006626
20008297
20008304
20015880
20018398
20029030
20032390
20048743
20049735
20050973
20051384
20056007
20056128
20060398
20060890
20067111
20079181
20079187
20079353
20079711
20087603
20089040
20092800
20097771
20100827
20102402
20103602
20103652
20104229
20108439
20110328
20113523
20129651
20130434
20145134
20154081
20159448
20160728
20169661
20175786
20177066
20193662
20194734
20198299
20198337
20200318
20207731
20208477
20211065
20212113
20216404
20220087
20220776
20221685
20223021
20223231
20226014
20231295
20237279
20237868
20300775
20301661
20304627
20305378
20347952
20348245
20349131
20358487
20360540
20371743
20373864
20378689
20378992
20381115
20388916
20389136
20393024
20395445
20400965
20404514
20406970
20407863
20407866
20414202
20418913
20428814
20430845
20436671
20444542
20447721
20448149
20458142
20460918
20462843
20464496
20465090
20465384
20467490
20472716
20484045
20505137
20505341
20506484
20514024
20514448
20515660
20515662
20516645
20520772
20523723
20524040
20525971
20527231
20530668
20533527
20534535
20534739
20538496
20546613
20547144
20548023
20549475
20554748
20554973
20561457
20562848
20565761
20576813
20578043
20582435
20582577
20588279
20590547
20596030
20600018
20605778
20608352
20610402
20610765
20618998
20620173
20622004
20622047
20626841
20627056
20628354
20631067
20636791
20637195
20646419
20664988
20673057
20673489
20677905
20678571
20685300
20694004
20705603
20711233
20712882
20718038
20718712
20719177
20723372
20727912
20729295
20730910
20733006
20736378
20736773
20797331
20797623
20807096
20807812
20813662
20813970
20815283
20818428
20819705
20822910
20826345
20827424
20830745
20830770
20833413
20837017
20839010
20852026
20853437
20854947
20857258
20858757
20858763
20862322
20862607
20864106
20869442
20872961
20878123
20889565
20926450
20929926
20930079
20930614
20936707
20940307
20944090
20947270
20951693
20951800
20954279
20956280
20956547
20959484
20962022
20965031
20975834
20980828
21029699
21035501
21040738
21040901
21042725
21042775
21042784
21045203
21062985
21067594
21072054
21074248
21075308
21076047
21083429
21084616
21084621
21084866
21092516
21092549
21093899
21097842
21102582
21103049
21103832
21104017
21110069
21114918
21115912
21116717
21122140
21123367
21129241
21134002
21138334
21146147
21148296
21151099
21155011
21163703
21166162
21168457
21169559
21170675
21172137
21177512
21178509
21179692
21181309
21185267
21187093
21188471
21189582
21190448
21192419
21194675
21194879
21203412
21206972
21212174
21212363
21215008
21225506
21234828
21236500
21241890
21258937
21262837
21266353
21267448
21269063
21283802
21283818
21289308
21290340
21291452
21293538
21297225
21297666
21302297
21303970
21304588
21313761
21317224
21318827
21320485
21326198
21333374
21335596
21340604
21343951
21345072
21354147
21357898
21358673
21360018
21360661
21361912
21370998
21371429
21381033
21385768
21385900
21390050
21397598
21397855
21404710
21406108
21407213
21407808
21408027
21411674
21411864
21412012
21415306
21415388
21415869
21416954
21417916
21421471
21421815
21422497
21422769
21423204
21423810
21430697
21436840
21445789
21445973
21451549
21454672
21454687
21455568
21465524
21467840
21468130
21468554
21472313
21473780
21479160
21481725
21486223
21489309
21490305
21492444
21493594
21503581
21504089
21508359
21518490
21521253
21521784
21524277
21527520
21527775
21529704
21530633
21531890
21532586
21532617
21536243
21536651
21543329
21552118
21556061
21559530
21565443
21570712
21573166
21575512
21575859
21593433
21594648
21594665
21602890
21606348
21617223
21617855
21618527
21620777
21624358
21627959
21632463
21633095
21633361
21637289
21642958
21643420
21646525
21654317
21654839
21659347
21664656
21670418
21670454
21671387
21674849
21677397
21684867
21685691
21685943
21686270
21688200
21695255
21696297
21698421
21703421
21703427
21719208
21725359
21727187
21731046
21731504
21741162
21743498
21756853
21757001
21769449
21771908
21779392
21779440
21784088
21792012
21793891
21804599
21804920
21809665
21809666
21816290
21820606
21823007
21824802
21828076
21829237
21836055
21840483
21842313
21846942
21853360
21856911
21860425
21861051
21864294
21873427
21874010
21877921
21878536
21883094
21883549
21886166
21890624
21890648
21893034
21901275
21904550
21921783
21921943
21926349
21926961
21930147
21930937
21932518
21937694
21943825
21946231
21952626
21952748
21953448
21956414
21960672
21964287
21973019
21984975
21984976
21986810
21989218
21989717
21990315
21993533
21996585
21996732
22000013
22000016
22000581
22002304
22005521
22009178
22011761
22013435
22019339
22019626
22021428
22022528
22033727
22035408
22036806
22036936
22037217
22037358
22040977
22043008
22045666
22052239
22053660
22055460
22056987
22069193
22071262
22072715
22074495
22076652
22080063
22081748
22086610
22094257
22095074
22095222
22102068
22103913
22105477
22107784
22114138
22120709
22121540
22123082
22123723
22127531
22147265
22149168
22150431
22155156
22159221
22162762
22166214
22167068
22171747
22172323
22172720
22179046
22179663
22183833
22184024
22185283
22190384
22198171
22199248
22200790
22202600
22205501
22209699
22213145
22213801
22214849
22215152
22238344
22240798
22244698
22248055
22252256
22253608
22258620
22260502
22261759
22262409
22262740
22266095
22266152
22267008
22276040
22279049
22281088
22281794
22285706
22287727
22290228
22298084
22299584
22301279
22301622
22301702
22302806
22317922
22320969
22320991
22323291
22325465
22327138
22332917
22333553
22335598
22336889
22341591
22342906
22347425
22350410
22350790
22353917
22363644
22371735
22374676
22375056
22378780
22381246
22389271
22391131
22392409
22397759
22399818
22401813
22403079
22403711
22405073
22413021
22413754
22416141
22422409
22427670
22429330
22434720
22440867
22446940
22448121
22454081
22454635
22459204
22460813
22462691
22465665
22469695
22473468
22477202
22477709
22479427
22481260
22481496
22486434
22488521
22488797
22488882
22490388
22491738
22493444
22498935
22502680
22503752
22505939
22505997
22509396
22513362
22520842
22521126
22524426
22525560
22526419
22529697
22536248
22539849
22543585
22544933
22552445
22552802
22552888
22561198
22561258
22563025
22567126
22572802
22577058
22586351
22586352
22586484
22595938
22610356
22611241
22611469
22613768
22614013
22615735
22622027
22623890
22628360
22637745
22639407
22644621
22649105
22664040
22672595
22674438
22679820
22682934
22684219
22689060
22690848
22700876
22705054
22710837
22713753
22715338
22717106
22723373
22730174
22733801
22735908
22737271
22737980
22740940
22744290
22746319
22751612
22752145
22753230
22753496
22759273
22759359
22759636
22761722
22761812
22763434
22766795
22768110
22770403
22781569
22781804
22791713
22807038
22810004
22815832
22820083
22821817
22829096
22832383
22836754
22838251
22841775
22846175
22848272
22848291
22864686
22874917
22875989
22879939
22885155
22887358
22891331
22892847
22894835
22898050
22900024
22901187
22902055
22906543
22907762
22916028
22930559
22936063
22938441
22939387
22940198
22940494
22944341
22949843
22951642
22956424
22958933
22958934
22961549
22962422
22967388
22970944
22970949
22971900
22974840
22977195
22986535
22986743
22990545
22993021
22995297
22995489
22998860
22999923
23006971
23012657
23013730
23013792
23015639
23018764
23018874
23023706
23028142
23028614
23030486
23032179
23038756
23039341
23041795
23044234
23049865
23052373
23055722
23060044
23062208
23064324
23066114
23068025
23068099
23068606
23073177
23079979
23082988
23085539
23085752
23086302
23104175
23114644
23116406
23117887
23119114
23123091
23124040
23125220
23127398
23129115
23129748
23132328
23133538
23135913
23137704
23138198
23139712
23139750
23141928
23142288
23143395
23144700
23144940
23150879
23151319
23158210
23161105
23162604
23167185
23170117
23171049
23171135
23174819
23178856
23179556
23183424
23183427
23186335
23189187
23192230
23193912
23193917
23196798
23205120
23206599
23212450
23212910
23219661
23219716
23219837
23219909
23221380
23222491
23223432
23223894
23226804
23233667
23233919
23238744
23239002
23239155
23239809
23240978
23242174
23242608
23245767
23251242
23252536
23261230
23274758
23275086
23276799
23288049
23288720
23290887
23291982
23295304
23299532
23300485
23301033
23302486
23303188
23308230
23310986
23313138
23313933
23314408
23319441
23319880
23321166
23323157
23324287
23326224
23331837
23335531
23335809
23336417
23339168
23348902
23349303
23358976
23359334
23361940
23363743
23375407
23379765
23382286
23382303
23391506
23392169
23393595
23395423
23396109
23397229
23399955
23402578
23416162
23418359
23419514
23419777
23421960
23428429
23431468
23434594
23435381
23442912
23453810
23458710
23460560
23464451
23464465
23465274
23466500
23467348
23470565
23470840
23471434
23471571
23471579
23471917
23472073
23475934
23477121
23483557
23487788
23500889
23514585
23516074
23520049
23524257
23527198
23533567
23545904
23546450
23546539
23546593
23554681
23555023
23564023
23564767
23565244
23568261
23574264
23574721
23578748
23583027
23584380
23589096
23592446
23594092
23594670
23595342
23599148
23599155
23600297
23603256
23603434
23604118
23612073
23613387
23613406
23613428
23617834
23619277
23623571
23623999
23625595
23625632
23633456
23633918
23636253
23637190
23639623
23643356
23648148
23650412
23653096
23660947
23663432
23667054
23669345
23675511
23684381
23684551
23686705
23686804
23688979
23688995
23689346
23690972
23695019
23695273
23706663
23707736
23708211
23708662
23710745
23715078
23715723
23719831
23720233
23726960
23727701
23728071
23729286
23730527
23732914
23740945
23741314
23744781
23746542
23754155
23756619
23758150
23764071
23765252
23774212
23775074
23775692
23783762
23783805
23785454
23786676
23787493
23788636
23788900
23789109
23796563
23796801
23796964
23798795
23799014
23801632
23802662
23805267
23806663
23807724
23811847
23817021
23819399
23821119
23822982
23823232
23825606
23825907
23826727
23832602
23834902
23836899
23837763
23840064
23840605
23840818
23848554
23851329
23851688
23853672
23853709
23853711
23856247
23858763
23861911
23872024
23873941
23883586
23886400
23888029
23888040
23894315
23895248
23902739
23904011
23906454
23907540
23908595
23912239
23917528
23918803
23930204
23934601
23936141
23938948
23940795
23946797
23949151
23962154
23962610
23963458
23970032
23973372
23978520
23980519
23983074
23983239
23989949
23993026
23994645
23995781
23996432
24004025
24012691
24024362
24026200
24026406
24030769
24037523
24037529
24037976
24038283
24039782
24047694
24052409
24052722
24053619
24053672
24054978
24056727
24056966
24062018
24062990
24063548
24068241
24068802
24074163
24076665
24077347
24078675
24078801
24081673
24083111
24083995
24084898
24086577
24088382
24091144
24092860
24095650
24098148
24098402
24098536
24098661
24098737
24099768
24100613
24102544
24103758
24108762
24111524
24113181
24123798
24124088
24127490
24131924
24131925
24132591
24132918
24133589
24136242
24136892
24136893
24140063
24141722
24141770
24141775
24143235
24145404
24148769
24149576
24154570
24154840
24154871
24155249
24155657
24156022
24162585
24162827
24163230
24165543
24166518
24166839
24167614
24168180
24168499
24169697
24170201
24179529
24187456
24188406
24200851
24212927
24218517
24221338
24222661
24222802
24224124
24236460
24240591
24241749
24252270
24252318
24264880
24270425
24270891
24275527
24278390
24284056
24284390
24286315
24292675
24292679
24293118
24293351
24295494
24304724
24315818
24317448
24322661
24322983
24324076
24326984
24330847
24331662
24332043
24339862
24341335
24342610
24344134
24345843
24346286
24348097
24348522
24349068
24349488
24352616
24352766
24356815
24366426
24366516
24367090
24375644
24375884
24378408
24379438
24380696
24384093
24387036
24387221
24387334
24391010
24395742
24406377
24408201
24409057
24413994
24416253
24416349
24417635
24421178
24422746
24434152
24434521
24438625
24440717
24444712
24446058
24449419
24451147
24452693
24457075
24459921
24462867
24464975
24468585
24470394
24470545
24475377
24480624
24481416
24482365
24483290
24486402
24491054
24491799
24497577
24498019
24498881
24510842
24512487
24512727
24515759
24519156
24525130
24528021
24531711
24532253
24535608
24552815
24561254
24561792
24564252
24569712
24571667
24573625
24574959
24577094
24578546
24580998
24582904
24582960
24587660
24588644
24589600
24594201
24595002
24595084
24595598
24596386
24598081
24599953
24603487
24603539
24604064
24606897
24606912
24609522
24610700
24615293
24616007
24624456
24627690
24630093
24632578
24632614
24633222
24633304
24641667
24647137
24647425
24647572
24647592
24648055
24648921
24649121
24652480
24656806
24657926
24662052
24664767
24666267
24667265
24669193
24675890
24680857
24680972
24685694
24700784
24700794
24704020
24704156
24704446
24705863
24706748
24712384
24718516
24718924
24721394
24721996
24722280
24735967
24737887
24738455
24740298
24743220
24744697
24746511
24747132
24747746
24747769
24748654
24752319
24754934
24756222
24757676
24759986
24760979
24762546
24766800
24766807
24767865
24768297
24771857
24778394
24778766
24788349
24789910
24794706
24795561
24795563
24798731
24800539
24803580
24803581
24805236
24809452
24811063
24811168
24812624
24813477
24814346
24817011
24817119
24818992
24819541
24824654
24828205
24830350
24830779
24831732
24831771
24831963
24838891
24840811
24840867
24842611
24844349
24845341
24853176
24854395
24854844
24858043
24858479
24860420
24861880
24862762
24866016
24866151
24875179
24878932
24881819
24882466
24892215
24893171
24899679
24900943
24901890
24904117
24905788
24905916
24911372
24912422
24914689
24919019
24933481
24940389
24958106
24961634
24964613
24969487
24970800
24975844
24976139
24979808
24982421
24983247
24985344
24986896
24992874
24993522
24994750
25003235
25003471
25007053
25007873
25009292
25009983
25012292
25015834
25017225
25018115
25024302
25024751
25026288
25028204
25041637
25047838
25047839
25051346
25051360
25053989
25054006
25057197
25058005
25058922
25069680
25070782
25075209
25076292
25078979
25084400
25088422
25088603
25092678
25099119
25101889
25104021
25106875
25108037
25110169
25111376
25114091
25116353
25120700
25120782
25125078
25127200
25131421
25132272
25139025
25139413
25142162
25146530
25148875
25149476
25149900
25152374
25152517
25157163
25164963
25165098
25170349
25174622
25175594
25175907
25176064
25176644
25184346
25185054
25185272
25187457
25187826
25189354
25195947
25199838
25202365
25203710
25211206
25212826
25216078
25221641
25224693
25229693
25234947
25237823
25239565
25240598
25241900
25246803
25247494
25253996
25258580
25260617
25263454
25263564
25266796
25266877
25267489
25270723
25272061
25288137
25293520
25295225
25300346
25301476
25312582
25312969
25327178
25330770
25333894
25335889
25336918
25337560
25338572
25341336
25343485
25344626
25346911
25347742
25352295
25352418
25352949
25353038
25354531
25357050
25358681
25361012
25361917
25364498
25364523
25365510
25369768
25372501
25376524
25377472
25378175
25381573
25388655
25394489
25395086
25398829
25403688
25409150
25414139
25415231
25417825
25419146
25419505
25425963
25426449
25427907
25428915
25429968
25436982
25446078
25446882
25447541
25448478
25448479
25448481
25448482
25448764
25449419
25449897
25449899
25451263
25454348
25454616
25455686
25457635
25461771
25461777
25461809
25461815
25461816
25462559
25469115
25471453
25472613
25477498
25487473
25487942
25495396
25498366
25501575
25502566
25512490
25514044
25514658
25515201
25517949
25520072
25520316
25527629
25530215
25531328
25536593
25542038
25542098
25543086
25543611
25544636
25547115
25549896
25550771
25554686
25556493
25559258
25561290
25562748
25571952
25571954
25575796
25576921
25592467
25595786
25596996
25598533
25600212
25603314
25603978
25607987
25608112
25608477
25609613
25609695
25610608
25612678
25613699
25616216
25622532
25623824
25625883
25627799
25631336
25633174
25633810
25634356
25637034
25637514
25638032
25638724
25639985
25641678
25644104
25644446
25644785
25645159
25646418
25646931
25647146
25647261
25647637
25649019
25649549
25655389
25659997
25661333
25661377
25662849
25665754
25679447
25682871
25683168
25683897
25684138
25689721
25691750
25692619
25695913
25697760
25697761
25698082
25701194
25704959
25707849
25714026
25714556
25716315
25724185
25724325
25724568
25725586
25727698
25728608
25734515
25735379
25735723
25736988
25737250
25737954
25738254
25738494
25739523
25747336
25747853
25750273
25750290
25750291
25754085
25756512
25759027
25763354
25770423
25771877
25773832
25773930
25773992
25777795
25785728
25789037
25790935
25791474
25793757
25795713
25797573
25799148
25801032
25801959
25803229
25808510
25810340
25816150
25818291
25822339
25823029
25823138
25824534
25826666
25829425
25829446
25832654
25833835
25843296
25843297
25844041
25845681
25846706
25850957
25851628
25854340
25854542
25855357
25861022
25861627
25866245
25867342
25869624
25870120
25870146
25871970
25873394
25873899
25875300
25883222
25884169
25888162
25888633
25896712
25897494
25902899
25902914
25904793
25907832
25907958
25909167
25909289
25910816
25913476
25916396
25918024
25919186
25925379
25925849
25927309
25929783
25934712
25937288
25937637
25939393
25946202
25953027
25955013
25963289
25963606
25968876
25973003
25981902
25983297
25986931
25987559
25989274
25999046
26000878
26002438
26004179
26009879
26023714
26024525
26025112
26026735
26028029
26030748
26031366
26045065
26045339
26045752
26055143
26056945
26060680
26061565
26063204
26064312
26068649
26070269
26073081
26076150
26076167
26077992
26078940
26081019
26082156
26082588
26085373
26086742
26086867
26087719
26097565
26097873
26098881
26103574
26106610
26107197
26107225
26109338
26111969
26112748
26114084
26117013
26124336
26125866
26131120
26132523
26133772
26134445
26134657
26135619
26148798
26148846
26152921
26158445
26160225
26160695
26166715
26169622
26173079
26178158
26180201
26183061
26185318
26189697
26191286
26193216
26194899
26196517
26202067
26202359
26206718
26212011
26216063
26217518
26220040
26221533
26224641
26228240
26228367
26229595
26230405
26232326
26232589
26233892
26238857
26243299
26244501
26247526
26247786
26248429
26248734
26252022
26259512
26265114
26265437
26269411
26276352
26279303
26279439
26279473
26280182
26280536
26281990
26284192
26285119
26285813
26287185
26294099
26296312
26296331
26299428
26299948
26302186
26302789
26306906
26307404
26307673
26309898
26311740
26316702
26317218
26317552
26318586
26323677
26328886
26329580
26341080
26356761
26357655
26365986
26367448
26368931
26374334
26376616
26376893
26379078
26383228
26384875
26385178
26397386
26399523
26403191
26408616
26415504
26415649
26417029
26418532
26424596
26425715
26432159
26432332
26438299
26442967
26443266
26447680
26448020
26450531
26452025
26452029
26458524
26460004
26460096
26464590
26468779
26471078
26472209
26477312
26479035
26482612
26486163
26488716
26492315
26496641
26499912
26500061
26500350
26500892
26501079
26501139
26503952
26504226
26511107
26511486
26514456
26518664
26520043
26522776
26526198
26527737
26530486
26530632
26530725
26531778
26535660
26538449
26541596
26541756
26543340
26545563
26548909
26549452
26550415
26552888
26554830
26555006
26555172
26561776
26563373
26563461
26563471
26564076
26564429
26577500
26579216
26586294
26589417
26591002
26598325
26599788
26600843
26601142
26604880
26609164
26612463
26615022
26616857
26617813
26622682
26622832
26628990
26629079
26632666
26636539
26637849
26643011
26645196
26649861
26651881
26652486
26655726
26656301
26657567
26660904
26662109
26666444
26666820
26672755
26673503
26674985
26679805
26680819
26680922
26680972
26686085
26686089
26686631
26687648
26689514
26692175
26692198
26692329
26695147
26700035
26701805
26708293
26710948
26715274
26718740
26722252
26722456
26722535
26725250
26734127
26743285
26744142
26753960
26754093
26758558
26764128
26764354
26770191
26772165
26772880
26773036
26774334
26775196
26779632
26780512
26781438
26782378
26784958
26787105
26787927
26788929
26790859
26791485
26794644
26796257
26799286
26800049
26800850
26801100
26802879
26807189
26807730
26807981
26809587
26813356
26814435
26818109
26820774
26822433
26823817
26823866
26827544
26827793
26830459
26837847
26838546
26843422
26843920
26846271
26846484
26846737
26847601
26848951
26851183
26853466
26854490
26861561
26861919
26862215
26864640
26869029
26870247
26872369
26876012
26878190
26880266
26882203
26883359
26885116
26885262
26893028
26894937
26896833
26901012
26902406
26905520
26906508
26910118
26910647
26910913
26914657
26916897
26916953
26918829
26929372
26931395
26932208
26932478
26940659
26943752
26943900
26951965
26959281
26967567
26972399
26973247
26973267
26974310
26975392
26975628
26980208
26984887
26986476
26992888
26996374
26996529
26998152
26998759
27004535
27009118
27010857
27014722
27019188
27020859
27026591
27029073
27032374
27033066
27033067
27033068
27033069
27033070
27033071
27033072
27033073
27033074
27033075
27033076
27033077
27033078
27033079
27033080
27033081
27033082
27035216
27040768
27044817
27049078
27050585
27050906
27059688
27063991
27066848
27068875
27071011
27073442
27073544
27080984
27082228
27082730
27085898
27087961
27092791
27095949
27096933
27097697
27098297
27107786
27108927
27113763
27119510
27121319
27121999
27124584
27133296
27133741
27138341
27148581
27158342
27158395
27165243
27165350
27173355
27174589
27174997
27176210
27185245
27185281
27188433
27189342
27196754
27206797
27207584
27210502
27220363
27220494
27221279
27221363
27221918
27223069
27226612
27230035
27230112
27233117
27233610
27234536
27236384
27239959
27240320
27245882
27248819
27249819
27256098
27258156
27259236
27261580
27261630
27264420
27266727
27267120
27284364
27285754
27285982
27288872
27289574
27291152
27291926
27292259
27294523
27295432
27296289
27296319
27297622
27307790
27308567
27310656
27314344
27322458
27326759
27330087
27333149
27339596
27345403
27346348
27347153
27355132
27358095
27362797
27366085
27366095
27366593
27367846
27371635
27375016
27375368
27379838
27381359
27381864
27383307
27385209
27385366
27386893
27388240
27391071
27391443
27392434
27398835
27400681
27401955
27405757
27412116
27412938
27421660
27423040
27426521
27431918
27431939
27432152
27435826
27438149
27449620
27456084
27462441
27465551
27465552
27466505
27467187
27470558
27475963
27477328
27477529
27480093
27481051
27484095
27489861
27492783
27493922
27498834
27499479
27499903
27500376
27501678
27505897
27506936
27506975
27508033
27514801
27514802
27517839
27523474
27524621
27525871
27531073
27533461
27533779
27534652
27542208
27548517
27549568
27562094
27562498
27563672
27572308
27572468
27572739
27575251
27576528
27578983
27582570
27588403
27589564
27590631
27591748
27597527
27600360
27605619
27610008
27611660
27611783
27611950
27612478
27613140
27617307
27617494
27621875
27622019
27626703
27634912
27637917
27639383
27644195
27644883
27651754
27655368
27659528
27661110
27672335
27672444
27677222
27685929
27693448
27693649
27694004
27694005
27696457
27698265
27698691
27698874
27699665
27700986
27708252
27708408
27712596
27713121
27725262
27735045
27736268
27738792
27741411
27744455
27746366
27748285
27748775
27756877
27759908
27764547
27765117
27779645
27779660
27779666
27791035
27793898
27797378
27799550
27803763
27811366
27815386
27818223
27819275
27819284
27822469
27823967
27827822
27829222
27830963
27832967
27836791
27840896
27849608
27852060
27862321
27863384
27863432
27864123
27864284
27864890
27876891
27880908
27890237
27893783
27894079
27899984
27899992
27903677
27910071
27912236
27913052
27916292
27916554
27919618
27931017
27935858
27936183
27941799
27942419
27974211
27980214
27983532
27983967
27986563
27993894
27994679
27995885
27999416
28003865
28008153
28017719
28019709
28029649
28030829
28040201
28042385
28042869
28045050
28053323
28054586
28057891
28059163
28063931
28068868
28072994
28075472
28081942
28087729
28088493
28092677
28094257
28094268
28095306
28097440
28101204
28103884
28105255
28106296
28106883
28106991
28107872
28112362
28119349
28121023
28123563
28123738
28124240
28126034
28127755
28129115
28132399
28137614
28139790
28140697
28145479
28158451
28163158
28164237
28164627
28165066
28166537
28168101
28177757
28189066
28191283
28193699
28193700
28196852
28197642
28202627
28204828
28208828
28209713
28212532
28213783
28220037
28220839
28221470
28228279
28230206
28233032
28235656
28242043
28243469
28249155
28253285
28255082
28258103
28259931
28260104
28262255
28262306
28263967
28263969
28264976
28273403
28280276
28281183
28281184
28285689
28286253
28288092
28288864
28289760
28297774
28301605
28306509
28306514
28316060
28319090
28321407
28322459
28322462
28322802
28323427
28323869
28323888
28330462
28332494
28337018
28337377
28340209
28340593
28341640
28347666
28349562
28350106
28351943
28368403
28373603
28374893
28376589
28381158
28382150
28386324
28387983
28388571
28388883
28393256
28395173
28395721
28401059
28401302
28402859
28402921
28407709
28410191
28410423
28411180
28413152
28418900
28423515
28423632
28436304
28437168
28437835
28442995
28447761
28451917
28454566
28456796
28457820
28459373
28464039
28464252
28469790
28469793
28473667
28474296
28475001
28476234
28478451
28482411
28488123
28489026
28494348
28495512
28497778
28498467
28499822
28499984
28500233
28504208
28509866
28513320
28513612
28515147
28518139
28521430
28522564
28523199
28524854
28526319
28526761
28529243
28534966
28539671
28542127
28542148
28542730
28543796
28544358
28548055
28550530
28557373
28559303
28570839
28578487
28579808
28584302
28591951
28591952
28595637
28599474
28599484
28601045
28601397
28602615
28602818
28603282
28603902
28603917
28607685
28608528
28614300
28620008
28621226
28623358
28627671
28631420
28639901
28646488
28647188
28654655
28657664
28660943
28662101
28670501
28672019
28677221
28677502
28678326
28684787
28684904
28686971
28688620
28698660
28701356
28709887
28712848
28713931
28723560
28723738
28729699
28731027
28733702
28741261
28744012
28745797
28749339
28751459
28753869
28755079
28755140
28756566
28759753
28760044
28765915
28766684
28768903
28769986
28772212
28774669
28774816
28777670
28779166
28779483
28781652
28783168
28783500
28789414
28789441
28791363
28791404
28796257
28798471
28804548
28805210
28807003
28819903
28821160
28823542
28823725
28827662
28829890
28830008
28840054
28842516
28842716
28844858
28847966
28848709
28852924
28854421
28854563
28855130
28855544
28856550
28856634
28857248
28858374
28865121
28868283
28868343
28872922
28874658
28877454
28879560
28881158
28881723
28881745
28881794
28887597
28887606
28888922
28889725
28890329
28891094
28891157
28899058
28900085
28901474
28910982
28915722
28919047
28923783
28925480
28928809
28931211
28935812
28941804
28945226
28947822
28950928
28952211
28952600
28953617
28957811
28964779
28972046
28978268
28979671
28979703
28982275
28982851
28982865
28987947
29018045
29029415
29029453
29029507
29030742
29031207
29033429
29035387
29039575
29042983
29045061
29048623
29048666
29049990
29052531
29053747
29054429
29054970
29056035
29056325
29057879
29057971
29069834
29070525
29070781
29080795
29082697
29085510
29088771
29088815
29097601
29098549
29098713
29100049
29103158
29108454
29110152
29111166
29113189
29113199
29115005
29115407
29115464
29115519
29115668
29117568
29121168
29123257
29123407
29134654
29136761
29136769
29137428
29137436
29138323
29138324
29141684
29142193
29151585
29151913
29151919
29152604
29152901
29153852
29154111
29156516
29156674
29156757
29156767
29159146
29160412
29163680
29163781
29167276
29170841
29170871
29175021
29175594
29175997
29179215
29179997
29185784
29192321
29194042
29196572
29198701
29201556
29203787
29204743
29207012
29207033
29208461
29209642
29209894
29214427
29221206
29224291
29225123
29225772
29228234
29228672
29228829
29229583
29233840
29239139
29245959
29245984
29246323
29246444
29254189
29255742
29257342
29257352
29259266
29262553
29263846
29273451
29273943
29274354
29283497
29284790
29286115
29286158
29288045
29291215
29292163
29296207
29297949
29298524
29299170
29299324
29303510
29305578
29305963
29308088
29312508
29312623
29316313
29322615
29328452
29329300
29330147
29330357
29333131
29335012
29336198
29337147
29339153
29340020
29341212
29349704
29353884
29359349
29359449
29361670
29361817
29362431
29364481
29367766
29368083
29371924
29374157
29378193
29380000
29384195
29385181
29385737
29386015
29387984
29388571
29388752
29392841
29393336
29393355
29393420
29393488
29396668
29397829
29398556
29399633
29408173
29408377
29408595
29412697
29416358
29421576
29422975
29423063
29424913
29426973
29430632
29434694
29434809
29435057
29435058
29436592
29440462
29441725
29441939
29444190
29444555
29445734
29447222
29449346
29449541
29450148
29451218
29452147
29453322
29454667
29455665
29458059
29460925
29461205
29467331
29475913
29476105
29476223
29477866
29484437
29484502
29487004
29488607
29490009
29492119
29496446
29496690
29499938
29500400
29501622
29509256
29510612
29512701
29522753
29523594
29527223
29529863
29530061
29530069
29531214
29531809
29532889
29541074
29541241
29550515
29551674
29551771
29552108
29559312
29563992
29566365
29566768
29567332
29567542
29567770
29568880
29572236
29579711
29581176
29581186
29581786
29581856
29588397
29588850
29590317
29593330
29594732
29595211
29600050
29608185
29608813
29608948
29614669
29617365
29617673
29619986
29620214
29621096
29629647
29635894
29636773
29636838
29637609
29642873
29649487
29651149
29653464
29653745
29658565
29658600
29663862
29665325
29666264
29670053
29673440
29677102
29679140
29684080
29684853
29685889
29687774
29695532
29698679
29704427
29706350
29706633
29706654
29710470
29710503
29713056
29713518
29716894
29717063
29717200
29720545
29720833
29720878
29723979
29725462
29729889
29729901
29734016
29735527
29738818
29739874
29740032
29743291
29743588
29745082
29749435
29749457
29751355
29752200
29752775
29763381
29765523
29767245
29770149
29770434
29772266
29777710
29783075
29787771
29789524
29792313
29795142
29799523
29799837
29802838
29802912
29803738
29804382
29805582
29806868
29807230
29807978
29809193
29843042
29843123
29844131
29844397
29844707
29845233
29848992
29850604
29856478
29858226
29858604
29864457
29864901
29867200
29872062
29872713
29874181
29876362
29880422
29880482
29887448
29894095
29895332
29896263
29898896
29901196
29902454
29902839
29904909
29911685
29916551
29916735
29917179
29917188
29917192
29921876
29927861
29934616
29936638
29938780
29941984
29945395
29946925
29954386
29956734
29957460
29958137
29958993
29959976
29963125
29963131
29963173
29964149
29965873
29968232
29968951
29969630
29973583
29985991
29987362
29990866
29992971
30003758
30008438
30009155
30013659
30015840
30015844
30015880
30015897
30015900
30015974
30018330
30020817
30021351
30021354
30024595
30024792
30030400
30036603
30037119
30037818
30038297
30038596
30042494
30042513
30044397
30053103
30060954
30064475
30066962
30069702
30070329
30074182
30086162
30086265
30090420
30092069
30095997
30096458
30097377
30097489
30098136
30101374
30106322
30108442
30108501
30108608
30111295
30111390
30112032
30118842
30119264
30123092
30127885
30131483
30132256
30132571
30133757
30134988
30136167
30138892
30140035
30142194
30142405
30145338
30145641
30145913
30145915
30148988
30149689
30149868
30153654
30154635
30158848
30165041
30167941
30168144
30181857
30194716
30195065
30195764
30197668
30206933
30210695
30212483
30213289
30217221
30217930
30221692
30221716
30225664
30226608
30234021
30235271
30235677
30246429
30250537
30250923
30254159
30257368
30257389
30266800
30267829
30278084
30279579
30280788
30289966
30291535
30292635
30293572
30295067
30301738
30302796
30302884
30304552
30305109
30306430
30310931
30311380
30311562
30312888
30316882
30317769
30318571
30319270
30320894
30321515
30327302
30333255
30333873
30335891
30337688
30338782
30338796
30338800
30338819
30338929
30342311
30348959
30352240
30357833
30358192
30359076
30362552
30365088
30367048
30367896
30368869
30372795
30373357
30373859
30381602
30387816
30390196
30390418
30392215
30394310
30396285
30400021
30405802
30412827
30415006
30418964
30421325
30426249
30426383
30430607
30431097
30431102
30431133
30446585
30447426
30453015
30455992
30456390
30458584
30464399
30468465
30468492
30472379
30478082
30478503
30479334
30481787
30482097
30482242
30487179
30496141
30499878
30503497
30504085
30505267
30508543
30510566
30511398
30511743
30512998
30515803
30521029
30524445
30526823
30528446
30534418
30535507
30537795
30539826
30542438
30542737
30544451
30546834
30548445
30550871
30553611
30555870
30556845
30556865
30557400
30562741
30565691
30568463
30569117
30569174
30569287
30570889
30573703
30575901
30576070
30576429
30576678
30577430
30579595
30584245
30592323
30594392
30595797
30598407
30599075
30606984
30609280
30611996
30614545
30614812
30614821
30622599
30622602
30622615
30623366
30628706
30631154
30639430
30648975
30649986
30651929
30652342
30654190
30654931
30655739
30655780
30655782
30655843
30655902
30655903
30656849
30657567
30664625
30666836
30669342
30670777
30672370
30673593
30675129
30678449
30679990
30680021
30680530
30687333
30690477
30697074
30700111
30704524
30722993
30727807
30727918
30728334
30730015
30733438
30735452
30738865
30738963
30741721
30765787
30767206
30773781
30774424
30775814
30779080
30780837
30781615
30782821
30783439
30788414
30789157
30792481
30793479
30795815
30803040
30804524
30805404
30811870
30811964
30814496
30814515
30816308
30816513
30819264
30827889
30827916
30833420
30833993
30834525
30834688
30840927
30841423
30842340
30844657
30844685
30849479
30849539
30854061
30854070
30863440
30863489
30867411
30868052
30875347
30883341
30885348
30886105
30888866
30891072
30894052
30896786
30896881
30897152
30898695
30898893
30899409
30900017
30911068
30912184
30914801
30915635
30921702
30922959
30925702
30925916
30926065
30926642
30926767
30928405
30928438
30929811
30930234
30937185
30940319
30942409
30943822
30944646
30951746
30952837
30952838
30958604
30967683
30967746
30971627
30972164
30975125
30979496
30980798
30981721
30983514
30983885
30993208
30993586
30998151
30999388
30999672
31004658
31006103
31006514
31007750
31009107
31011187
31011573
31015337
31015614
31015729
31016789
31018950
31023264
31025173
31025251
31025390
31027732
31028999
31032350
31033083
31035650
31038023
31038288
31043790
31046523
31053167
31055886
31059054
31059076
31059711
31062505
31064074
31065586
31066040
31066051
31067440
31069607
31074114
31074594
31075240
31075299
31077568
31081101
31085179
31085236
31086789
31087222
31087712
31088038
31088835
31090947
31091855
31094930
31097636
31097787
31102886
31103262
31106896
31108094
31108351
31109254
31110221
31111480
31111513
31114246
31114332
31115007
31115025
31115571
31118240
31118799
31120592
31122699
31124340
31125562
31126975
31127935
31128026
31128066
31129769
31131466
31131831
31135180
31136988
31139560
31142095
31144376
31144461
31146066
31149344
31151164
31157687
31158447
31160967
31162869
31162976
31163220
31165412
31166879
31168823
31169889
31173164
31173275
31173285
31173300
31173315
31173316
31184403
31185143
31185211
31185301
31185702
31186785
31189610
31189890
31195398
31196157
31198405
31200745
31200842
31201145
31201367
31201812
31204917
31206229
31209634
31209806
31210323
31210327
31212131
31213464
31216739
31217297
31217543
31218383
31218536
31218569
31219551
31220904
31221815
31226635
31227625
31228937
31232187
31232476
31239032
31240311
31240704
31241130
31241714
31242614
31243804
31247032
31248101
31251699
31257492
31257508
31257524
31258546
31265853
31270249
31270271
31272072
31277699
31281490
31282135
31282271
31284134
31290055
31294463
31296997
31306658
31307976
31318186
31318685
31320611
31331961
31332950
31335987
31336343
31336731
31337279
31341016
31348233
31349190
31350329
31355610
31358051
31358360
31358730
31359337
31364122
31364744
31366089
31371342
31374292
31375550
31376136
31377403
31378455
31378787
31378905
31379809
31389595
31394088
31400607
31402909
31404976
31410199
31410746
31411121
31411988
31415720
31416195
31416988
31417285
31418356
31421682
31423236
31423242
31424647
31427284
31427286
31432320
31433956
31441226
31444971
31449725
31450893
31451538
31452834
31452836
31453348
31453382
31454541
31454965
31461649
31463732
31464538
31465630
31469661
31474552
31478258
31480879
31481045
31485605
31485626
31486504
31486513
31488699
31492635
31492966
31493871
31495058
31497344
31500143
31500630
31501265
31501268
31502941
31511778
31512260
31512783
31515296
31516752
31519156
31519759
31523188
31527078
31527305
31527903
31530116
31530568
31532756
31537899
31539127
31539155
31540513
31541003
31541893
31545428
31545464
31545465
31546901
31548229
31551414
31554385
31555390
31555991
31556759
31557405
31558773
31560052
31560860
31562859
31564201
31568638
31569439
31570373
31570378
31570383
31571016
31571345
31579406
31586563
31591355
31592114
31592121
31594766
31594918
31599418
31599421
31599805
31601918
31604033
31604073
31609537
31612063
31612303
31615872
31621072
31623593
31627436
31633295
31634455
31635307
31636093
31636388
31636454
31636803
31638259
31639479
31643094
31645130
31645540
31645898
31646553
31646909
31650524
31651553
31654396
31654716
31655049
31655498
31656200
31657972
31658159
31658667
31660076
31663305
31663655
31664961
31665075
31668144
31675424
31677789
31680314
31680766
31682848
31685989
31691004
31692265
31695021
31695418
31698701
31702027
31702028
31702805
31703360
31703593
31704096
31705194
31707081
31711559
31711642
31712221
31712222
31717544
31719098
31719211
31719683
31719796
31722215
31729464
31730755
31737623
31740976
31744268
31745106
31748499
31751538
31754047
31754399
31756167
31759996
31762813
31767180
31768814
31769620
31779149
31780660
31781349
31781649
31786856
31790689
31790896
31791268
31796102
31799671
31801250
31802942
31804455
31806371
31807182
31812062
31813249
31814541
31814737
31815639
31818848
31821785
31823204
31825175
31826177
31829310
31837294
31837982
31838155
31839029
31839616
31840653
31841199
31842626
31845077
31852223
31853187
31857133
31858547
31858563
31861435
31863773
31864232
31864836
31865360
31866820
31871231
31871240
31871924
31879111
31883264
31884961
31885487
31885694
31886238
31889789
31889792
31891690
31894272
31896494
31897244
31897898
31898539
31899608
31900915
31907031
31908021
31909517
31914691
31918917
31922234
31926247
31926781
31927175
31930396
31930571
31932465
31932468
31932469
31933731
31933738
31933853
31934026
31934061
31934071
31934284
31936793
31941556
31947601
31949651
31954745
31957323
31957817
31958564
31958697
31960416
31960779
31964643
31966043
31966504
31966631
31968661
31972211
31973533
31973741
31976763
31978509
31979216
31981455
31981466
31982228
31983143
31987833
31994603
31995609
32000794
32003824
32009799
32014002
32014919
32016444
32016465
32017889
32019701
32019858
32020207
32020391
32020692
32021259
32024754
32025212
32027258
32034125
32038175
32038943
32042934
32047548
32047550
32051398
32051833
32052247
32054840
32055008
32060074
32060228
32061171
32062191
32063363
32066429
32069387
32072664
32076493
32076626
32088353
32089060
32096172
32098071
32099409
32101017
32104274
32104279
32104955
32106059
32107418
32107624
32109147
32110220
32111929
32115152
32124090
32126150
32129857
32130293
32134755
32134893
32141453
32141547
32145584
32146479
32146564
32146706
32150788
32151238
32162695
32162707
32162714
32162763
32162846
32165307
32167152
32171295
32171589
32171705
32179451
32184626
32186447
32186762
32189153
32190315
32194749
32194840
32196840
32196895
32198032
32200003
32202193
32204355
32209360
32209726
32210798
32215185
32216710
32223643
32226022
32228192
32228695
32232005
32233811
32234455
32234883
32236560
32236585
32236614
32236736
32242003
32245160
32249768
32253621
32266537
32268810
32269684
32269718
32271398
32271450
32272049
32277687
32279917
32281513
32282501
32283544
32284740
32286703
32287115
32292821
32293505
32294598
32294699
32296010
32297701
32298082
32306805
32307900
32311800
32312789
32315726
32319536
32319540
32319598
32319862
32321313
32323738
32327707
32329824
32329837
32332095
32334006
32335212
32338107
32339206
32343488
32345672
32346419
32346926
32347295
32348814
32350270
32351292
32352244
32353423
32353660
32355512
32357549
32360668
32365051
32365279
32366478
32367047
32370485
32370496
32378608
32380172
32380791
32382414
32383156
32385075
32386020
32389167
32391045
32394474
32395534
32398948
32399016
32399044
32399470
32404916
32407116
32412059
32412116
32412786
32413744
32416187
32419380
32420586
32423803
32424736
32426819
32430488
32436415
32442409
32445778
32446904
32450680
32459922
32467227
32468003
32471980
32477467
32478067
32479694
32484847
32485246
32487265
32493859
32495857
32500915
32506314
32506887
32512654
32517731
32518131
32519789
32521902
32521933
32522568
32525819
32529635
32530437
32533092
32537433
32538768
32541092
32542094
32546428
32547090
32547095
32547220
32550443
32552146
32555365
32555441
32555930
32559627
32561161
32568377
32579209
32579864
32580634
32581152
32581820
32582754
32583210
32583575
32586406
32587106
32587859
32588888
32591959
32595507
32595526
32596387
32599451
32600435
32605290
32605911
32606759
32606927
32607436
32610572
32618118
32620540
32620711
32624698
32626774
32626945
32626994
32627866
32628111
32632089
32633341
32634262
32635932
32647121
32650805
32655407
32655805
32657433
32661238
32661432
32663416
32664367
32666288
32667999
32670512
32672423
32673286
32673396
32675386
32680565
32683553
32704425
32706034
32708484
32711584
32712265
32714974
32718998
32724342
32724440
32727102
32728066
32730124
32732881
32733644
32737157
32737433
32741637
32743555
32744308
32744427
32745469
32751711
32754865
32754899
32756305
32762281
32764941
32768820
32773006
32774734
32774810
32775453
32777214
32781725
32781972
32782145
32782613
32784058
32787437
32788364
32795216
32796834
32802169
32805316
32806051
32807067
32808450
32808542
32810511
32811821
32814835
32815529
32819563
32820258
32823607
32823871
32827577
32831114
32838785
32841331
32843721
32850833
32858001
32861793
32862368
32862621
32864625
32871474
32881386
32884130
32888078
32888649
32889668
32889801
32890667
32891771
32899927
32901024
32901835
32901889
32901892
32901987
32907349
32912827
32913516
32913548
32913971
32917956
32919989
32922194
32922665
32923864
32924982
32925348
32929062
32929406
32931887
32938466
32938489
32939058
32939872
32941675
32942156
32945446
32946656
32950808
32952018
32958674
32959108
32959437
32960423
32964508
32964944
32964957
32967970
32970504
32970954
32971395
32973444
32973533
32973941
32974191
32974612
32975076
32975449
32978519
32982303
32984016
32985648
32986721
32991951
32994932
32997362
32997991
32999161
33000212
33003585
33007920
33015756
33028948
33031932
33034258
33037176
33037617
33039560
33042620
33044659
33049350
33051413
33061424
33065020
33068545
33073769
33074689
33079995
33083010
33083717
33085646
33085743
33086544
33088791
33092949
33096818
33099953
33101491
33103467
33104021
33105713
33109573
33110232
33112006
33116843
33121268
33123258
33123279
33125088
33125104
33127362
33129370
33130075
33135071
33138032
33140411
33146702
33146930
33150661
33151961
33152472
33152507
33152540
33153033
33154957
33155259
33155366
33155453
33159038
33166087
33166764
33174187
33178353
33179755
33180227
33183179
33183446
33188203
33193855
33194023
33194618
33198557
33199996
33210596
33213359
33214645
33215405
33215426
33220333
33221821
33227300
33228701
33230431
33230470
33230782
33235464
33237846
33239678
33239917
33240872
33248711
33249138
33251120
33251220
33260422
33262409
33262514
33271007
33276499
33282728
33282899
33287350
33287921
33288731
33293234
33293478
33293663
33296434
33299044
33299139
33301895
33304897
33308182
33308227
33309710
33314176
33315517
33318536
33323961
33323972
33324040
33327965
33332075
33332708
33332749
33338398
33345649
33347563
33348808
33356037
33357236
33363824
33365056
33367790
33370590
33377656
33378983
33382810
33391404
33396656
33402463
33404856
33405856
33407724
33413409
33414476
33416121
33417512
33418237
33422488
33423167
33428749
33431808
33433347
33433603
33439476
33442269
33444287
33447058
33448321
33456568
33457476
33458694
33462262
33481191
33486894
33488873
33489923
33494833
33495842
33499365
33500662
33504340
33509259
33514915
33515421
33515609
33518108
33524472
33527532
33527955
33530289
33532886
33534863
33535663
33536765
33537834
33538241
33540467
33543443
33546692
33551244
33552156
33558194
33558337
33558466
33559506
33566305
33568640
33576342
33577036
33577944
33595755
33596588
33600059
33603394
33606974
33607219
33608983
33609540
33614622
33621609
33627383
33628297
33634678
33635226
33639974
33643925
33644124
33644493
33648424
33652126
33652656
33653358
33653966
33658134
33659963
33664225
33664240
33664481
33667713
33669370
33670518
33675502
33686397
33686796
33689215
33691628
33708803
33712741
33720084
33721218
33723224
33730297
33731308
33738906
33741027
33741170
33745222
33749526
33750924
33752173
33754616
33759565
33760104
33760113
33760349
33761355
33765263
33767594
33771409
33771970
33771972
33772548
33777313
33785338
33801456
33803986
33804593
33813280
33813678
33820561
33821441
33822054
33825073
33828082
33828085
33829013
33834871
33843428
33846573
33848262
33856651
33858598
33860045
33863913
33865336
33867846
33870406
33871399
33874915
33876327
33876722
33877676
33881725
33887726
33895342
33898323
33906293
33907203
33907827
33911465
33911808
33919657
33922531
33926917
33931764
33933518
33936365
33941772
33947796
33958297
33958865
33959238
33960640
33967754
33967958
33968177
33969873
33970096
33970384
33973090
33974917
33974945
33976725
33980230
33982666
33985625
33986917
33987352
33993982
33996822
33997184
34003330
34003417
34004440
34006834
34007196
34017681
34021128
34022068
34026068
34026624
34030133
34034498
34036541
34037956
34045952
34048549
34053183
34054430
34055067
34056885
34059798
34060283
34062284
34076140
34077275
34078809
34078911
34079224
34080640
34083580
34088332
34091997
34092295
34093139
34094668
34095117
34096408
34100390
34101318
34107168
34111509
34111659
34112159
34113810
34114972
34119765
34120482
34127068
34129195
34129913
34132355
34132417
34133009
34134453
34134907
34136482
34141133
34147851
34150854
34151202
34154611
34162560
34162754
34163000
34165162
34169384
34178835
34184188
34184749
34188208
34188706
34189738
34190329
34190523
34194502
34206559
34207376
34210408
34210545
34211127
34211568
34214875
34216580
34216856
34218272
34218417
34222244
34230132
34231499
34233198
34234111
34234308
34234416
34239033
34240392
34240838
34242625
34246179
34247447
34248141
34249684
34250407
34250422
34253824
34263675
34266345
34268892
34269956
34273354
34275490
34282106
34282258
34283401
34288821
34288923
34289909
34294122
34294873
34295560
34296286
34301793
34301800
34305608
34307670
34308733
34311724
34313525
34315115
34315854
34321923
34324311
34324714
34326064
34328194
34329839
34331013
34332183
34335191
34335245
34336645
34337080
34337483
34337539
34337686
34338347
34354940
34357784
34357795
34358959
34359000
34359206
34359707
34362334
34364315
34368370
34369049
34369274
34370147
34370169
34376625
34377593
34381025
34382342
34382731
34382895
34386506
34394832
34396903
34397726
34398299
34400767
34400892
34402627
34409504
34413821
34416231
34416907
34423884
34424120
34425332
34427166
34427967
34429073
34431444
34435045
34435542
34437391
34438274
34439133
34445559
34446716
34453780
34457228
34461321
34461955
34464683
34468924
34476213
34476500
34482185
34488159
34489750
34490081
34490473
34492006
34503100
34504554
34504582
34504813
34506261
34507017
34512151
34515350
34521439
34522177
34522205
34524588
34526907
34527569
34533198
34533858
34535684
34537206
34543800
34545858
34549887
34554926
34555985
34558757
34561453
34562091
34562344
34562525
34562827
34570105
34570663
34570918
34571508
34573348
34575999
34581090
34581942
34585690
34592789
34597611
34598952
34610220
34611442
34612550
34618344
34623601
34625286
34625746
34626586
34627261
34627609
34629735
34629879
34630712
34630982
34631559
34632168
34635142
34637944
34638474
34638550
34638586
34642909
34643308
34643739
34644378
34649609
34650915
34659411
34659546
34659902
34661323
34662447
34671557
34672162
34675997
34678531
34680293
34680946
34681198
34686762
34693046
34695518
34696703
34697781
34705586
34706703
34709758
34710568
34717133
34719109
34730058
34733780
34733930
34740561
34743406
34744733
34750354
34753831
34758714
34785642
34789720
34790751
34793697
34796092
34796109
34802095
34803491
34804985
34805185
34824590
34824841
34825812
34826282
34831026
34833123
34837887
34838997
34842937
34844082
34847369
34850964
34853296
34854397
34856373
34859846
34860318
34868361
34868940
34885085
34886900
34887868
34889713
34896195
34897970
34901392
34902523
34903728
34906568
34910830
34910997
34913078
34913223
34917902
34922209
34923996
34925034
34933640
34936288
34937768
34938598
34942957
34943931
34944711
34951340
34952189
34953448
34956421
34958114
34974804
34975329
34976190
34976432
34978016
34983360
34984555
34986654
34992440
34997428
34999820
35005122
35005470
35005845
35007522
35007850
35012910
35012940
35013322
35016815
35024240
35025475
35026284
35027053
35031262
35033661
35034538
35039826
35045733
35058921
35059876
35059924
35066068
35069732
35071464
35071492
35074962
35082908
35083214
35086953
35090964
35092573
35099092
35099348
35101965
35102303
35104315
35105671
35110471
35112695
35116342
35117521
35117766
35121403
35124383
35127509
35129856
35135109
35135542
35143913
35147974
35149515
35152668
35154457
35165399
35171439
35172517
35173149
35174471
35176745
35181618
35185286
35185889
35187600
35191822
35192838
35196550
35198865
35199573
35200097
35201851
35202856
35203446
35205292
35209947
35210557
35216667
35217209
35218467
35220242
35222707
35224041
35225421
35227301
35231756
35236822
35237514
35240162
35241692
35241735
35242851
35249103
35251475
35252866
35253778
35260041
35260738
35263556
35263698
35263886
35265085
35265266
35278038
35279586
35280516
35280681
35280836
35282439
35297299
35301651
35305088
35310933
35311628
35314212
35317516
35321655
35322748
35326689
35328425
35332577
35338148
35340717
35344762
35347751
35350588
35352876
35355831
35363423
35368955
35369894
35370667
35371049
35372075
35380635
35381781
35389123
35394871
35394873
35395197
35395283
35397519
35402577
35409319
35417032
35417044
35419479
35422482
35428355
35436530
35436935
35443189
35448032
35451467
35451480
35451580
35456450
35459470
35463095
35463728
35473337
35477555
35481646
35483445
35483883
35498434
35499148
35499228
35500038
35504804
35505494
35510230
35514319
35515542
35515912
35518520
35521206
35523401
35527982
35530951
35534199
35534645
35536087
35541914
35542225
35543827
35545766
35557554
35563324
35563663
35578896
35582997
35588152
35588695
35589797
35592654
35594551
35599595
35600352
35603476
35603900
35604158
35607965
35615006
35616841
35619132
35625614
35628480
35637651
35640862
35643814
35647006
35647179
35655254
35656895
35657152
35659895
35661650
35664706
35665993
35672341
35674911
35677433
35678308
35681140
35681792
35682544
35686056
35695665
35699891
35704163
35705830
35708348
35711004
35717659
35717938
35719951
35721496
35723418
35724451
35724456
35725578
35725817
35729481
35731312
35738999
35746855
35749917
35751755
35754315
35759236
35761794
35762224
35762320
35764963
35765066
35767105
35769052
35773413
35778301
35780606
35780838
35792987
35794253
35795482
35804837
35810471
35810694
35810709
35813318
35813857
35814272
35814712
35819576
35822655
35834952
35839114
35840417
35841984
35842774
35851058
35851085
35857445
35857905
35858001
35858546
35861040
35864529
35869144
35870031
35873535
35878435
35879346
35880572
35894462
35899226
35902026
35903068
35908504
35911788
35912140
35914729
35923098
35924448
35931053
35943858
35946516
35948417
35948468
35949305
35952450
35953476
35954330
35954335
35954450
35955916
35958056
35958147
35958280
35962179
35964136
35968813
35971931
35972314
35982181
35985997
35988965
35993473
35993557
35993810
36001481
36004487
36010998
36012492
36013156
36016609
36017213
36027694
36031001
36035012
36035365
36037365
36039910
36040914
36044618
36046376
36052752
36055521
36062010
36067712
36073218
36073856
36073901
36075129
36075907
36078116
36082652
36084486
36091160
36096885
36099799
36102295
36102787
36104215
36115828
36115910
36117724
36119511
36121042
36126840
36128720
36139666
36142641
36148159
36148582
36149763
36151877
36152350
36153544
36155262
36161592
36162030
36162436
36168636
36171333
36171661
36171734
36174454
36176732
36189316
36190692
36192478
36195293
36205374
36207927
36211273
36211278
36224710
36237339
36241868
36243841
36245607
36261761
36267811
36270489
36275477
36276272
36284707
36285295
36291166
36291720
36299777
36301339
36302968
36302969
36305462
36306063
36306560
36306794
36307663
36308001
36309967
36310598
36323257
36327049
36329578
36331296
36332797
36336681
36338027
36339257
36339554
36339819
36344947
36348199
36361678
36362373
36366818
36367154
36368013
36370296
36374217
36380665
36381235
36382654
36382819
36385557
36387097
36395368
36410274
36411429
36413378
36414008
36420216
36428706
36436593
36442661
36449787
36453251
36457973
36461911
36471201
36472099
36473627
36475523
36478207
36494326
36496361
36497344
36499116
36504133
36509719
36510494
36513264
36517807
36522662
36524761
36526374
36530472
36533329
36533707
36542459
36543932
36547074
36549753
36555834
36559263
36562826
36566915
36571368
36575044
36576072
36576468
36591296
36591942
36592448
36599770
36604724
36605468
36607858
36608713
36611931
36613756
36619862
36626331
36634201
36634299
36635778
36639866
36640627
36641136
36641436
36645971
36647144
36650556
36653180
36662424
36669387
36670982
36672468
36672590
36674747
36681169
36682704
36690897
36707796
36709859
36730613
36735765
36747841
36749086
36750528
36756085
36756751
36756790
36759189
36759837
36764478
36765474
36774722
36777516
36778127
36791582
36797228
36804490
36805789
36807889
36815553
36816358
36820928
36824269
36828124
36830628
36831602
36831729
36840446
36840628
36842808
36852461
36853430
36854750
36861063
36862086
36871660
36874678
36876690
36876944
36878000
36878898
36880039
36897111
36900366
36905861
36905871
36908850
36909191
36912590
36916101
36916430
36921676
36921705
36923153
36929579
36930246
36930333
36930748
36931033
36934412
36939046
36945866
36948705
36963126
36965639
36970876
36971397
36971687
36977604
36977701
36977733
36983607
36991449
36992900
36993317
36993510
37000289
37008737
37012315
37016356
37023120
37026617
37028516
37028952
37031335
37034514
37037306
37038027
37039265
37042855
37042859
37045800
37046638
37047730
37048159
37057740
37060996
37070134
37076617
37083008
37083064
37084991
37090027
37093598
37098352
37098835
37103835
37105761
37106324
37114964
37121060
37124626
37131840
37132311
37142060
37142958
37145266
37149861
37161797
37163276
37163614
37168967
37171328
37172779
37172903
37178238
37178343
37183600
37185447
37185705
37186366
37191727
37198696
37203409
37205308
37205954
37208413
37208857
37210723
37212178
37216009
37216395
37221199
37224040
37225693
37228027
37231058
37232038
37232353
37252796
37257704
37259793
37264692
37264970
37267683
37269454
37271745
37273453
37275058
37276925
37279284
37280594
37290578
37292818
37292972
37303578
37305542
37305554
37305830
37307869
37308993
37310728
37311042
37312212
37313185
37313454
37314146
37314769
37334436
37336910
37339263
37339996
37342098
37343766
37344170
37345350
37357918
37361526
37366351
37367063
37367427
37370115
37371832
37373102
37373471
37376966
37379815
37382004
37382708
37384417
37388114
37393018
37402127
37405670
37406985
37407629
37409091
37415101
37418003
37421607
37429502
37433264
37437018
37442961
37445575
37451289
37451460
37459649
37465588
37470852
37477767
37481380
37486536
37487248
37488790
37492732
37493406
37496993
37498480
37502574
37502599
37505544
37506142
37506155
37519006
37527256
37527738
37528722
37530327
37533462
37534462
37535883
37538460
37540221
37543098
37543582
37544635
37547448
37557014
37557978
37558155
37559148
37561626
37562585
37564797
37567175
37577760
37577782
37581875
37588750
37589446
37589761
37589947
37594613
37598867
37602330
37605223
37606694
37608749
37609221
37609416
37615195
37619436
37619809
37620149
37623437
37623882
37631304
37633416
37643526
37645923
37647681
37651288
37651803
37658255
37665633
37666229
37667322
37669771
37673853
37676080
37676120
37676407
37688989
37692099
37692479
37692519
37694105
37694739
37704631
37706278
37708299
37712332
37715829
37721526
37723981
37728571
37733108
37737182
37744455
37749866
37770925
37778650
37781075
37781082
37781577
37784019
37786671
37799419
37800459
37802411
37802727
37809970
37819013
37820299
37829384
37829611
37839992
37843401
37846279
37848113
37851112
37852424
37857166
37862920
37865041
37866587
37870050
37875657
37879287
37881491
37884162
37894321
37895258
37899509
37900693
37907589
37907839
37909316
37910661
37913652
37922095
37922723
37925934
37928264
37935253
37940999
37956614
37971426
37972389
37984988
37991903
37997815
38001126
38001668
38006396
38008769
38017523
38021086
38024667
38028202
38029456
38029887
38030818
38031771
38047587
38055645
38059351
38060346
38065398
38072303
38088496
38092760
38097735
38106447
38114855
38116467
38124152
38136437
38148377
38149557
38153514
38162377
38166086
38168271
38169628
38173659
38177134
38181444
38184105
38186021
38186578
38189020
38192993
38192998
38193852
38194804
38201260
38201488
38206110
38214828
38215478
38230006
38230125
38230211
38233537
38237562
38241895
38242121
38246267
38246708
38256434
38260313
38261817
38275605
38277120
38279439
38279488
38281224
38286650
38288037
38293706
38293726
38293998
38294721
38295830
38298978
38305388
38307794
38311007
38318136
38321412
38321898
38325773
38327091
38338464
38356955
38356984
38362695
38362935
38364944
38365726
38368289
38372117
38375688
38379395
38393440
38395941
38397797
38400066
38400870
38401834
38406815
38407606
38411613
38414404
38416287
38418757
38419886
38424388
38424419
38425992
38428643
38429210
38430031
38434721
38434880
38442201
38446016
38453699
38459588
38463444
38464111
38464280
38465160
38473316
38477013
38483999
38486493
38494723
38499532
38500077
38501559
38504418
38505222
38505269
38505951
38507470
38508437
38520717
38524002
38537596
38537862
38537875
38538058
38543160
38546072
38546160
38547419
38551961
38552127
38558329
38561670
38561726
38568332
38573492
38582262
38583011
38585005
38586827
38589034
38609433
38617536
38621914
38627382
38630555
38630910
38637476
38640926
38643215
38644431
38651102
38654204
38656897
38658495
38671436
38687946
38692133
38697906
38698453
38700984
38704478
38705985
38706688
38726263
38727158
38729764
38730468
38733337
38733531
38737979
38741069
38747682
38756697
38757011
38763900
38776856
38781024
38781729
38789023
38797432
38797813
38802551
38807882
38808453
38811827
38812313
38817823
38821612
38825578
38828783
38830122
38830568
38833840
38835131
38847902
38851099
38852056
38854737
38861330
38866962
38871731
38872062
38898927
38901501
38904854
38906325
38908202
38917526
38919307
38926230
38930850
38933873
38936094
38940195
38940971
38946366
38952131
38959199
38961192
38964997
38965509
38967602
38969299
38978604
38987365
38993558
38997293
39002070
39002938
39004286
39005262
39006182
39006510
39010105
39012313
39017855
39024865
39025258
39026290
39032134
39032663
39034529
39044249
39049995
39054716
39056803
39058425
39061577
39063014
39063060
39067551
39078313
39080255
39085400
39087397
39092178
39094923
39096545
39103424
39105371
39111703
39113393
39114365
39114725
39116410
39117092
39119276
39119301
39125832
39129943
39130629
39132163
39135915
39138166
39138413
39144161
39144981
39145064
39149280
39154611
39155782
39158100
39159418
39165377
39166269
39166888
39180803
39184108
39186679
39188059
39190388
39197453
39197593
39199607
39206155
39207068
39212737
39213710
39233264
39237880
39237902
39238805
39245028
39248706
39250745
39258325
39261827
39266033
39267674
39268547
39273054
39276040
39284903
39298504
39301185
39307758
39311471
39313423
39314445
39315679
39316756
39317592
39323327
39329781
39331305
39341126
39342185
39342576
39344585
39345461
39352749
39353047
39353381
39356721
39357375
39357725
39358013
39381638
39382632
39393956
39406384
39408679
39422188
39426224
39426370
39428000
39440885
39446204
39455556
39457390
39457592
39461709
39466567
39474458
39477439
39484777
39490166
39491797
39492938
39497922
39497959
39498081
39501303
39502104
39502509
39508435
39511405
39513606
39515108
39516677
39523104
39531927
39540884
39544033
39546747
39547478
39550275
39550686
39561122
39563669
39567324
39567325
39571890
39575482
39581360
39596932
39617347
39622957
39626634
39627385
39629124
39635894
39637056
39638933
39640863
39642806
39642978
39643434
39643937
39644587
39648364
39653828
39654117
39658429
39660053
39663357
39665584
39669365
39672276
39672957
39674360
39680734
39681483
39692840
39692895
39692921
39695109
39697746
39701665
39704189
39704250
39717897
39723896
39726317
39732171
39732358
39738367
39738797
39742451
39753926
39754630
39761275
39774566
39780069
39791160
39792131
39792295
39793692
39793915
39794257
39796647
39804604
39807632
39812526
39812527
39820856
39822947
39824468
39826849
39841378
39849213
39851507
39851805
39855746
39862242
39869638
39870170
39872364
39875000
39881079
39881962
39883266
39884379
39885671
39886047
39890782
39891133
39895801
39896643
39900161
39900475
39901205
39906863
39909182
39910585
39913886
39918720
39919177
39919325
39920335
39920402
39920872
39921437
39921785
39929811
39934865
39937242
39937301
39943631
39953287
39962643
39964699
39967424
39970536
39974553
39976130
39976908
39979596
39980205
39983549
39984030
39984900
39985695
39987272
39988627
39988758
39990670
39991583
39994410
39999535
40009091
40010976
40014097
40014184
40020631
40021103
40025966
40027768
40033337
40034744
40042729
40043208
40043870
40046897
40050354
40052021
40055996
40056303
40057805
40058215
40060428
40063317
40066792
40069146
40075703
40078116
40085243
40087681
40089962
40091081
40092696
40097471
40100464
40103302
40105984
40106332
40115165
