8530013
11704759
11992261
12058348
12161469
12161596
12325025
12357036
12384786
12522798
12529707
12529711
12634870
12717436
12752577
12872825
12900909
12960218
14634749
14644997
14961557
14974085
14982869
14991917
15009076
15085150
15211660
15248152
15273746
15282682
15384080
15385933
15389709
15470362
15520399
15521065
15578621
15604238
15644411
15690106
15710330
15725481
15749679
15761018
15834506
15842656
15857842
15886577
15889278
15928039
15929108
15937948
15940693
15951301
15956085
15985475
15996221
16032704
16053901
16078230
16115145
16172598
16188759
16208280
16358218
16369799
16377799
16399795
16461457
16488201
16498234
16518851
16533526
16598312
16631468
16679933
16733669
16804314
16892325
16930008
17020470
17052965
17053061
17184563
17194341
17214991
17227708
17235629
17268534
17330262
17339163
17353900
17361219
17497712
17515436
17546245
17598979
17875892
17910045
17927788
17972951
18203203
18253957
18286234
18316486
18328949
18331608
18378677
18640765
18712962
18758896
18759865
18849586
19008228
19020799
19054014
19160029
19179468
19251646
19273734
19352411
19371294
19449407
19509418
19528235
19582499
19589142
19659470
19690960
19737548
19760651
19768645
19776760
19795160
19805360
19864201
19874312
20064076
20112233
20308328
20432758
20578946
20651068
20700123
20718194
20931536
20954246
20958258
21106241
21339643
21340158
21365175
21393858
21398220
21407260
21465649
21479456
21533187
21534355
21548061
21555152
21575863
21590266
21677813
21747628
21799948
21910226
21930766
22058153
22315187
22315502
22391158
22503907
22585553
22681964
22777296
22822385
22869052
22890240
23446178
23584145
23624134
23672255
23675459
23799168
23813970
23825065
23838815
23863940
23884424
23957426
24034393
24067137
24072241
24183200
24212846
24225993
24496301
24628801
24706100
24736444
24739123
24771269
24790354
24790373
24820750
24891296
24939587
25003010
25026279
25193962
25198338
25289670
25407606
25425531
25650089
25804457
25865556
25884655
25917897
26158864
26181421
26286251
26365186
26377839
26440969
26456833
26485542
26755576
26805442
26817465
27193571
27213290
27275015
27484170
27531757
27594973
27614952
27659786
27783593
27840422
27859216
27894814
27930879
28074573
28084675
28106910
28116520
28301897
28328117
28363362
28403515
28463680
28483241
28587547
28607217
28681392
28751523
28853218
28912526
28929581
28947394
28975680
29085371
29097601
29189514
29464054
29703613
29808009
30018082
30059958
30294303
30355677
30378271
30511597
30640061
30665336
31006500
31132774
31197031
31221673
31222725
31277422
31277675
31361219
31393194
31446698
31635340
31637070
31807902
31953320
31966531
32054441
32079522
32112654
32144894
32164556
32194661
32212266
32233106
32434682
32558336
32561839
32584792
32609826
32697817
32737134
32744526
32765928
32794475
32824488
33119062
33132383
33256378
33342327
33354767
33500396
33776629
33779033
33816273
33870545
33881217
33898683
34194850
34315577
34346503
34459887
34552798
34628841
34847232
35057034
35061863
35112464
35245205
35325944
35440950
35484611
35617714
35625983
35698861
35778969
35785469
35792156
35802774
35958497
35971585
35997526
36186652
36194675
36318614
36349709
36478896
36496429
36544606
36566878
36739480
36760995
36973520
37115209
37236594
37260585
37265738
37302266
37325916
37332329
37445722
37502580
37513838
37525886
37552362
37668969
37773553
37847107
37872826
37923938
37937729
37958378
37960778
37987971
38025540
38099213
38160629
38189222
38366647
38447999
38471782
38504984
38540404
38605585
38634779
38674380
38798550
38879649
38936599
38993717
39006611
39145467
39149498
39192399
39202410
39345464
39392019
39427814
39448762
39482013
39524880
39570442
39596579
39653642
39690457
39743269
39959686
40091322
