1597193
1903399
1905006
2550440
7493930
7556080
7559772
7565796
7592896
7600581
7600583
7677998
7738010
7744004
7980444
8107774
8125910
8223583
8241192
8307977
8550629
8570171
8626724
8631991
8653792
8670049
8670882
8756665
8798539
8809022
8910292
8943367
8947551
8994833
9030549
9032247
9033596
9099726
9144557
9148940
9151726
9228059
9236236
9237623
9264413
9268362
9285711
9285789
9312003
9312139
9337845
9348306
9378771
9388496
9403696
9417078
9425140
9430636
9447972
9450006
9462509
9464532
9487126
9488489
9495548
9528787
9535855
9543387
9572733
9576744
9576845
9585526
9614181
9660749
9660865
9660866
9678249
9683637
9687532
9694656
9699725
9727061
9759378
9794239
9799231
9799233
9799234
9804788
9808620
9831243
9858256
9926919
10023776
10030666
10066250
10092764
10199555
10199814
10346909
10364228
10386621
10409706
10419534
10448058
10462478
10470380
10473551
10486263
10508610
10512856
10523640
10559863
10569774
10585277
10594018
10617597
10617634
10636882
10637309
10637315
10652294
10657998
10661401
10725329
10734127
10744696
10747859
10747961
10749567
10753747
10779358
10788420
10802295
10821761
10825297
10828879
10856308
10871853
10878008
10891487
10893266
10900195
10930450
10934035
10934475
10952983
10954424
10973919
10982365
10982832
10995817
10998360
11006268
11007780
11021801
11035924
11036591
11050083
11051457
11060298
11062023
11084340
11101877
11110667
11130063
11134022
11134082
11146652
11146654
11158304
11162504
11163217
11179351
11179461
11187046
11208126
11223464
11225730
11238950
11256999
11267873
11274357
11278419
11279039
11279250
11283021
11283263
11287617
11294891
11329369
11340084
11369774
11401689
11402028
11416133
11431473
11432831
11438594
11447112
11453667
11470914
11478794
11481345
11489882
11493455
11493576
11494050
11513578
11533257
11533663
11560919
11583986
11585836
11590143
11595749
11606575
11641265
11685227
11687887
11707441
11713255
11722735
11724569
11748350
11768613
11773980
11781818
11803464
11804587
11817894
11844789
11847104
11884408
11884513
11895987
11896062
11900529
11900975
11943145
11943162
11950936
11956329
11970959
11973651
11997032
12038964
12039869
12049773
12052868
12055077
12055095
12065406
12070151
12110184
12118066
12122063
12133829
12149262
12151406
12181570
12194856
12213441
12215529
12220675
12239215
12370828
12376551
12376560
12376562
12377770
12381718
12393632
12451136
12453877
12482591
12485852
12486000
12499359
12499846
12524240
12525493
12531901
12551911
12566226
12574162
12578823
12606638
12609992
12612085
12626503
12642488
12672819
12697733
12714565
12719789
12719791
12728249
12730683
12733988
12736135
12754309
12759446
12761036
12777392
12782482
12782622
12783890
12796474
12802084
12805377
12810717
12812980
12815236
12816861
12818167
12818175
12832839
12861025
12874273
12878844
12879077
12885773
12892714
12896980
12912917
12912997
12925676
12925758
12952074
12963641
12972426
13679519
14512443
14514689
14530299
14550769
14555937
14557270
14564009
14564011
14570905
14575316
14576080
14594451
14600270
14622142
14625275
14629200
14633727
14641180
14645234
14681219
14697347
14699061
14699063
14699602
14701795
14706848
14718541
14726704
14729058
14729574
14736526
14736704
14750960
14761978
14976132
14976202
14988923
14996945
15005707
15023524
15024070
15033976
15044152
15046862
15054110
15060067
15063674
15077174
15093740
15093747
15102830
15102936
15121857
15123640
15142861
15151987
15166228
15169836
15169870
15178328
15178452
15187145
15212761
15212766
15213258
15226395
15226424
15231571
15234347
15242165
15242348
15247305
15262848
15265981
15269155
15271858
15288950
15298851
15303276
15304504
15308574
15308668
15326354
15345238
15351707
15361285
15363416
15371457
15377495
15377999
15383465
15388231
15447683
15469954
15470041
15474301
15475011
15494521
15496479
15516977
15535843
15557338
15569826
15572129
15572663
15574881
15579468
15611338
15629443
15634677
15642762
15647276
15670898
15673667
15681696
15689411
15694850
15703194
15721239
15728191
15728722
15735674
15736231
15762196
15777850
15788770
15808886
15830884
15836616
15849186
15860737
15883643
15893749
15893875
15905615
15921497
15922744
15928809
15929008
15955847
15967165
15976327
15976459
16002401
16027728
16040606
16051607
16055727
16076899
16081726
16081735
16088958
16099726
16113262
16125691
16129884
16150730
16155095
16157315
16168664
16180308
16186118
16195235
16195373
16203995
16204049
16213822
16228016
16243562
16251354
16257181
16257974
16274703
16280046
16283857
16291935
16294277
16298859
16299055
16328957
16332375
16339142
16339170
16354686
16354758
16361255
16390450
16395716
16413282
16428270
16439689
16440308
16452665
16467473
16472645
16472680
16472697
16473593
16475793
16481401
16481404
16492808
16505058
16507994
16510591
16514607
16515795
16519628
16520382
16525021
16525721
16529739
16542153
16543941
16551621
16584582
16621891
16622197
16624865
16628223
16636067
16636148
16651530
16681996
16682529
16690620
16698001
16698790
16707455
16708022
16716260
16751412
16754961
16772332
16782079
16785563
16786104
16798728
16801538
16802292
16809619
16814769
16831194
16858624
16861229
16884694
16914518
16917494
16928956
16943436
16951161
16954223
16955522
16973299
16978608
16982892
16985069
16990606
17003422
17018610
17018616
17021167
17023266
17027002
17032649
17035298
17049467
17058265
17064663
17074770
17088251
17090688
17093062
17098962
17101842
17109063
17115053
17115888
17122362
17130476
17135240
17140407
17156131
17170026
17178910
17183546
17194805
17196961
17200137
17204833
17207463
17211835
17227220
17227793
17229424
17233629
17234718
17244648
17244649
17245428
17255340
17275330
17292356
17300916
17301241
17301832
17301947
17302440
17303772
17332503
17334398
17337280
17350025
17363898
17374390
17389689
17403031
17403664
17409253
17409386
17410543
17428196
17428306
17440041
17452788
17459003
17467682
17485492
17515454
17515837
17517067
17519230
17521326
17545941
17548354
17556592
17562712
17562871
17568564
17573353
17576798
17576799
17579242
17592548
17599059
17615554
17637758
17659204
17663742
17671188
17680210
17686471
17693642
17702746
17712140
17766170
17786281
17804488
17804720
17825407
17848544
17851761
17855349
17868382
17868934
17878342
17888911
17904119
17916560
17922611
17952876
17954607
17982273
17982280
17984089
17996485
17998938
18003981
18005099
18006505
18006851
18044967
18045877
18055877
18056353
18060576
18067889
18079208
18083846
18086571
18089636
18089842
18089848
18093184
18160397
18160398
18165265
18172037
18183417
18212043
18216165
18218673
18230340
18235104
18245172
18246045
18246795
18287089
18289679
18291107
18296444
18310224
18316075
18319301
18321527
18325335
18328269
18344974
18374169
18392556
18400843
18403249
18403410
18403635
18420399
18422604
18423204
18433991
18440141
18443222
18463417
18482007
18497446
18499456
18502673
18505730
18506888
18508927
18538664
18541910
18567599
18567639
18576327
18577517
18579689
18579797
18591655
18599477
18599867
18610622
18612239
18625219
18653205
18653465
18653540
18682288
18684863
18684957
18701479
18702697
18704487
18723578
18760941
18774104
18805958
18813807
18813837
18826597
18838676
18848548
18853424
18922799
18923057
18923147
18927084
18930714
18932198
18940795
18957688
18974159
18985006
19007770
19008945
19009236
19018982
19027829
19029984
19052208
19060417
19085564
19095647
19100259
19107873
19116140
19118901
19122200
19126201
19126596
19137009
19139264
19147498
19151919
19155310
19163613
19164861
19165496
19171136
19171758
19188496
19211846
19261846
19264842
19265663
19267423
19277120
19278959
19287203
19308044
19332549
19344766
19349358
19366706
19368836
19388051
19390057
19394428
19403692
19404567
19426825
19429708
19429871
19438518
19443661
19443691
19448673
19450605
19463088
19469899
19470639
19473989
19487339
19487462
19497305
19501047
19506399
19509242
19523512
19527032
19530170
19538723
19549603
19555660
19561401
19563775
19570918
19581409
19584084
19589776
19592621
19596003
19617897
19625648
19639179
19640983
19645540
19649754
19660469
19671682
19684199
19696411
19704838
19709124
19710257
19716293
19723872
19726546
19737400
19738201
19744486
19755150
19764550
19766620
19767757
19783847
19792964
19840028
19850129
19850916
19852956
19854265
19861492
19865048
19895673
19906871
19918976
19923407
19940064
19948726
19955208
19955829
19961560
19961854
20001745
20004474
20016102
20017136
20028975
20032577
20053277
20054824
20060361
20065041
20065081
20067100
20067638
20067994
20069557
20082286
20089929
20097736
20101224
20102701
20116244
20117462
20117463
20131316
20139976
20152179
20153729
20154721
20156964
20159679
20162672
20167866
20179179
20184871
20197276
20203090
20203103
20211865
20228810
20237902
20307526
20307615
20308204
20308428
20339116
20339539
20353788
20363326
20368346
20368760
20372815
20383193
20387077
20395446
20404345
20426825
20444104
20448461
20451655
20457815
20460433
20463891
20466982
20484039
20484635
20493824
20506362
20507565
20515940
20518848
20519585
20522449
20522592
20529851
20529870
20530480
20530489
20538003
20543524
20565814
20578145
20584673
20595387
20606682
20628008
20637541
20647686
20648624
20650890
20654717
20660631
20683708
20689803
20691665
20696164
20696765
20696841
20713492
20717650
20719958
20737513
20808927
20811053
20814828
20817060
20824170
20830300
20837928
20844008
20861382
20875796
20881009
20883775
20935639
20943855
20948645
20961652
20962234
20980685
21030561
21036915
21037229
21037555
21056892
21060846
21068201
21071692
21076938
21089550
21096420
21107644
21111816
21118977
21131638
21134286
21134703
21147098
21148432
21199870
21206905
21219858
21233615
21245983
21261173
21266580
21276423
21281602
21281699
21291504
21295525
21300027
21300063
21302295
21302299
21321939
21325632
21326916
21334995
21346419
21347385
21357506
21358804
21372752
21386710
21389053
21404019
21406564
21412440
21414312
21417583
21430067
21430700
21435035
21439300
21444756
21451103
21454543
21457935
21460187
21464391
21469092
21471448
21474067
21474673
21482222
21483700
21508336
21508337
21525435
21537609
21542010
21559396
21565173
21565291
21569781
21587295
21590706
21603603
21620958
21621326
21624123
21628952
21642434
21645877
21658605
21660950
21663592
21677313
21683139
21683721
21684284
21684285
21686260
21690261
21693517
21693584
21703174
21704033
21704620
21706053
21712438
21732534
21738630
21750647
21756249
21757543
21757621
21765214
21781463
21789714
21809360
21814770
21816966
21822311
21828072
21833028
21837360
21841162
21844371
21851337
21853342
21868386
21873980
21878794
21883766
21885850
21911753
21911940
21922040
21924960
21943825
21945075
21949760
21961005
21963650
21963679
21964561
21965529
21975373
21980400
21984807
22002247
22021442
22036506
22039482
22042618
22075250
22080864
22113496
22114025
22114142
22117219
22128191
22137120
22144092
22151306
22157745
22157753
22157762
22163037
22166487
22179719
22204905
22210834
22232135
22237206
22238325
22238672
22243243
22255029
22261715
22262456
22275005
22275433
22276187
22286230
22289828
22293830
22301917
22302991
22322064
22327008
22330068
22337875
22340048
22345078
22345572
22349509
22351754
22358380
22375622
22399646
22407364
22421922
22430205
22431917
22440899
22441674
22443139
22446524
22446552
22449966
22450320
22451524
22467858
22467863
22469974
22479308
22494620
22498500
22519881
22522400
22549160
22553600
22564631
22580124
22583359
22588079
22614015
22628301
22629471
22646320
22659453
22665395
22677168
22690113
22695959
22701712
22713647
22714419
22714420
22718121
22723286
22723377
22745590
22752926
22760527
22767509
22773836
22781349
22790197
22790200
22790203
22791907
22807685
22808202
22820503
22842228
22845716
22848487
22863953
22882909
22890232
22890318
22905193
22907655
22911626
22914542
22919583
22945935
22945937
22946057
22956547
22959435
22970203
22970259
22970700
22986742
22995516
23012366
23014943
23027656
23035050
23045281
23051733
23060091
23071154
23073905
23085091
23090948
23109420
23132927
23144867
23148218
23148778
23153365
23153508
23184573
23184663
23192861
23197717
23199784
23223291
23223568
23233092
23253699
23258346
23274517
23274900
23283986
23284959
23285024
23292607
23295182
23296296
23298303
23300879
23307871
23322732
23325254
23325864
23331298
23333897
23334332
23341328
23353182
23354415
23377658
23379230
23383114
23391381
23396057
23406282
23411415
23412604
23416703
23423567
23429587
23437269
23438132
23453926
23456597
23460186
23461363
23478800
23485997
23486961
23499910
23500171
23503127
23512198
23519127
23520279
23524265
23530970
23537630
23538947
23545410
23554696
23559002
23559092
23562274
23562278
23564082
23582786
23586025
23612479
23624644
23631848
23637767
23640485
23660478
23663350
23664830
23665120
23665174
23667561
23677246
23686855
23690547
23704529
23707487
23720743
23726395
23733346
23734197
23736154
23739214
23750283
23759924
23760915
23770048
23770942
23771883
23776598
23792411
23792701
23794945
23807227
23817184
23817226
23832120
23843620
23861250
23864022
23867495
23872330
23874639
23884931
23887096
23903969
23906792
23907156
23911822
23918979
23919665
23921306
23924974
23931752
23933578
23950142
23951087
23967341
23974108
23975422
23989259
23993965
24006490
24008651
24016866
24036312
24040362
24043306
24045216
24061480
24062339
24064382
24066799
24072884
24080160
24111570
24123220
24144793
24146998
24172987
24186093
24188721
24195795
24203571
24216610
24248991
24257023
24265291
24274578
24294595
24297853
24297929
24322391
24323070
24331708
24337070
24343664
24350867
24352656
24358134
24371145
24374334
24387669
24399839
24420748
24430179
24434436
24438685
24440300
24445042
24469268
24470018
24487980
24495518
24501217
24505282
24508121
24520998
24522191
24523909
24554007
24554735
24571616
24573109
24577405
24586549
24600331
24603367
24614149
24625804
24628852
24629820
24629926
24639279
24649082
24649261
24651551
24659799
24664433
24667766
24668798
24670805
24691491
24695858
24697698
24706725
24732916
24743945
24750242
24752318
24757372
24759106
24786604
24802056
24807907
24817309
24819662
24828286
24840251
24840740
24841200
24848679
24858039
24859002
24859791
24877974
24903274
24915967
24925969
24928514
24938713
24954090
24960694
24962779
24970760
24980436
24980975
24995657
25002679
25006578
25014207
25029617
25043297
25043299
25043657
25043693
25043721
25044255
25046439
25048900
25053987
25056119
25056432
25063526
25074804
25075639
25079357
25084221
25086046
25091805
25099352
25107911
25109327
25109337
25118935
25121739
25123138
25128586
25131752
25136657
25139745
25149377
25151145
25154784
25171475
25202416
25214035
25239922
25243418
25245029
25248834
25249940
25253694
25277816
25288640
25289457
25295536
25298426
25299777
25309333
25310349
25311989
25315346
25319697
25331951
25344477
25344910
25358739
25361001
25368973
25377089
25378937
25382267
25384218
25394657
25416549
25416624
25427558
25427623
25428919
25430696
25464848
25465943
25472715
25475370
25479592
25483216
25490770
25502873
25504636
25514037
25516973
25527635
25529012
25530132
25539497
25540648
25544611
25556150
25559184
25561548
25585684
25585795
25586182
25594058
25595128
25595279
25613020
25618778
25625545
25628054
25631082
25640224
25655724
25657827
25659579
25659584
25660453
25669881
25673262
25676811
25677088
25684205
25687035
25717148
25720965
25725286
25746002
25753922
25758356
25774093
25783411
25794483
25796615
25799492
25816094
25818528
25819133
25829446
25843690
25847538
25852201
25862165
25862245
25864429
25871560
25874999
25881746
25885881
25888632
25892021
25896148
25901126
25911416
25917196
25924612
25925950
25926441
25931407
25947135
25950481
25957559
25957600
25963818
25967961
25991673
25997963
26004135
26018170
26036474
26059978
26078726
26078884
26079528
26090570
26098172
26102565
26112412
26116572
26132202
26142737
26147090
26148238
26160434
26171059
26176707
26184908
26198629
26202910
26205497
26205662
26206334
26207671
26219349
26224100
26231544
26231656
26238253
26248315
26272757
26279033
26299339
26299439
26303573
26305333
26305490
26315145
26319681
26320102
26324182
26329303
26358039
26369929
26370090
26374854
26386179
26395878
26403202
26420324
26420819
26435502
26436659
26438819
26450120
26453334
26462147
26463959
26468229
26476350
26478565
26496994
26517539
26527051
26531283
26543024
26549372
26558612
26582364
26582975
26603260
26603293
26606145
26614458
26617787
26634649
26635085
26648292
26658844
26663827
26674641
26679840
26680099
26687235
26690896
26693502
26697839
26700000
26700724
26707876
26716504
26722124
26725196
26726844
26742521
26747246
26751560
26752742
26756739
26761793
26766136
26769343
26792065
26809475
26829882
26841219
26842651
26863024
26872874
26873115
26873877
26886372
26887924
26889750
26897750
26910843
26911374
26912264
26919098
26924049
26936986
26946078
26963302
26966072
26977077
26986629
27008403
27018294
27040664
27048259
27050391
27052191
27052944
27054336
27056258
27061726
27109029
27126594
27129721
27136688
27138256
27138844
27151455
27152953
27154205
27159442
27163367
27163697
27176050
27181206
27182062
27185877
27187066
27189938
27222313
27222381
27231134
27233035
27243897
27248472
27249795
27261857
27270835
27279566
27283994
27285860
27294528
27299748
27306109
27308540
27313788
27314616
27329554
27335463
27345261
27345400
27350596
27355516
27376435
27384462
27412363
27425849
27435106
27435854
27436754
27437916
27442895
27465023
27465973
27467102
27476657
27477862
27506937
27519475
27533896
27539661
27542207
27551466
27556698
27562306
27562307
27562622
27572055
27576187
27593377
27598909
27600824
27617576
27623383
27629044
27656019
27662902
27681226
27693992
27694954
27699663
27700986
27707912
27713499
27725632
27729281
27760566
27765763
27790713
27791203
27796681
27805061
27818180
27821782
27835596
27835684
27849309
27854297
27855271
27862679
27869202
27873143
27877226
27886249
27886395
27888097
27892530
27902969
27904039
27904138
27912197
27927130
27930970
27939839
27941025
27976403
27988259
27989699
27993196
27997893
28013306
28013312
28054340
28055293
28066635
28087726
28098862
28103666
28119263
28122813
28129959
28135249
28137655
28161375
28186082
28196591
28202288
28215344
28220272
28244849
28246076
28271323
28274785
28277539
28278510
28317937
28320863
28336111
28338001
28376111
28386321
28389470
28389649
28393235
28410221
28412192
28428003
28431393
28440461
28461325
28465231
28483380
28499439
28507287
28515142
28545113
28549350
28554582
28560950
28576970
28600322
28622072
28624895
28626389
28627346
28630074
28630256
28638915
28655771
28666462
28668387
28671041
28683507
28694325
28709595
28710503
28714015
28723259
28726720
28739799
28751734
28761175
28761330
28765370
28765773
28775002
28791343
28821441
28828705
28844967
28865956
28886345
28893557
28912177
28934273
28934903
28947497
28949297
28958942
28960571
28969640
28977598
28985752
29016860
29039574
29042792
29046349
29046393
29050986
29055784
29055960
29056938
29059171
29066727
29078376
29098317
29099290
29106392
29109446
29114038
29114077
29121646
29127148
29129468
29129556
29133163
29136506
29141223
29155102
29168172
29178143
29187576
29191942
29197552
29198968
29228706
29229683
29230165
29232359
29269293
29293918
29298445
29301608
29321004
29329780
29330095
29336357
29358323
29358562
29358671
29362425
29363851
29382922
29386087
29408512
29416753
29429047
29432733
29434202
29435067
29455393
29474518
29494287
29497040
29510700
29540255
29541069
29548483
29551489
29554649
29567961
29579104
29580943
29587866
29611099
29614587
29615491
29620286
29623951
29626150
29626467
29649358
29651441
29678828
29700112
29710460
29723737
29734338
29740022
29740674
29749029
29752492
29753745
29777701
29802377
29844364
29867202
29867343
29872501
29872750
29884911
29904993
29911975
29920300
29928875
29932987
29949770
29964204
29967243
29985482
30002222
30005699
30007118
30008913
30008934
30012833
30013448
30021868
30026856
30042656
30049830
30054448
30058725
30062402
30062409
30062411
30062416
30064133
30064309
30078221
30086127
30097772
30108175
30123066
30127952
30132506
30143523
30143782
30159893
30160315
30170729
30182212
30182377
30191377
30192158
30208520
30209686
30219846
30220172
30250061
30257103
30261690
30265669
30282749
30304669
30350139
30354240
30399403
30442385
30446664
30448045
30463023
30465755
30485583
30514346
30515933
30522553
30524671
30542739
30543623
30544910
30550728
30551505
30553448
30562745
30592185
30594931
30608204
30627935
30630946
30639478
30643462
30659265
30662804
30680073
30681176
30697954
30698144
30701579
30728292
30735546
30748033
30765861
30770784
30773655
30776642
30781697
30809225
30816485
30828687
30833420
30844391
30849455
30851707
30859392
30871916
30880553
30888607
30915758
30930895
30931091
30936017
30938056
30955235
30975911
30992372
31018152
31019460
31020478
31027363
31035701
31040292
31042115
31060803
31063759
31068775
31082520
31103719
31118438
31128161
31145943
31160969
31161284
31195150
31202817
31213897
31218112
31221776
31222548
31226168
31243195
31247196
31257073
31266025
31267831
31277234
31285585
31300985
31301364
31314174
31321299
31321704
31330900
31332791
31337986
31338333
31338350
31339669
31369617
31388105
31408432
31410018
31413787
31422887
31451038
31462898
31480268
31484924
31499064
31515469
31520643
31534019
31572059
31578236
31590142
31601145
31609760
31612502
31641527
31645631
31660086
31674013
31674024
31679962
31683681
31692044
31703278
31754207
31754397
31757963
31761617
31776842
31779616
31786196
31793126
31796725
31811797
31825077
31846370
31857649
31865241
31871052
31877301
31880824
31882523
31897093
31907970
31924675
31925986
31931758
31936261
31942999
31954518
31966460
31977009
31996022
32001733
32009906
32019972
32040269
32043900
32047750
32048687
32061832
32076492
32092966
32097584
32107907
32109138
32109419
32110046
32112978
32122296
32122794
32124958
32142855
32143485
32147678
32161009
32178475
32183619
32190703
32193458
32203420
32224866
32237255
32246643
32275841
32293133
32294039
32294451
32313105
32314182
32317318
32320683
32346533
32350953
32351958
32373390
32391922
32395205
32401565
32411607
32432925
32454130
32456244
32456513
32460002
32460619
32471868
32479124
32495883
32499377
32509171
32521269
32533921
32542704
32545340
32547389
32560826
32561397
32568828
32576681
32580367
32585958
32592615
32613609
32632148
32634437
32641997
32645930
32669966
32705204
32713934
32731493
32746999
32760669
32774719
32777214
32782617
32783108
32791535
32795319
32817335
32823607
32854919
32860848
32866423
32891903
32898553
32899947
32913260
32920087
32934746
32941503
32961232
32964455
32972756
32978791
32983019
32992982
33026942
33031465
33042270
33047393
33053687
33060598
33061890
33106353
33107705
33122632
33129924
33134373
33135357
33174015
33174038
33188083
33209869
33215882
33217330
33225242
33225507
33235904
33244808
33248422
33262217
33277142
33284505
33298895
33299404
33307230
33310913
33328606
33329033
33343355
33347743
33398380
33405734
33411679
33415001
33417283
33418161
33451909
33471252
33508873
33513417
33515600
33539343
33542087
33567745
33582096
33603169
33603730
33604328
33609640
33636640
33660564
33676892
33677389
33683574
33741342
33753880
33758078
33760108
33790078
33800361
33804107
33804427
33812927
33824482
33837249
33843209
33848152
33849538
33851799
33852856
33856445
33871166
33879602
33890316
33897879
33909243
33910489
33914026
33933441
33933985
33941200
33942976
33947796
33957277
33996942
34006303
34026448
34036687
34041508
34047412
34058848
34068233
34079763
34109430
34110575
34112953
34146643
34147481
34157521
34162786
34176441
34215717
34221233
34221974
34238980
34251558
34252134
34258505
34273104
34290093
34307388
34320903
34321603
34325694
34339855
34368842
34373577
34374393
34392531
34402856
34419498
34422919
34439396
34455539
34459233
34466738
34510875
34525350
34531724
34557485
34561225
34565520
34569252
34572063
34593974
34595833
34597250
34635635
34638434
34639094
34647970
34661084
34667203
34679042
34723630
34725860
34731623
34741006
34741044
34745120
34753065
34758330
34762003
34765009
34771624
34771704
34782370
34785774
34803511
34820384
34827551
34831012
34873167
34877916
34882903
34884920
34893584
34897283
34917751
34971971
34987010
35008419
35013128
35028708
35031595
35062973
35064565
35074515
35083636
35088374
35101966
35108117
35116581
35126051
35128576
35131594
35139179
35154488
35181322
35196389
35196392
35204171
35217793
35231301
35233372
35241625
35293764
35295173
35304668
35309920
35310852
35319996
35321078
35322726
35340217
35351946
35377811
35385310
35397636
35405309
35410889
35414500
35416295
35434560
35436025
35452863
35453403
35457148
35462099
35472309
35490208
35493265
35527654
35534866
35592113
35622139
35625714
35642843
35655066
35656980
35665767
35676269
35682879
35703091
35716086
35726081
35740379
35779635
35782392
35807002
35816228
35817175
35847360
35850487
35853497
35858925
35928028
35936771
35938214
35941647
35952859
35974143
35976064
35978938
35981264
36009428
36018772
36043585
36045117
36054930
36056066
36077697
36114192
36138194
36155068
36168425
36187354
36200848
36202842
36204227
36211372
36214784
36224221
36230732
36250347
36271142
36285562
36307864
36324028
36330204
36369902
36377725
36401888
36411371
36434091
36443711
36446524
36450249
36458417
36482934
36494580
36522403
36536137
36536485
36552804
36555781
36562344
36562806
36565657
36577792
36584745
36605588
36606197
36609875
36639906
36656812
36675278
36681682
36684559
36686718
36693952
36744839
36747801
36750145
36761166
36773463
36789688
36791204
36793247
36794533
36802400
36823181
36892683
36902044
36918662
36920646
36923886
36938611
36977438
36979960
36990154
36996739
37002970
37009792
37034645
37049739
37057894
37059183
37059841
37078299
37132640
37196826
37202394
37204479
37211600
37245861
37258467
37270087
37328543
37341821
37364105
37371108
37403092
37418142
37425776
37434402
37445914
37482421
37485351
37511290
37524688
37536195
37540188
37545183
37551034
37569255
37590133
37598223
37601281
37608691
37620594
37621640
37633946
37641273
37642806
37642813
37693512
37722005
37735499
37735908
37759534
37764276
37778694
37787041
37804474
37846480
37866630
37877395
37891556
37897175
37909974
37916984
37926281
37980559
37984604
37991197
37995531
38014108
38026979
38041179
38049063
38059296
38064011
38064171
38098337
38113258
38139808
38185059
38191532
38216638
38217935
38225743
38243078
38253120
38316294
38324689
38337007
38341833
38344200
38347626
38357802
38362155
38365113
38378644
38385857
38387701
38391912
38401302
38424547
38478261
38485506
38501467
38506031
38508474
38522752
38524843
38534316
38551497
38551774
38561112
38562715
38570080
38584209
38617518
38641311
38645195
38646149
38670239
38677529
38679407
38704457
38706891
38710054
38728187
38750717
38761632
38762624
38767703
38791951
38802496
38809020
38815668
38833837
38833990
38837873
38852754
38886056
38895287
38900475
38904854
38905771
38965546
38979878
39001533
39012939
39014275
39046788
39052477
39094673
39098911
39118792
39128642
39142444
39152726
39161777
39220129
39224538
39230159
39262709
39264423
39277848
39285415
39286779
39287444
39297643
39301490
39307291
39309438
39314306
39368040
39380576
39390804
39398230
39422242
39443601
39456892
39467210
39482975
39513883
39516580
39518045
39532855
39543939
39568178
39584324
39596338
39598690
39610278
39616773
39632743
39636745
39644112
39652619
39673684
39725220
39727396
39734277
39744818
39764000
39765117
39768163
39779397
39820212
39838818
39859288
39883854
39886257
39886806
39887960
39891664
39896666
39898257
39904859
39905109
39910062
39911025
39923106
39941730
39941828
39985056
39990423
39992718
40016060
40019712
40019803
40033027
40053038
40087375
40099394
40109867
