1903399
7476428
7476439
7833480
8120032
8550629
8670049
8973370
9012677
9042956
9070897
9299243
9576845
9642115
9748241
10072071
10098607
10364257
10381206
10540223
10758162
10779444
10802295
10843388
10864872
10961859
11145705
11224519
11278678
11435472
11445809
11581314
11907095
12067410
12176041
12176888
12370311
12391220
12468931
12471136
12509427
12912997
12917394
12960248
14564009
14564011
14623873
14676277
14988923
15073033
15169870
15170212
15326354
15474314
15528331
15749928
15759052
15802529
15812594
15814684
16098145
16157315
16243036
16275890
16582540
16582541
16772332
16987989
17227822
17483298
17575012
17903178
17922611
17954607
17975262
18056264
18068132
18191593
18217210
18374169
18467443
18579797
18583316
18662984
18849916
19028840
19118104
19123268
19151256
19328020
19376210
19555660
19625648
19649754
19801448
19919301
19955208
20007712
20065081
20176938
20407032
20804509
21084708
21110188
21167572
21378159
21419846
21444720
21576984
21606482
21680873
21712395
21740967
21900546
21964561
22014524
22018470
22081935
22106281
22411871
22634526
22844372
22902632
22992407
23085266
23613889
23850828
23875749
23898047
24399839
24488496
24770346
24880064
24970330
25180062
25512081
26016997
26799497
26812085
26892468
27425374
27542411
27834690
27837107
27936335
28129089
28665696
28759751
28817691
28954734
29056938
29895215
29897791
30021868
30062416
30271600
30399403
30654050
30723080
31071452
31279058
31364727
31382036
31389670
31491520
31919089
32198141
32341385
32542921
32636302
32814070
33188496
33298974
33309799
33570628
33676413
34681906
35331893
35354308
35368753
35395066
35596857
35689244
35778533
35895806
36059808
36190591
36212434
36459342
36462643
36617178
36779914
36933077
37017007
37214785
37749310
37829629
37837955
37860777
37879580
37997349
38168666
38194689
38410820
38516355
39020072
39212656
39235795
39275030
39479793
39596003
39980031
40026446
40028950
40072059
