9570954
10092526
10705376
11834724
12975363
15109494
15141025
15170666
15297144
15781618
16236763
16270825
16522646
16717288
17360504
18058226
18203022
18458109
19033885
19327148
19347880
19427512
19658102
20133210
20813759
21111057
21205838
21822267
22302683
22415235
22652533
22986143
23372765
24088786
24102485
24130102
24278037
25445424
26057125
26261251
27018825
27161866
27195665
27924006
28588062
28646019
28945288
29361001
29409816
30111881
30165555
30836272
30883040
31682005
32107557
32359370
33452952
33657816
33785725
33926482
34200360
34838098
34923718
35135167
35149617
35565380
35772246
35904444
36162851
36380687
36411032
36544182
37335899
37344587
37430391
37833926
38123987
38255960
38661557
38905575
39117461
39156943
39202057
39324947
39445568
