1581961
1620127
1620128
7026973
7528104
7587590
7624345
7625281
7634335
7635279
7642095
7651402
7768432
7851757
7892263
7897850
7956071
7958917
7988572
7989048
8066464
8188269
8194753
8233794
8341671
8358431
8370524
8456314
8479908
8550550
8552049
8595666
8610150
8617246
8628240
8635736
8650194
8668127
8668342
8668545
8670299
8692798
8692957
8703992
8725224
8756636
8769646
8812453
8816780
8823618
8852838
8910403
8921390
8929543
8943369
8969173
8996551
9003328
9008167
9012806
9016620
9021132
9065463
9071580
9077454
9126738
9135082
9159392
9163746
9171366
9192668
9202381
9254722
9271413
9298115
9311980
9311981
9321665
9330616
9335591
9353267
9354620
9380510
9396801
9405383
9407034
9417871
9427283
9430650
9441753
9450758
9450759
9450760
9461559
9466696
9512535
9520262
9523196
9560268
9571148
9590697
9611228
9628903
9628914
9634474
9660962
9697414
9705276
9718317
9721224
9724728
9780170
9811893
9826508
9826763
9831241
9862483
9880493
9885240
9915828
9916715
9930366
10069383
10082566
10197592
10209103
10212258
10224249
10322480
10330467
10344722
10373364
10390347
10438626
10446958
10448035
10466927
10490626
10493508
10506208
10507777
10511548
10525529
10526213
10545446
10551859
10557214
10565301
10572168
10583305
10619018
10648605
10660552
10666456
10698955
10747055
10748203
10807537
10843985
10851081
10851248
10856252
10871607
10908572
10938124
10944448
10970884
10980408
11002423
11005857
11030336
11030338
11080452
11093813
11094068
11124265
11154282
11160887
11166572
11226888
11238940
11239456
11248061
11256631
11258906
11266555
11278509
11283264
11290715
11292336
11292845
11301337
11331601
11350949
11377793
11380620
11398468
11420107
11436288
11436289
11437377
11454747
11459984
11459985
11459988
11504729
11535547
11574483
11580245
11641788
11691922
11714026
11782381
11801733
11812836
11829501
11839739
11839740
11839741
11861915
11867550
11923292
11935313
12037689
12049653
12065428
12077133
12117768
12118380
12139010
12147704
12169690
12171935
12192033
12192038
12205100
12226081
12239151
12359302
12359723
12390247
12414729
12442171
12447354
12453424
12488590
12504001
12566442
12577053
12606939
12650908
12673366
12687013
12697761
12706714
12712436
12748277
12748644
12748645
12749858
12750242
12801910
12810651
12811575
12818155
12826751
12887906
12897254
12912992
12917330
12941707
12955454
13679150
14559999
14575640
14576820
14580352
14599770
14612428
14612536
14690603
14698287
14704160
14704162
14718915
14724582
14726651
14755242
14765116
14993274
15033353
15036125
15056657
15066281
15087488
15095978
15138485
15150571
15165851
15192828
15215318
15226506
15235592
15257466
15259765
15304567
15330855
15336631
15359272
15452277
15454565
15465810
15467365
15489243
15537659
15590331
15590830
15611070
15657422
15670890
15671039
15687257
15703751
15713648
15723711
15756713
15782136
15785736
15827158
15834424
15878310
15897881
15899844
15902993
15908697
15914205
15933716
15937124
15944450
15956972
15965906
16005565
16033757
16079322
16154163
16165098
16186822
16193328
16210413
16261408
16322760
16326865
16357146
16382157
16388992
16398215
16415210
16427610
16432240
16477874
16511829
16513631
16516153
16572421
16596227
16600179
16624550
16624636
16644292
16687937
16721049
16723430
16762046
16765891
16780572
16782999
16783014
16785421
16818601
16828179
16831867
16837909
16843501
16890287
16902145
16914443
16914748
16919604
16920159
16920830
16921379
16979659
16990250
17001309
17007294
17030607
17050545
17090598
17093500
17118963
17118968
17123873
17180310
17207588
17263595
17301259
17302439
17332306
17351394
17385316
17417781
17426123
17483304
17495946
17502105
17507687
17513613
17515903
17515904
17544928
17549079
17549502
17567608
17616806
17639080
17666788
17707537
17709342
17719855
17767921
17802824
17889711
17921313
17942895
17947332
17996710
17996711
17999359
18003698
18003859
18039855
18042714
18056418
18079752
18173750
18202358
18202362
18243065
18243118
18316552
18317453
18337252
18343512
18347097
18348153
18377894
18381438
18398049
18413737
18417535
18429819
18429825
18430445
18439040
18512122
18535008
18544565
18570881
18581889
18617519
18618591
18632222
18632630
18755201
18756535
18761348
18794841
18834951
18840682
18923422
18927106
18929859
18974064
18982066
18992372
19001445
19004837
19010915
19033358
19037101
19060884
19066203
19074197
19097142
19106292
19117011
19122145
19133161
19136626
19139112
19139272
19140342
19150983
19157634
19165339
19176491
19217407
19253839
19285032
19303847
19327367
19329439
19336413
19426727
19427856
19428379
19445949
19447914
19495784
19505457
19540122
19545791
19546232
19549356
19549900
19555119
19587234
19595720
19605344
19622740
19628690
19632996
19657362
19666566
19671683
19745052
19747923
19799875
19838057
19875419
19884492
19942681
19956565
19960343
20002770
20004634
20011546
20042515
20080488
20122398
20133863
20147015
20169201
20188668
20189889
20194117
20197614
20206282
20215422
20227372
20299221
20348101
20358297
20371520
20396943
20403813
20454923
20461453
20602259
20623332
20625943
20640595
20684611
20686691
20713120
20729832
20729858
20729859
20803320
20804747
20817928
20855443
20864034
20871616
20878355
20890127
20920212
20935632
20979543
21056573
21064098
21076401
21097884
21103343
21104022
21107697
21110082
21113733
21123097
21149262
21149701
21151658
21168393
21227592
21239234
21290343
21296419
21296653
21307306
21317047
21331620
21363882
21363965
21372173
21375680
21397596
21409565
21428443
21483758
21501635
21537934
21543267
21558173
21570414
21576230
21601571
21615552
21653319
21660708
21670257
21704413
21708019
21719678
21725594
21729596
21732698
21738226
21740187
21744352
21773671
21779174
21789034
21807066
21810436
21857994
21858113
21893598
21900052
21900962
21903585
21915862
21926087
21998700
22008909
22013044
22020281
22033972
22066484
22073281
22077663
22102073
22114138
22115747
22139015
22174876
22190703
22213860
22222428
22274865
22275364
22305526
22325354
22362735
22375013
22380680
22399496
22405003
22439007
22487057
22488521
22492707
22505581
22573178
22579953
22580645
22587838
22589466
22611952
22613844
22634097
22645136
22665067
22705368
22705496
22729783
22761336
22761450
22778135
22789542
22860032
22865450
22935458
22955832
22964643
22977194
23065228
23065657
23069143
23075494
23091899
23123473
23161237
23180779
23200172
23222131
23231413
23266955
23285190
23318456
23319983
23341130
23383403
23384538
23401855
23404160
23460207
23552402
23561532
23563117
23570471
23574621
23575680
23575883
23591384
23624404
23625599
23631919
23666627
23666628
23677619
23678008
23703213
23726221
23757189
23770697
23795299
23798704
23801766
23868022
23935068
23939144
23955800
23977219
23978154
23994563
24005329
24005565
24021650
24040396
24046452
24056534
24059110
24060578
24065387
24078249
24084082
24086145
24108124
24114315
24124491
24130504
24173149
24189466
24210700
24223453
24244429
24304898
24339919
24367271
24375044
24457040
24465215
24469396
24475258
24486020
24525463
24568492
24576606
24576846
24577941
24583581
24599673
24615016
24616504
24627085
24662483
24722451
24741789
24753542
24762765
24781030
24798879
24808016
24811120
24817641
24844596
24847939
24859942
24871558
24930116
24943459
24971740
24991985
25035396
25053826
25086216
25110436
25115914
25124703
25142975
25145341
25165823
25173789
25175062
25197950
25200281
25208912
25210500
25285634
25288749
25310191
25313826
25346869
25354554
25365323
25380755
25395584
25401086
25414342
25417706
25467108
25470112
25488918
25499220
25539919
25556451
25566853
25585578
25612937
25617833
25640347
25650402
25699708
25712090
25733714
25743260
25747041
25753674
25765654
25778924
25811296
25813273
25820426
25842967
25874343
25876666
25932169
25932214
25964552
25995442
25995443
25996477
26019181
26108708
26117002
26119522
26123175
26131267
26138778
26140185
26176175
26186187
26194101
26212550
26215801
26230935
26253028
26315438
26317153
26339569
26369335
26387543
26396917
26405826
26406958
26452665
26507587
26516287
26522863
26595336
26600524
26617897
26627254
26650628
26670277
26681308
26699641
26719980
26720282
26752698
26811421
26816539
26834486
26858310
26871286
26885215
26890079
26921637
26951384
26954070
26980768
26992456
27049177
27052786
27068824
27084934
27113759
27131790
27153211
27170370
27173193
27224545
27225532
27230542
27234615
27239033
27304859
27362509
27368642
27416037
27419043
27449097
27462432
27479732
27483004
27487043
27495836
27499778
27507046
27513445
27525019
27533181
27544453
27556498
27566579
27590262
27596592
27660832
27671650
27677401
27678398
27685627
27694619
27694622
27697832
27725183
27726100
27733989
27743378
27781374
27794044
27797818
27830107
27838435
27867009
27892797
27903895
27923995
27941124
27941862
27989139
27989574
28000895
28018950
28030834
28034904
28057929
28058614
28076755
28079255
28094292
28099437
28133886
28139510
28173629
28175398
28178517
28190324
28191342
28236982
28242688
28267674
28315507
28320735
28334891
28359295
28376211
28405019
28461573
28466382
28476890
28477336
28502582
28512217
28545975
28551686
28566455
28571978
28575658
28610420
28616972
28627709
28667302
28729862
28735897
28745000
28749109
28757209
28757527
28759753
28797117
28836581
28841282
28889835
28912125
28922417
28962138
28969073
28976962
29020621
29036688
29061656
29080451
29100040
29111564
29156644
29162625
29212225
29216366
29240261
29241544
29254481
29290255
29309696
29323270
29340034
29346668
29382724
29398486
29458757
29458758
29458759
29458765
29463647
29467415
29472054
29478807
29481689
29483142
29507080
29534671
29551903
29620223
29635390
29654063
29673125
29681946
29749376
29789556
29807999
29893328
29952992
29985128
30018112
30021152
30024881
30027822
30033552
30082279
30144445
30171781
30182856
30183475
30188106
30190603
30201872
30223018
30229259
30244171
30271574
30272025
30282933
30283497
30289394
30297419
30304027
30358196
30377213
30383790
30406765
30422982
30448264
30463005
30478172
30483758
30517709
30638176
30660828
30740443
30817312
30829327
30834585
30863489
30872624
30894431
30900876
30907510
30909596
30916344
30926776
30936202
30951682
30957434
31005682
31064887
31069484
31092693
31114363
31114910
31119278
31142613
31186630
31190335
31225474
31235595
31238782
31275170
31277569
31284488
31302572
31371435
31375703
31383866
31386669
31492866
31506496
31518051
31541611
31562309
31562898
31575654
31618627
31632548
31638261
31640742
31731884
31749080
31750824
31775907
31781172
31790385
31834988
31844045
31865638
31875260
31886162
31889908
31900333
31943278
31973027
31993371
32001312
32012161
32029273
32037829
32054213
32063580
32083180
32090346
32124501
32142686
32190537
32204793
32243829
32289957
32294924
32301983
32316696
32345962
32350107
32368400
32399607
32402281
32404423
32417964
32457312
32458654
32460033
32474504
32482981
32502153
32528002
32554304
32588736
32601218
32606937
32609721
32610038
32621611
32631783
32652040
32653671
32663049
32670319
32719412
32735676
32749214
32772095
32785644
32790929
32800233
32830515
32840775
32866214
32911023
32938550
32944641
32968740
32984852
33015624
33057192
33057349
33185188
33202365
33222024
33248388
33314669
33332934
33357432
33358698
33417321
33421363
33421364
33433732
33446654
33453169
33493431
33531658
33539926
33593897
33662256
33667380
33677506
33709473
33715067
33731496
33748714
33785736
33822325
33842359
33847959
33916766
33919192
33921638
33947685
33952262
34009315
34021643
34043941
34058198
34067336
34097201
34108136
34112784
34115569
34157114
34190511
34203855
34207997
34208195
34208492
34262130
34296348
34298284
34316706
34319032
34320356
34332021
34336032
34356606
34389435
34407461
34420024
34456631
34508092
34520831
34533813
34545070
34556671
34571340
34576930
34627777
34630717
34632941
34648766
34680945
34716319
34730376
34732853
34741010
34771522
34772801
34776219
34782617
34786213
34819065
34831488
34871438
34913794
34935059
34937945
34958667
34974858
34978208
34998818
35001340
35021102
35042797
35061678
35061896
35110528
35137208
35176943
35216385
35217791
35220392
35230908
35245845
35249172
35279087
35290640
35292640
35316728
35332852
35356807
35359409
35365640
35372672
35399574
35409418
35425901
35425960
35434831
35454780
35502837
35502895
35513396
35540702
35548314
35597237
35646698
35652094
35713220
35727431
35729697
35816185
35819255
35840421
35875146
35917645
35939823
35954347
35955488
35969531
35978685
36002000
36007010
36054210
36058112
36058131
36070766
36098506
36099310
36139526
36232958
36261080
36343481
36344511
36361678
36361910
36400008
36403393
36415794
36418323
36421365
36428789
36508468
36510976
36513383
36536949
36548864
36647718
36690318
36698515
36702125
36702902
36717782
36727295
36735495
36747747
36749784
36761956
36778491
36795607
36797359
36807748
36833232
36837562
36842523
36851449
36868112
36906654
36951094
36966638
36976771
36990245
36995671
37007122
37070185
37080389
37081516
37097615
37104614
37154769
37175611
37190078
37216117
37230987
37239121
37251536
37271667
37306047
37308287
37318460
37330173
37331807
37333164
37347663
37364618
37370140
37391417
37421206
37439366
37499663
37504067
37515771
37522793
37526271
37528958
37541687
37550562
37556550
37558683
37563467
37572935
37583103
37591853
37593128
37605042
37619650
37633047
37645906
37661798
37679566
37725154
37763083
37786681
37798272
37798649
37805091
37808755
37861413
37891173
37919288
37924230
37924868
37973845
37988471
37993685
38007537
38016757
38051260
38057273
38063232
38075664
38081641
38084915
38095232
38133958
38142595
38159995
38194775
38248420
38258400
38286805
38293680
38296976
38302027
38323009
38334141
38360996
38372116
38405734
38427930
38442236
38459011
38466833
38466836
38509361
38520095
38525318
38546299
38561319
38577109
38584230
38597669
38607586
38612444
38649802
38654320
38705392
38725623
38740757
38766236
38772725
38800996
38803223
38807759
38828772
38834854
38840557
38845150
38915629
38935235
38970842
38988509
39023827
39071279
39082275
39084178
39111128
39116203
39128459
39142065
39145931
39147779
39151334
39161621
39169038
39174851
39178838
39186024
39205561
39239809
39242676
39292916
39315694
39333100
39340300
39345573
39352803
39359934
39410005
39414114
39420761
39483035
39504452
39520854
39557864
39574592
39611179
39621902
39629137
39636933
39638799
39647428
39677717
39713334
39731192
39738991
39786436
39809895
39863011
39893069
39898551
39905235
39923233
39923534
39990468
40056529
40063134
40083924
40087295
