9469824
11034073
11331762
11410366
11459987
11744692
11751636
11842112
11842113
11912211
12000837
12427746
12853621
12966089
14504227
14716019
15037616
15126333
15141025
15255153
15292210
15336628
15607741
15701685
16168000
16169964
16215984
16236763
16954385
17114795
17257630
17268176
17312021
17547768
18203022
19155299
19403737
19451272
19658102
19783859
20006733
20400963
20400964
20471405
20697805
20723205
20952512
21392410
21409391
21537932
21597919
21616938
21750962
21980511
21990120
22167183
22370629
22451500
22476429
22538716
22725699
22843497
22859673
23117857
23176254
23512992
23555887
23939025
24141787
24315737
24359560
24504028
24631219
24742710
24800917
24993905
25086635
25154786
25270124
25292178
25343521
25470109
25669972
26057125
26261251
26406419
26740214
26820992
27296891
27465554
27622768
27753535
28024868
28562599
28588062
28709830
28796317
28802053
28829762
28968015
29158291
29233532
29278735
29361001
29399538
29409816
29731842
30151275
30587560
30847381
30949688
31446535
31471380
31642493
31682005
31769258
31782267
31923208
32055267
32107557
32276467
32359370
32809180
32895148
33319852
33333735
33657816
33670479
33832919
33926482
34316715
34321239
34488828
34736042
34923718
35039523
35135172
35151910
35313928
35565380
35740625
36099300
36162851
36176748
36411032
36562461
36906610
36909564
37031326
37253112
37344587
37430391
37488098
37681281
38123987
38297111
38330859
38360632
38472265
38571839
38648056
38953104
39055334
39202057
39299233
39324947
39345482
39648652
39675559
