1283330
1492366
1603079
1612612
1832998
2402460
2711752
7494341
7584150
7642230
7774617
7806278
8112753
8154188
8321195
8521468
8620529
8625984
8637873
8676393
8777717
8787614
8790351
8861909
8953043
8977175
8977312
9019407
9036966
9089097
9094713
9166431
9228952
9234712
9271626
9379036
9464529
9535663
9587713
9671477
9697841
9723614
9727489
9742255
9754571
9851360
9885569
10066757
10226883
10330156
10373515
10390537
10446057
10471489
10490593
10493171
10586023
10601032
10601033
10630289
10635319
10678172
10891452
10892649
10948160
11106561
11121059
11123315
11172712
11238939
11279609
11313258
11313270
11417858
11479318
11520796
11585777
11606753
11684024
11739723
11745397
11756686
12098699
12196284
12241558
12456668
12488446
12551847
12629039
12644467
12655019
12682024
12686503
12878459
12897800
14499112
14576304
14581608
14670978
14671314
14726805
15012949
15176316
15242397
15242411
15249552
15254250
15288052
15308121
15336675
15514048
15845893
15890951
15898832
15899848
15971274
16018818
16061569
16276422
16505374
16527199
16531612
16547284
16701898
16876440
17028591
17075247
17307873
17366139
17470556
17554067
17579056
17826832
18056378
18223550
18234093
18281312
18380906
18408759
18592361
18768869
18785974
18806211
19011808
19118899
19126872
19180472
19192305
19232525
19233873
19246248
19317908
19324890
19333736
19396172
19458910
19500590
19502597
19524633
19603552
19647518
19830075
20035316
20040376
20053284
20122409
20185580
20398922
20525595
20846960
20956421
21115692
21149691
21184155
21256161
21293384
21574869
21599978
21617701
21622646
21624848
21625022
21695116
22044391
22157821
22266137
22335783
22420278
22507000
22796426
22830266
22882342
22907814
22942284
22964459
22970222
23085344
23122631
23136839
23150522
23321089
23325855
23440410
23502221
23716691
23755767
24037181
24122031
24332219
24333136
24368847
24415779
24472623
24498760
24583411
24786772
24798995
24815157
24817258
24827565
24936832
24973446
24985406
24996264
25104208
25117803
25135298
25431413
25572281
25676158
25707801
25739914
25745109
25842179
25847946
25849362
25853058
25883610
25903130
25928409
25976673
26115459
26124138
26153519
26163219
26303526
26548953
26557809
26689875
26742581
26887046
27018437
27056670
27284568
27298244
27301863
27436288
27559048
27609655
27713031
27808398
27832860
27975325
28083621
28179379
28213501
28216420
28374110
28552805
28619948
28620099
28775298
28790360
28837391
28910320
29067161
29100269
29107076
29135340
29537860
29688994
29734775
29743177
29800626
29856523
29925675
30017086
30105620
30208988
30226529
30458004
30538136
31204924
31210264
31313695
31333801
31348603
31388879
31457047
31578442
31632441
31770676
31822296
31838659
31907413
32047031
32078385
32078412
32129705
32144186
32493813
32644850
32676507
32736665
32839773
32886094
32920293
33075768
33320171
33735713
33899952
33954879
33955691
33987955
34056013
34105078
34136975
34224223
34260911
34322489
34402853
34535762
34622798
34644584
34646823
34648572
34699692
34889447
35157248
35379362
35583713
35886885
35948399
36032098
36166051
36326898
36335443
36382770
36497152
36583469
36675119
36709949
36732712
37088379
37195219
37269334
37567393
37629019
37661226
37724703
37944696
38022635
38062131
38240953
38324638
38467629
38923535
39026935
39032852
39044086
39046890
39056282
39062069
39067173
39103338
39115961
39269689
39303994
39367705
39454960
39720732
39940731
39989977
39990552
40107272
