10805743
10915763
11404004
12652298
12837267
15565467
15690371
15746153
15788730
17024248
17041942
17273973
17517686
18285828
18373405
19116176
19194460
19319603
20663924
20738874
21545756
21629438
21739587
21857958
21897445
22437844
22578325
23028815
23078968
23703963
24205348
24218365
24715852
24863970
24878353
25127133
25781356
25869926
26101253
26442755
26544804
26743651
27082237
27311559
27386852
27693255
27799067
27959582
28448442
28548639
28794907
29077507
29138588
29494847
29794985
30275311
30919975
31777937
32374864
32783930
34089220
34165569
34312488
34463714
34597396
34663915
35373511
35821519
35833697
36256819
36410433
36534813
36974034
37628566
37709746
37756600
37956053
37994247
38289192
38674394
39213791
39338155
39634244
39657659
