1310153
1337847
1486033
1668609
1679267
2030121
2220349
3519749
3782928
5279355
5974102
6171021
7504553
7507700
7534109
7536493
7680887
7682097
7723389
7858248
7967757
8194047
8401501
8674046
8747929
8956873
9087199
9115966
9434940
9624536
9737682
10221524
10421700
10673742
10792399
10897134
10913680
10942370
10992301
11425459
11776589
11929790
12206366
12505266
12550769
12689927
12842988
12885462
12935927
14562122
14566333
14592978
14652483
15096541
15161732
15218975
15339853
15550637
15710327
15743409
15769170
15899384
15988048
16044313
16080960
16311697
16341036
16502581
16631470
16757557
16797070
16875944
17008891
17252924
17301809
17613434
17708789
17712046
17934255
17960172
17993618
18221386
18290568
18294238
18328952
18377922
18493994
18552208
18603554
18941112
19029980
19036120
19052694
19061780
19100514
19142993
19162322
19189637
19362180
19451220
19624718
19626135
19808868
19893344
19901261
20155840
20189646
20224268
20359255
20455087
20513534
20544846
20574048
20609355
20633765
20804918
20845483
20957306
21120193
21156244
21190992
21234297
21364283
21453490
21529941
21613260
21750086
21859732
21949697
22018276
22056243
22056878
22090713
22167334
22205181
22383794
22402611
22406621
22407853
22573339
22644028
22692509
22948489
22982005
23056333
23064740
23159843
23208507
23271512
23287866
23292868
23318802
23320012
23370423
23455940
23509325
23607089
23627671
23751413
23782583
24131912
24344243
24460173
24561214
24588025
24673420
24720386
24763514
24872293
25052141
25119106
25126724
25197424
25223426
25258343
25284716
25300573
25369030
25464801
25493455
25583766
25629986
25692052
25723855
25790901
25815789
25915942
25944686
26026090
26088929
26294332
26342691
26374632
26375239
26420438
26471811
26537301
26595813
26656442
26754533
26920311
27029850
27030546
27148563
27193600
27263638
27302179
27390356
27626703
27694499
27708545
27740626
27872498
27899039
27911132
28025581
28028657
28030795
28035072
28053120
28114959
28183680
28238096
28287390
28314734
28342235
28385775
28416638
28496950
28529810
28599418
28699672
28760054
28821933
28838264
29030091
29237593
29350080
29387977
29530751
29550828
29872883
29921692
29947798
30030569
30289902
30292835
30328750
30335887
30339117
30377763
30421475
30536958
30585303
30665050
30680014
30689235
30760776
30806106
30954900
30971308
30992691
31085908
31204926
31343737
31350930
31447065
31447564
31489244
31555723
31662438
31679000
31715914
31809670
31896739
31905996
32033928
32117122
32182684
32242976
32243411
32323584
32354871
32381305
32414556
32602127
32657180
32735792
32909480
32924730
32953185
33120845
33204999
33247976
33298649
33428799
33614376
33650061
33943002
33983418
34042280
34230915
34249738
34254314
34298858
34405393
34432867
34543389
34551074
34657125
34936656
35049232
35074998
35198449
35297030
35347397
35420676
35427362
35572917
35639830
35704083
35780252
35854096
35882408
35957665
35995769
36101288
36121296
36130886
36168835
36169236
36198282
36212492
36345519
36351169
36404334
36452349
36469945
36477975
36665938
36713535
36729983
36759620
36776354
36880596
37152017
37280781
37314303
37314304
37356989
37495505
37571998
37598913
37624915
37655965
37717146
37833349
37855178
38028572
38098967
38131515
38153216
38182385
38294534
38304177
38312188
38410879
38434265
38468567
38532123
38648485
38682035
38704030
38883104
38979566
39017850
39046762
39113650
39343611
39380948
39491447
39596602
39606904
39609596
39622167
39766302
39836190
39844766
39858554
39859217
39917515
39983462
