10998413
11965544
12762840
12795841
15109305
15145946
15753381
15907802
16125301
16135822
16316825
16329043
16757333
19454503
19478941
19795445
19821102
21036752
21643015
21822036
22139571
22701175
23357313
23888343
23979608
24327924
24938434
24980613
25665470
26125908
26549256
26754001
27230238
27384977
28026816
28069272
28449010
28454432
29778234
29851970
30571844
31239162
31547587
31578881
31595551
31623109
32017063
32104074
32949393
33292299
33456666
35032689
35528814
36177104
36584330
36648833
36723232
37147256
38493147
38493315
38589218
39022053
40004552
40069841
