1350208
1352398
1352883
1381957
1385853
1423318
1456305
1470178
1490389
1524989
1561113
1577465
1662795
1732054
1884351
1968790
1999343
2216456
2569269
2601691
2765366
2838158
2898730
7507704
7519047
7526887
7605581
7666401
7675457
7704558
7759085
7795591
7881418
7927327
7959682
7972238
8031579
8049153
8071962
8100222
8110876
8178820
8220069
8258302
8286200
8344484
8344490
8361753
8364580
8378092
8378351
8400245
8565644
8570221
8599583
8605116
8616837
8651278
8651599
8666413
8776589
8808691
8825626
8983285
9090563
9134545
9192978
9199583
9245987
9285561
9311732
9341870
9400934
9402965
9465946
9486820
9559293
9563492
9614909
9674275
9716009
9793651
9935169
9973307
9989935
10023301
10193322
10196709
10197629
10326587
10338096
10414500
10502774
10533490
10581351
10612248
10631148
10671068
10700868
10728677
10803523
10812163
10862099
10882758
10991691
11004671
11103795
11108660
11125419
11204276
11277399
11317357
11317369
11333669
11380400
11455690
11480772
11491084
11498850
11524739
11568901
11571558
11668642
11764090
11850849
11919466
12011162
12016586
12145697
12163359
12173465
12187430
12210086
12391839
12402348
12419581
12541220
12556968
12845670
12886318
12955724
14499701
14533007
14586645
14625809
14631100
14651550
14660307
14722923
14726655
14735589
15139006
15166261
15214647
15477586
15480874
15591264
15605413
15750587
15763650
15776430
15790699
15798281
15881662
15884040
15892297
15933756
16127685
16175083
16213365
16225399
16269091
16315642
16343894
16402033
16463005
16570290
16614728
16682285
16685266
16808635
16865226
16972022
17034532
17047088
17099872
17278226
17286450
17299438
17318405
17330805
17332242
17369843
17472278
17490733
17642181
17702869
17960112
18000883
18097988
18181215
18211953
18262051
18383208
18386058
18478121
18503160
18509746
18630686
18677770
19020086
19137728
19192054
19280657
19341623
19437535
19640284
19888451
20059380
20090211
20226061
20551090
20596833
20614030
20627193
20648557
21203526
21295686
21447152
21464947
21470325
21502814
21513159
21540641
21567202
21615945
21654082
21674866
21717524
21725359
21763628
21851601
21887929
21906182
22157621
22205104
22219649
22303805
22581272
22619677
22730229
22787429
22909775
22931654
22933911
22963398
23099789
23224327
23233783
23276293
23301675
23315497
23359405
23370776
23407622
23441118
23498719
23532519
23715307
23886646
23960888
23981575
23981928
24078560
24089198
24225018
24231354
24265703
24269417
24281253
24282159
24282601
24347427
24433316
24509483
24688104
24735260
24788530
24791139
24798001
24800165
24838394
24858910
24888624
25046224
25424699
25446844
25579178
25585568
25602518
25684524
25928201
25934692
25959802
25999316
26032781
26084579
26117602
26160835
26318986
26396485
26397180
26503016
26529363
26539030
26647789
26647907
26743471
26753011
26763876
26867682
26914665
26925970
27036041
27105536
27121059
27124644
27126562
27155049
27308363
27344175
27401552
27458253
27507850
27571409
27726102
27793841
27873319
27879208
28006913
28028119
28059098
28059768
28105225
28193182
28210099
28234347
28242412
28253504
28300839
28331555
28374137
28390395
28401291
28414317
28571124
28575107
28606269
28716024
28719514
28780672
28803391
28807343
29099630
29120753
29191971
29217619
29236940
29246572
29261756
29271997
29286867
29304157
29316657
29353061
29370655
29414415
29434855
29463559
29468538
29468539
29468540
29468541
29468542
29518612
29568217
29579639
29654756
29682192
29727601
29733964
29750576
29851531
29914980
30053065
30151703
30200599
30242024
30250511
30257982
30303478
30312872
30373917
30373918
30553611
30584916
30636860
30667073
30674657
30680063
30704524
30733830
30737214
30744497
30784300
30822236
30908293
30996590
31010837
31060523
31138663
31145688
31174843
31176618
31228622
31238254
31278009
31351207
31404748
31439587
31568710
31615938
31640438
31645891
31683923
31796516
31806026
31915449
31930396
31959334
31959344
31997559
31999365
32013999
32019859
32047284
32075943
32086342
32139107
32197890
32212199
32218800
32222358
32265224
32268247
32277725
32434110
32460015
32694611
32799607
32800346
32818633
32821266
32826278
32826891
32835838
32862607
32929406
32971811
32974172
33015533
33037191
33037780
33058920
33235907
33258708
33270844
33279272
33299560
33375764
33456302
33456709
33466343
33493472
33534414
33591981
33670346
33683975
33751708
33767253
33802620
33827698
33830464
33876327
33879103
33946229
34065204
34131647
34132945
34145257
34177933
34190019
34221826
34277001
34294873
34336010
34359636
34445161
34456592
34478740
34525987
34532128
34573300
34627261
34645364
34680218
34850045
34862364
34862716
34873472
34900190
34952640
34975152
35001307
35016432
35034043
35179959
35299734
35340648
35367201
35378311
35406559
35409416
35410579
35412101
35420053
35445864
35565295
35725469
35729105
35752713
35761036
35812732
35821675
35938543
35959877
35960463
35964818
35969010
35984874
36071033
36071276
36075957
36077736
36098066
36110997
36124964
36173648
36175480
36206128
36206476
36245757
36247821
36308711
36376284
36513743
36583000
36636695
36644456
36647795
36720791
36735656
36807750
36810856
36849151
36857183
36916769
36928314
36982482
36989729
37041423
37102302
37126387
37182173
37191489
37214588
37264960
37298606
37345682
37435411
37441425
37541786
37559881
37593416
37596842
37602348
37604323
37606819
37645609
37682130
37739954
37781033
37873210
37900191
37917406
37917619
37922949
37932244
37932687
37937640
37967200
37986741
37990697
38006838
38094843
38133505
38154915
38233864
38289962
38309505
38310203
38316605
38321554
38335663
38341497
38351343
38352340
38429210
38452707
38468443
38482719
38528594
38588252
38612869
38637503
38672640
38704498
38716944
38736106
38772617
38781347
38798252
38837893
38897371
38897452
38988206
38994537
39003201
39089006
39113611
39191604
39234041
39239764
39266905
39279246
39327909
39342657
39351198
39384216
39443629
39477439
39482977
39493168
39502104
39527697
39556303
39596402
39664374
39669595
39778672
39801239
39815333
39821672
40019206
40070134
40105554
