7725102
8627785
16873269
17938243
18198335
18836481
19287095
19641016
19828801
20398665
20499347
20574714
20691157
21420948
21510873
21518914
21737748
21839069
21871448
21873209
22232070
22275127
22718343
22792167
22883147
22991339
23110206
23303788
23651858
23826407
23921886
23958593
24167718
24370451
24374627
24586644
24603501
24631193
24971735
25145360
25209249
25324571
25406395
25512468
25589461
26202358
26318021
26604133
26655998
26719268
26751214
26940862
27079877
27322055
27322058
27346359
27357444
27427944
27466498
27496872
27904763
29030483
29057904
29242273
29931229
29971915
29977079
29982594
30061220
30075508
30134068
30254149
30501048
30596653
30642633
30673607
30856484
30916347
30962454
31031137
31086586
31165749
31249304
31346210
31615108
31632061
31636466
32075915
32415085
32567455
32780108
32885530
33034023
33311552
33387451
33389283
33569384
33775255
33816238
33963183
34332184
34332624
34409556
34484646
35013102
35069510
35368029
35631382
35674895
35701858
35716334
35787922
35844785
35848919
36129980
36147294
36200806
36208372
36410068
36441145
36477367
36717584
37047268
37051908
37154711
37543088
37884623
37957143
38537807
38659780
38761249
39002703
39350019
39725730
39764424
39890825
39893191
39901144
