195816
202392
319345
323219
334732
342707
345202
348275
352487
352500
355056
355057
357424
362163
365354
370095
374393
394820
775099
779827
782722
783121
799246
799247
1367237
1899866
2005134
2187073
2423847
2433424
2542299
2556396
2695389
2844820
2961154
2981798
3070008
3071739
3513732
3543293
3902801
6090395
6110161
6174501
6195522
6257637
6348473
6352685
6427205
6768741
6791707
6986324
6992274
6998477
7031711
7603567
7623820
7646316
7659084
7739892
7744006
7765912
7791759
7823953
7852340
7886940
7928955
7935378
7935437
7935451
8035811
8071349
8108414
8125346
8139561
8207232
8321192
8441377
8546707
8562019
8570223
8626413
8631718
8631867
8676748
8709216
8759854
8798655
8825780
8857269
8918242
8971006
8979371
8986716
9047386
9053449
9101089
9120401
9135156
9185577
9195998
9223487
9256493
9261164
9268377
9294445
9315679
9333018
9383190
9399941
9417120
9621019
9696759
9788595
9792644
9794384
9831247
9835032
9918209
10075983
10077625
10085110
10092088
10224130
10336463
10368159
10373529
10375643
10415075
10467400
10473604
10490645
10496024
10518539
10652273
10669740
10671503
10702415
10725385
10747850
10772825
10777712
10801482
10809717
10833421
10845913
10849440
10884036
10894954
10938077
11034279
11035014
11101508
11114727
11123674
11133950
11168807
11259436
11290773
11344157
11368442
11443101
11466381
11521190
11523242
11532196
11545276
11564889
11591705
11673421
11679977
11717294
11741845
11747334
11751513
11775058
11790730
11800013
11805150
11956654
11971183
12027803
12081964
12133409
12134007
12135392
12140289
12224565
12242502
12350227
12417721
12419222
12434003
12456660
12509469
12552141
12578565
12606945
12615723
12618429
12657634
12663663
12700228
12714587
12759443
12827408
12837981
12881425
12896985
12949113
13129942
13129947
14530314
14599550
14600157
14660585
14679243
14690596
14691478
14724177
14750024
14963024
14977948
14991544
15053867
15053878
15066282
15079071
15133110
15140884
15155458
15155743
15190199
15199053
15199130
15212763
15226358
15248768
15381247
15385461
15464601
15484295
15485852
15492243
15506973
15545056
15556937
15557193
15611068
15710339
15728466
15747836
15774887
15845545
15876188
15920533
15923614
15936895
15955104
15964800
15988014
16027734
16081638
16083290
16105840
16135789
16192349
16275766
16332260
16382138
16385069
16424027
16457746
16477006
16485035
16497702
16531115
16622243
16625057
16645640
16696685
16769540
16829531
16840782
16926151
16960103
17000776
17008051
17012367
17041012
17041221
17074860
17079333
17096024
17097317
17158457
17159291
17167080
17233676
17237440
17301240
17302820
17308107
17310243
17317104
17513724
17525529
17525802
17570221
17595324
17622249
17650800
17707233
17766416
17872376
17899287
17904523
17947640
17951382
17982049
18021261
18025230
18034190
18035048
18037904
18040287
18059344
18070609
18095109
18191642
18192416
18200059
18201273
18215193
18215660
18250470
18263619
18296517
18310021
18314621
18362147
18362169
18389481
18424438
18464930
18469200
18535838
18550535
18631125
18636537
18701687
18782563
18823280
18996989
19003818
19016262
19019440
19046417
19058135
19064995
19087315
19088029
19094066
19103749
19128834
19135383
19147572
19168615
19201871
19254740
19262565
19289499
19303015
19339690
19342670
19433587
19447912
19458474
19483084
19487661
19549902
19591457
19608607
19664134
19679599
19683540
19701461
19706600
19706715
19710460
19751727
19762448
19779484
19911008
19912635
19931510
19957349
19996305
20001340
20001970
20048074
20124457
20145242
20160011
20212088
20406971
20482821
20581184
20585448
20610653
20617556
20639196
20729202
20826731
20829285
20855265
20875659
20969857
21041296
21042790
21071440
21094161
21131967
21138578
21187904
21209118
21216972
21268019
21270162
21283133
21300770
21310030
21344491
21350211
21368872
21395185
21410133
21419662
21450812
21461674
21502374
21518757
21531792
21533024
21550382
21593200
21593732
21598036
21660047
21674537
21706061
21734268
21737676
21742773
21763242
21763286
21765477
21816815
21858139
21887328
21900162
21929290
21983014
21996739
22043790
22130545
22138107
22249179
22253291
22261743
22262690
22304778
22334708
22391342
22393021
22404381
22466650
22496479
22510965
22526597
22649547
22666436
22679107
22715377
22740410
22761446
22778096
22814757
22842493
22891766
22971966
22982211
22996371
23002344
23027940
23041330
23049704
23069812
23129390
23144749
23269273
23296075
23449392
23482348
23562811
23563178
23636254
23637609
23667235
23667654
23670180
23686307
23771139
23812431
23874387
23877429
23963448
23972614
24019758
24042463
24056880
24067439
24067962
24127607
24243637
24265774
24360910
24523406
24553141
24562983
24587943
24591377
24632303
24643076
24739902
24742714
24807716
24838666
24860143
24860792
24908679
24943751
24957606
24957759
25007875
25074812
25119989
25144719
25159141
25188023
25228236
25232110
25241781
25331430
25388523
25400040
25438737
25486460
25609694
25713326
25725099
25736761
25757558
25844669
25868613
25893293
25893721
25899641
25939852
25946967
25952688
25956048
26021349
26038580
26046794
26172294
26178921
26183023
26187636
26241037
26344618
26348541
26371761
26375985
26394554
26405173
26450927
26460486
26463447
26474045
26476452
26480956
26546752
26561547
26588041
26729520
26801246
26853469
26887983
26981373
27051065
27062711
27068879
27121356
27203220
27226493
27255540
27454293
27454298
27466442
27503790
27556362
27558436
27632526
27649781
27662828
27721021
27793942
27830706
27867319
27917510
27941215
28049149
28066723
28077651
28115345
28157202
28213656
28248815
28283022
28295567
28358376
28465487
28497290
28586003
28600438
28643395
28754773
28818856
28831588
28935669
29023799
29038521
29044191
29063976
29139553
29161788
29167229
29222016
29251177
29266023
29305315
29350470
29354850
29390134
29441718
29477583
29624163
29625042
29625198
29655870
29708732
29748238
29786670
29872577
29935959
29941017
29949764
29959281
29968158
29985927
30027327
30029010
30057418
30082413
30105138
30123210
30150770
30159261
30166344
30182612
30187949
30225173
30319196
30325077
30344954
30362505
30464804
30467308
30496749
30497068
30514397
30515820
30553016
30628021
30631904
30670829
30744817
30844390
30862497
30894909
30937967
30962824
30968189
31043529
31048505
31068940
31084869
31115487
31140921
31160364
31248140
31257297
31271899
31277415
31281825
31299491
31308481
31351496
31363026
31363162
31382678
31393268
31400173
31484794
31507571
31561751
31587407
31676369
31730277
31749798
31809875
31816875
31981416
32020910
32042800
32090858
32101750
32111759
32184768
32199621
32229531
32277133
32282366
32319559
32325032
32354985
32364285
32488046
32509846
32514758
32554052
32637582
32754892
32815642
32872142
32909151
32969189
33021523
33033550
33059262
33067267
33089303
33095338
33097627
33099686
33166679
33224116
33230458
33266352
33314666
33411212
33438746
33459422
33481105
33482470
33515321
33550900
33576087
33579076
33637015
33685482
33685520
33690230
33710605
33741710
33790389
33817258
33883550
34044883
34112753
34129225
34155144
34174184
34262338
34323689
34389065
34430612
34445612
34507448
34523176
34558124
34583839
34603014
34624482
34626929
34639007
34646242
34719869
34725994
34750358
34786068
34867383
34873489
34927768
34930252
34935430
35042871
35128406
35131506
35166167
35176168
35222463
35238978
35269913
35305640
35396527
35402225
35412596
35422789
35453507
35529852
35563720
35640920
35702106
35812178
35852178
35934050
35981264
35986385
36039423
36201637
36240065
36273237
36291831
36445360
36445856
36596765
36602602
36625422
36653597
36744132
36789977
36820829
36926348
36937293
37091035
37095705
37108595
37149089
37216503
37273177
37311878
37312126
37337244
37437195
37606187
37778730
37790465
37793472
37892820
37925598
37929446
38034675
38136210
38245770
38270298
38284203
38328371
38338683
38349158
38367599
38397129
38409852
38452206
38483906
38499959
38504985
38524524
38563819
38606536
38617560
38625951
38658979
38713619
38748197
38794813
38821064
38879753
39080804
39111583
39133272
39137024
39222756
39244523
39244726
39292167
39327549
39357826
39411157
39411158
39412374
39467851
39483891
39498383
39539970
39596071
39704321
39753783
39758288
39762990
39764539
39781712
39821576
39826269
39877717
39887183
39891142
39895937
39910053
39929805
39969016
39977441
40083243
