326765
342488
1588976
1732739
2990907
3019679
6162075
6260745
7760806
7834753
7845467
7898917
8076601
8183565
8269849
8441398
8524658
8570223
8879226
8892630
8916970
8921937
8939986
8943389
9058787
9070378
9104822
9164938
9209490
9250151
9286336
9362453
9378953
9417120
9442375
9521061
9881974
10227387
10510387
10523657
10540217
10602492
10765923
10940877
10940923
11027342
11274135
11489970
11529676
11642603
11687592
11753650
11753998
11781828
11799186
11940117
11992002
12077244
12193222
12202396
12505990
12657634
12709443
12717418
12727647
12810685
12874295
14507914
15265917
15315978
15470505
15596805
15768033
16081776
16107733
16154093
16192349
16239345
16260626
16261162
16457746
16546732
16551621
16716309
16810633
16902410
16951372
16960152
17008396
17023558
17077005
17259146
17275222
17322371
17327399
17336617
17367745
17369819
17442929
17446175
17476277
17604335
17641044
17681673
17823304
17869269
17889723
17900530
17996728
18321863
18322009
18413714
18462924
18463795
18501926
18505785
18596915
18620544
18688039
18697742
18723484
18782515
18955032
19020113
19038457
19087315
19098713
19174004
19297318
19351823
19373868
19424026
19433448
19655301
19690169
19712680
19747491
19768385
19903458
20130363
20371728
20460684
20649549
20686703
20728434
20844054
21062507
21071440
21153320
21191180
21217772
21310030
21419662
21469094
21640702
21703398
21873235
22065573
22172711
22266276
22287708
22395283
22396550
22464914
22545247
22734038
22777360
22787206
22880094
22894897
22940098
22968463
22974663
22994043
23086447
23196258
23394901
23451236
23485337
23547379
23555623
23564509
23625948
23665206
23922380
23999131
24042463
24056880
24108273
24115294
24418031
24472607
24488495
24524692
24616021
24752502
24839547
24985177
25239812
25245083
25267645
25370388
25404738
25409035
25511695
25681350
25788857
25794352
25794633
25831079
25843371
25926400
25943190
26115685
26287732
26307012
26378077
26385063
26455434
26463648
26492375
26739459
26773039
26806881
26824492
26851215
26914709
27121503
27153093
27385983
27525719
27641334
27678221
27711077
27764181
28008183
28108513
28254546
28348230
28507099
28552761
28578354
28690613
28955803
28960101
28966239
29050819
29146913
29298831
29358699
29371965
29484139
29485182
29541209
29658079
29730722
29872433
29983639
30037996
30040915
30053873
30140390
30241541
30445013
30473630
30488488
30800127
30957303
31048505
31142741
31151139
31277415
31289510
31362762
31399573
31476634
31578269
31586084
31612319
31618101
31681271
31881915
31930029
31938112
32044112
32145043
32163759
32203192
32306539
32477831
32552667
32607691
32622933
32793229
32807176
32881382
33074124
33791233
33991110
34047463
34198987
34232979
34305908
34348774
34595235
34608221
34926668
34933092
35177112
35203557
35487218
35742868
35851541
36110848
36214671
36313114
36402602
36863451
37388242
37460023
37615218
37835430
37916976
37924094
37931715
37944384
38139378
38705503
38873613
39164890
39214841
39231201
39413971
39415352
39443450
39507454
39861997
39910816
39929805
40059807
