278504
278517
1218306
1437145
1457350
1542652
1682880
2000227
2249730
3987150
4239672
6923196
7478523
7478601
7495277
7495285
7519046
7529046
7536460
7546733
7559572
7559902
7563185
7566982
7575334
7577368
7581377
7581978
7585643
7595167
7595168
7595170
7596047
7608256
7624117
7624118
7627269
7627271
7629379
7633441
7641404
7643365
7647468
7647787
7680024
7704557
7705835
7731689
7760237
7780793
7784092
7815416
7824936
7835899
7845675
7849720
7852530
7860065
7864888
7867726
7874109
7881414
7881435
7883791
7902707
7904208
7906417
7906866
7907913
7909818
7911697
7913169
7913936
7914034
7914213
7915065
7915165
7919923
7943181
7951212
7959702
7981703
7985085
7987299
7987334
7997019
8000915
8018563
8057415
8058316
8069319
8093642
8099202
8103403
8114938
8114939
8290261
8319199
8353035
8370792
8494786
8545102
8550789
8556059
8556060
8557249
8562477
8570194
8579892
8595427
8600671
8609764
8616528
8616867
8621380
8622903
8625130
8626874
8635999
8640806
8654369
8670046
8675600
8675603
8689603
8707923
8718519
8729519
8732460
8733882
8734283
8736281
8757765
8761374
8765374
8768845
8776023
8782503
8783101
8786083
8791480
8797874
8798576
8806699
8806700
8807338
8810737
8825918
8826440
8829625
8835594
8849577
8853904
8855235
8855832
8872055
8882403
8884827
8895732
8896568
8896569
8901418
8909322
8912182
8917360
8918855
8934550
8964826
8968758
8976870
8981969
8984233
8999923
9000574
9001272
9004037
9009838
9012462
9018112
9035202
9043870
9045887
9047383
9067749
9068588
9070340
9075701
9090527
9094027
9094028
9096393
9097963
9108413
9111992
9111993
9126763
9137354
9138245
9143934
9150387
9150704
9160884
9167949
9167962
9174404
9177201
9179691
9191060
9192845
9215674
9223675
9238292
9242375
9245348
9247627
9247948
9259198
9262059
9263528
9284737
9288142
9294615
9301617
9329372
9344360
9360560
9368476
9382998
9384613
9393766
9426223
9438393
9443391
9447290
9452023
9452046
9452064
9452077
9467562
9474864
9478934
9482114
9497256
9497878
9498388
9502784
9508203
9516913
9516975
9519873
9539247
9541448
9559344
9565426
9573403
9584172
9589668
9600247
9607728
9617347
9620546
9621513
9637472
9677065
9681851
9688643
9690518
9699127
9700200
9700574
9703361
9704933
9706252
9727201
9727738
9732293
9736899
9747064
9754357
9760196
9761126
9768676
9777362
9794240
9795529
9811335
9814501
9818022
9824378
9824583
9840920
9850089
9851750
9851769
9858145
9868525
9879991
9880212
9883723
9890001
9935163
9950371
10022819
10023033
10023663
10024437
10027004
10027005
10027006
10068631
10076558
10076570
10090908
10095809
10220148
10225670
10233387
10235148
10322634
10323403
10331988
10337992
10367632
10369300
10372725
10374185
10380889
10380959
10392193
10401675
10408842
10426588
10439047
10442282
10458257
10458491
10462620
10463581
10484767
10521317
10522989
10526879
10528857
10539905
10549772
10554981
10566678
10571821
10572187
10575840
10589793
10591552
10597232
10612852
10614534
10618407
10622534
10646664
10646792
10652334
10652352
10656692
10675479
10679286
10686949
10741739
10772255
10773666
10774729
10777360
10790203
10803600
10811228
10812967
10821536
10821640
10822219
10822229
10826520
10849090
10850414
10850426
10859088
10871866
10876191
10878547
10882153
10915003
10918602
10919641
10921886
10922382
10931090
10946353
10947080
10951350
10953992
10976108
10980580
10980597
10982477
10998441
11002419
11016655
11038208
11054558
11069217
11073534
11092979
11096158
11103773
11114633
11114642
11114739
11117781
11121157
11121408
11149622
11156407
11187163
11227733
11232007
11237712
11241313
11269881
11279350
11280716
11295841
11298625
11302967
11313992
11316186
11318605
11328649
11331212
11351254
11360177
11360200
11371032
11375311
11376404
11386462
11389085
11390647
11423973
11429053
11436122
11438491
11443191
11445581
11463498
11491658
11494127
11502837
11520496
11536047
11544105
11562352
11564179
11579677
11585664
11589306
11589684
11606488
11641220
11673360
11685702
11692159
11704822
11707626
11709725
11713247
11719874
11720878
11732489
11742034
11746981
11747322
11753660
11757244
11773601
11779046
11783847
11786418
11788677
11788678
11788682
11807785
11839664
11845976
11846482
11861385
11883863
11886862
11896605
11900218
11927965
11932300
11932334
11935126
11938683
11944888
11949835
11950855
11953175
11955539
11956105
11973622
11979448
12016484
12019403
12050290
12056817
12057919
12063395
12072055
12075413
12085189
12086152
12087092
12095936
12102626
12107109
12114682
12114728
12114746
12116277
12123817
12161537
12162676
12165857
12176011
12182057
12182058
12182064
12187076
12193298
12205548
12214285
12239580
12355085
12399307
12406571
12409662
12410354
12439935
12444552
12445133
12457448
12466368
12474140
12490841
12490842
12490846
12499271
12519890
12527893
12528189
12566528
12584999
12604374
12608895
12632375
12637586
12652644
12659362
12668617
12670889
12673960
12679489
12690093
12690476
12694233
12702567
12720173
12734540
12738763
12746565
12755958
12757658
12767512
12771945
12788868
12805663
12841548
12853977
12865274
12869215
12872262
12881713
12881714
12884527
12915470
12917638
12930027
12937150
12939698
12941793
12960220
12963982
14500395
14512966
14514671
14517954
14518256
14526122
14530259
14534528
14555660
14555929
14557473
14557476
14559146
14574988
14586073
14600022
14602786
14607833
14611677
14618242
14627689
14633923
14659090
14666655
14668719
14668737
14711813
14712216
14712226
14750392
14760839
14870776
14981541
14984475
15013219
15041969
15044950
15080300
15119004
15129804
15138456
15142370
15148813
15164440
15170542
15172989
15184865
15184868
15203751
15223972
15225646
15231654
15233556
15240641
15240649
15240784
15242684
15242795
15251615
15265706
15265820
15271413
15273715
15277225
15292360
15297606
15302866
15316058
15320968
15326486
15326489
15326638
15328070
15331579
15345114
15350277
15350625
15351743
15356019
15356021
15361307
15363330
15368067
15378648
15386323
15455293
15472167
15472223
15502856
15517481
15523405
15531548
15531714
15541311
15548547
15579773
15579915
15583857
15588376
15588381
15588382
15592804
15643606
15657578
15671095
15677445
15691764
15693160
15699703
15709206
15716612
15717653
15741265
15744028
15753368
15753666
15759212
15761501
15763659
15769183
15771616
15776290
15781269
15785245
15796028
15802236
15805159
15829955
15834508
15837424
15841388
15844786
15855933
15858153
15859312
15867345
15870131
15875728
15876154
15883706
15907835
15933516
15940252
15947106
15950322
15956201
15978587
15979200
15982921
15988377
15994200
16007166
16015630
16028414
16029119
16040858
16048500
16053382
16091499
16118333
16123037
16127999
16144862
16153436
16158949
16181547
16186106
16203990
16209058
16230779
16237148
16254036
16256137
16269442
16275981
16294336
16331264
16334022
16343097
16343103
16343738
16356097
16357163
16384843
16388093
16391329
16405408
16412353
16418724
16419493
16424056
16441254
16443855
16448984
16452504
16469774
16481266
16483615
16484222
16507829
16525712
16532227
16534860
16551863
16555159
16556802
16569669
16571096
16595592
16596053
16630482
16634961
16641909
16646689
16649977
16705552
16712668
16732321
16736292
16757533
16758654
16767674
16772343
16772843
16773224
16778204
16778787
16782438
16813162
16817830
16818057
16818623
16839263
16839264
16843637
16847065
16849418
16849421
16868135
16877807
16928683
16929368
16945332
16946010
16953232
16954442
16960675
16979782
16986122
17019434
17032739
17036197
17047083
17049487
17062879
17063805
17065462
17065770
17091122
17102091
17108110
17108762
17167516
17183535
17185892
17188172
17188173
17191391
17195637
17209045
17210721
17213820
17220349
17222251
17260470
17270245
17270543
17270807
17295463
17308359
17316110
17322904
17325415
17334087
17381488
17384210
17384213
17388787
17397038
17431108
17440194
17459808
17464312
17466010
17471236
17490619
17499504
17527003
17540362
17554617
17555548
17560241
17573284
17573899
17599050
17605401
17605402
17610518
17623957
17625109
17638907
17639056
17639057
17655865
17663753
17663821
17664273
17672459
17704047
17709622
17718263
17727338
17761947
17786355
17877758
17884497
17891236
17895320
17900235
17916994
17923033
17934909
17939859
17954023
17954268
17970769
18004977
18031721
18056810
18058472
18062802
18063059
18073307
18085609
18089803
18089807
18206480
18209889
18226854
18248647
18248648
18252215
18261274
18273880
18282654
18284634
18299477
18316595
18316596
18322301
18331611
18363967
18364248
18365214
18393128
18402529
18408749
18436021
18436345
18438890
18445656
18495576
18498667
18502331
18508109
18509003
18519677
18542059
18542111
18583418
18612588
18652760
18661771
18665368
18668157
18676765
18726603
18751369
18752792
18756447
18757433
18771606
18772120
18794325
18805915
18820179
18845535
18845906
18936155
18970938
18974143
18976163
18981453
18985036
19002129
19014364
19018781
19027225
19028457
19029224
19053769
19057948
19060924
19062722
19075852
19107227
19138047
19138318
19145771
19147513
19147753
19177457
19183406
19186126
19201392
19208736
19223551
19226610
19232840
19293593
19306327
19306335
19320641
19366855
19369650
19399650
19401695
19411807
19472011
19475497
19478429
19487296
19495791
19499987
19509066
19522829
19522830
19543246
19551609
19556619
19561646
19594760
19594765
19638924
19666486
19674373
19678735
19725779
19745057
19767587
19823860
19826964
19834765
19841562
19853745
19884740
19900702
19903742
19934298
19957232
20012784
20013610
20039896
20080836
20083156
20089534
20101222
20103606
20109166
20117004
20119574
20123584
20127563
20142552
20152359
20160347
20201982
20205103
20210798
20235151
20237269
20347960
20369307
20373984
20380254
20387655
20395301
20407648
20409618
20415234
20422010
20424115
20444924
20454948
20456320
20463576
20473317
20494215
20497437
20521125
20531297
20532249
20533997
20539737
20554711
20573279
20615140
20616503
20644217
20652698
20682772
20702524
20704575
20713208
20801952
20816800
20818435
20839015
20840674
20860421
20877310
20930041
20943719
20944145
20950609
20952403
20955590
20956458
20960036
20977903
20979234
21048359
21054478
21110809
21112821
21118713
21134556
21134561
21150841
21173509
21186952
21190982
21206993
21212101
21219595
21228881
21251878
21253810
21254918
21289252
21309721
21311890
21325462
21332094
21349203
21357690
21396847
21411555
21422198
21422799
21454698
21475823
21479187
21490379
21521337
21530422
21540209
21542403
21543427
21551259
21619889
21655256
21671577
21674964
21677782
21688339
21690267
21711375
21724393
21725210
21737465
21750045
21765987
21765992
21785426
21807000
21810974
21834681
21839141
21847121
21857107
21857110
21867742
21875731
21973105
21986619
21995290
22016822
22020338
22027090
22031517
22068382
22111543
22118325
22128160
22131258
22156466
22158616
22162466
22162569
22169991
22174939
22175034
22189301
22194472
22199277
22234463
22274720
22286373
22290487
22312249
22325379
22326552
22327622
22327623
22327624
22341042
22343668
22345297
22349463
22355350
22377709
22403753
22404432
22429913
22500673
22513837
22517526
22524660
22534065
22545224
22559926
22573489
22584703
22584707
22584710
22630170
22648435
22648743
22654872
22655027
22661970
22729463
22734615
22747440
22751117
22797671
22803838
22811860
22837065
22855506
22865907
22875993
22878616
22895155
22895275
22897442
22941289
22971345
22973956
22974609
23022987
23025542
23052255
23052371
23053599
23056499
23059849
23067224
23084198
23085183
23088776
23114404
23145146
23150705
23150706
23154560
23158190
23180660
23210566
23211574
23234481
23234489
23264394
23295303
23300832
23327964
23329180
23330657
23333276
23340048
23341727
23342255
23342271
23378251
23378586
23400839
23413818
23416954
23436219
23441071
23455356
23461584
23468374
23514012
23514096
23526464
23527089
23533264
23536393
23563004
23578175
23584301
23639785
23650283
23660264
23660265
23663121
23676418
23705946
23722226
23723040
23744765
23745650
23749525
23756355
23780998
23790008
23806056
23811235
23814043
23828865
23849459
23856031
23872421
23881409
23885719
23891510
23932363
23986546
23991695
24014739
24022366
24037524
24040417
24042420
24045439
24133367
24169328
24229630
24262090
24296167
24297798
24315414
24336963
24342010
24346100
24349301
24357249
24361808
24375110
24375483
24375508
24418728
24437351
24449023
24449858
24467886
24483157
24504365
24510380
24515340
24518567
24526731
24560444
24560924
24561444
24569963
24601688
24613280
24616415
24616773
24617864
24629636
24631532
24651702
24662821
24699901
24699996
24705026
24716929
24721948
24722148
24722152
24722163
24744988
24750453
24756794
24759995
24777754
24778213
24782993
24794774
24798740
24845513
24897126
24928018
24942550
24957039
24969991
24983371
25017234
25027091
25047660
25064355
25079320
25085632
25103625
25122419
25122427
25137025
25141489
25143909
25168352
25175022
25180059
25232968
25234288
25239418
25242331
25267720
25303898
25319874
25330015
25333496
25349307
25366691
25374061
25384172
25407564
25409876
25425582
25436805
25437590
25440022
25475805
25501606
25515555
25530832
25546157
25571218
25589919
25625428
25666438
25694125
25698220
25714734
25723109
25725622
25731779
25733075
25736215
25749382
25759805
25773866
25786906
25795775
25805801
25806212
25806222
25806272
25822020
25824727
25838128
25850922
25854853
25870798
25881079
25887804
25905642
25944708
25949327
25950813
25975578
25982012
26033033
26033318
26044359
26046350
26060748
26065416
26076779
26078337
26126987
26164711
26167339
26186737
26187428
26191260
26191299
26208525
26209941
26240273
26247112
26254625
26265449
26268359
26285607
26291023
26304132
26307103
26310016
26321248
26356818
26377589
26395553
26424208
26457501
26464684
26469915
26472164
26497911
26514495
26537412
26572832
26574568
26575174
26595521
26601537
26639185
26652860
26678667
26705279
26722301
26724871
26732158
26758973
26762747
26765577
26774994
26798590
26809756
26823860
26829565
26837867
26843961
26868437
26874741
26876062
26884116
26898613
26918339
26933947
26945007
26950000
26960768
26973202
27034161
27035814
27056998
27073482
27086121
27090738
27092013
27099842
27118999
27131066
27150058
27203398
27226544
27245001
27271930
27273837
27277749
27337654
27338539
27344057
27349013
27351133
27366094
27396331
27402614
27409604
27429741
27433368
27467912
27468888
27494860
27496134
27525386
27533506
27535135
27543214
27544060
27545714
27555670
27558615
27574129
27602955
27620278
27633255
27635639
27646564
27657453
27673361
27683183
27704398
27707970
27712045
27717313
27750019
27780967
27794403
27798940
27802347
27803005
27807060
27807062
27809725
27814560
27815117
27821431
27825615
27825616
27825636
27825637
27838608
27847096
27849670
27872141
27873490
27935748
27938622
27994058
27994876
28009299
28011461
28028925
28068878
28073897
28082048
28092668
28099363
28115111
28116540
28122586
28145234
28166591
28181547
28181564
28186607
28189265
28191292
28199507
28256518
28294124
28315378
28318386
28323957
28350084
28351223
28404375
28417935
28433712
28447912
28460442
28467503
28469506
28490466
28498409
28500237
28506996
28510276
28540330
28560674
28578594
28591570
28605116
28609830
28615362
28629549
28635216
28639308
28647780
28649091
28680400
28688347
28728245
28729556
28730349
28747092
28794017
28796396
28799054
28825430
28840516
28843253
28857533
28877471
28881815
28911147
28911154
28911158
28911160
28911727
28914263
28925363
28930629
28931560
28943896
28946813
28951487
28952196
28955006
28968916
28983374
28991391
29020875
29026273
29076873
29077890
29088743
29097883
29114471
29117154
29121012
29128428
29131865
29133048
29134959
29175871
29182164
29197744
29219214
29237911
29251734
29258668
29261189
29262623
29284153
29312610
29321660
29341155
29379196
29386230
29397600
29408964
29433789
29434222
29436694
29443014
29469940
29473341
29493586
29504058
29515777
29519903
29535214
29538669
29549836
29549897
29556564
29571998
29584698
29590403
29601828
29608602
29615431
29648570
29654265
29657135
29657136
29665843
29683453
29683817
29743166
29745123
29850289
29859122
29860229
29860429
29889908
29899907
29908090
29912274
29935851
29947771
29951718
29965875
29967074
29983117
30012587
30017832
30031151
30032180
30034590
30038711
30045065
30069760
30069768
30072953
30093982
30122763
30131091
30210625
30254191
30257958
30258922
30277655
30298487
30300539
30311722
30321177
30366769
30368414
30413627
30429449
30446652
30466862
30467698
30472213
30487236
30502294
30515799
30541958
30552125
30579554
30610524
30621641
30624503
30644554
30651543
30653139
30653460
30666164
30666215
30693022
30716812
30733375
30811978
30844274
30853441
30862713
30873628
30884088
30903583
30927507
30929576
30936199
30938880
30941048
30943926
30957057
30962732
30975543
31015297
31062739
31118272
31162284
31168201
31178471
31192313
31219820
31226468
31263477
31278686
31288802
31289444
31297834
31300450
31311839
31313802
31352037
31360064
31364476
31380598
31392261
31408923
31411754
31424197
31425920
31471357
31485557
31489961
31494787
31496915
31502214
31510104
31517643
31534554
31535977
31540894
31558784
31576143
31590591
31640119
31644668
31645646
31649719
31666091
31668323
31698333
31710864
31715421
31739795
31746350
31754623
31769228
31808254
31821746
31825809
31850206
31917155
31917708
31921336
31945494
31949369
31962142
31988000
31994201
32025680
32062451
32064171
32067675
32083304
32083997
32094155
32100934
32127187
32139661
32143967
32146264
32179705
32183422
32190804
32216940
32216946
32220490
32223403
32228166
32231814
32240776
32245892
32275061
32284345
32292131
32292556
32292564
32293499
32295619
32298114
32319659
32326537
32345963
32362584
32383358
32408902
32411094
32416592
32420088
32461304
32495721
32518410
32532875
32535749
32543673
32546069
32556722
32587276
32589703
32593453
32593454
32660411
32660930
32665298
32675658
32700042
32702947
32703767
32718536
32737575
32741727
32767330
32778510
32782485
32796450
32802527
32803668
32808420
32811276
32816064
32823007
32826184
32835580
32846060
32846061
32846067
32866654
32870383
32882611
32884116
32887971
32914006
32923848
32923911
32942321
32948239
32962888
32964492
32980111
32989896
32993133
32994173
33007380
33045324
33058106
33071961
33082208
33084974
33086236
33097651
33125973
33129112
33135196
33150251
33150799
33154983
33159498
33161056
33167350
33168793
33173309
33187915
33239432
33242328
33242992
33246592
33248323
33260286
33268590
33269540
33272981
33301751
33314236
33318047
33340421
33342844
33343822
33361738
33381675
33382428
33383911
33402119
33402557
33419162
33433679
33450337
33451914
33455880
33459993
33475524
33477006
33478856
33484636
33489819
33489822
33512366
33512367
33536187
33553195
33559353
33562578
33569313
33569315
33573417
33588111
33603219
33615670
33617938
33624634
33628594
33641722
33722797
33725547
33737118
33742998
33754314
33758332
33771190
33773204
33795352
33806299
33827484
33845248
33906292
33913798
33921066
33933276
33938650
33947839
33958373
33985936
33991527
34006365
34023064
34024778
34024902
34036231
34045295
34058344
34078044
34087905
34087988
34088726
34099825
34118197
34118198
34120433
34126047
34139897
34149933
34154791
34154792
34165651
34166867
34168498
34178121
34207842
34209165
34232984
34237031
34246540
34266811
34267336
34267909
34273501
34307848
34324195
34344199
34366324
34373541
34391699
34405703
34419556
34441382
34445950
34450308
34493590
34497401
34497761
34503226
34504320
34515579
34516023
34518294
34520464
34523767
34561049
34563653
34582837
34588620
34589933
34589941
34589946
34598787
34637071
34649088
34675408
34680178
34710947
34713870
34725737
34726500
34733735
34741450
34743497
34753013
34755450
34757920
34769224
34771717
34777782
34782358
34822305
34824841
34832869
34834190
34864862
34905813
34916419
34917254
34925234
34981673
34981751
34994624
34994633
35012575
35031902
35044452
35050725
35063667
35081714
35091706
35100707
35117253
35117658
35173448
35220468
35223529
35230579
35241415
35242632
35248904
35268691
35283407
35304457
35305461
35329956
35341763
35364706
35383193
35384876
35404189
35423387
35425116
35430374
35434281
35491960
35510230
35510953
35524867
35527711
35529790
35569068
35571397
35579782
35582269
35582449
35582653
35587601
35587858
35595215
35598228
35612671
35616103
35627249
35647935
35689816
35692799
35705526
35707347
35711719
35726802
35751411
35756966
35788405
35797511
35798698
35799394
35838839
35858593
35874747
35884466
35894143
35894740
35912003
35915042
35923928
35925441
35930972
35950566
35956242
35957881
35962206
35969032
35973665
35978072
35985422
35990038
36030612
36046400
36053791
36059009
36062046
36075388
36089506
36091144
36108661
36108663
36109240
36122315
36122320
36124682
36126466
36127251
36129137
36140155
36142729
36150924
36166639
36194647
36198171
36201714
36202311
36207414
36219820
36226049
36251279
36269631
36308779
36324815
36327463
36358717
36379124
36382893
36407031
36407731
36414804
36416226
36422787
36437214
36443333
36443894
36444671
36451418
36452495
36456885
36469155
36471407
36481304
36484806
36503246
36521661
36522435
36542155
36542817
36550308
36551711
36557971
36568233
36572992
36576611
36578928
36582799
36582807
36602781
36605945
36628459
36632846
36646211
36657661
36682840
36689646
36690680
36715855
36729098
36748131
36757608
36758123
36765275
36768754
36788089
36821595
36825106
36865807
36878499
36889173
36895965
36905915
36909534
36918928
36936415
36975442
36990046
36996322
36998440
37018156
37046823
37051304
37059058
37061618
37066347
37070927
37081420
37087114
37087118
37087123
37087124
37098252
37101117
37121144
37131086
37139148
37141396
37178997
37182165
37188126
37193168
37195581
37201933
37207147
37216402
37218138
37218322
37236546
37238631
37243883
37261522
37265026
37265412
37274265
37277734
37282666
37315261
37335636
37347391
37360768
37374115
37376747
37381943
37392657
37394464
37403137
37410473
37410478
37418333
37425958
37444504
37445709
37465525
37466466
37470475
37473872
37475613
37475614
37478265
37484916
37492479
37506293
37516008
37524581
37525669
37526376
37528327
37535881
37565829
37574538
37577312
37580188
37588200
37595672
37597210
37603207
37627175
37655205
37656952
37659079
37671904
37686416
37703508
37707807
37713609
37718634
37718821
37743366
37743367
37759238
37779428
37779971
37782113
37795873
37814012
37835559
37854153
37870964
37870969
37870973
37876974
37882481
37883231
37900832
37906110
37916501
37921725
37922409
37924363
37932482
37942886
37948459
37966290
37971283
37972337
37995867
38009200
38021198
38027168
38034820
38039431
38050583
38057798
38061115
38066101
38094038
38105791
38110308
38112201
38118420
38127829
38132167
38135019
38136118
38144131
38144396
38189657
38190703
38198957
38201460
38201566
38205201
38226414
38235141
38245643
38254638
38261313
38265653
38265654
38271655
38304763
38317126
38334069
38337106
38339173
38342224
38349001
38369014
38378752
38397034
38405208
38407483
38420011
38438731
38450459
38453158
38465999
38469239
38472412
38472960
38478398
38484122
38492039
38493096
38494387
38523069
38525319
38539256
38550296
38566816
38576288
38581949
38593923
38598020
38623803
38625021
38637033
38639799
38651727
38655100
38657443
38661071
38687678
38696710
38698976
38709990
38734621
38735658
38744018
38749381
38753300
38754058
38763961
38766697
38766847
38768929
38805286
38807655
38814131
38817239
38828957
38841496
38844639
38847983
38852945
38860840
38911906
38919267
38920687
38984927
38997570
39007945
39009490
39039885
39047147
39057153
39075340
39085487
39086985
39094065
39120655
39135916
39136571
39148929
39149080
39156099
39176355
39199650
39211557
39212716
39231479
39241296
39244004
39270804
39272672
39278941
39291010
39306936
39312207
39316291
39316846
39329254
39337252
39342195
39350958
39354540
39372753
39372862
39387677
39389875
39398876
39413211
39437163
39441865
39460807
39471424
39475814
39476642
39489747
39491121
39495173
39497173
39512978
39552056
39561250
39563271
39585007
39594790
39595268
39607071
39628994
39630530
39655713
39658437
39666362
39669196
39671698
39692337
39693900
39705856
39706982
39713648
39716145
39723919
39731581
39739433
39745188
39754491
39757555
39759832
39762169
39772547
39800214
39803607
39808501
39810398
39819693
39824413
39827484
39839784
39842635
39844923
39850629
39868924
39879936
39882443
39886207
39887260
39907599
39913251
39926433
39931212
39941743
39950716
39963300
39980547
39980615
39982551
39983053
39985107
39986215
39986469
39988080
39989882
39990136
39990138
39991722
40007682
40010351
40016191
40036626
40070601
40083598
40101330
40103853
40110286
40110502
40112204
