8206940
8543055
9001246
9099708
10321484
10753927
10835385
10924367
11400338
11580838
12135576
12214276
12766775
12766776
12771962
12820960
12842888
12869548
12869586
12893813
12906785
14607085
14982927
15150271
15185396
15240005
15340059
15380067
15388940
15562827
15728574
15798201
15809346
15854902
15878852
16006564
16046393
16170341
16262791
16627617
16631613
16728407
16757313
16757344
16757352
16803888
17038544
17041622
17121544
17360675
17371599
17470430
17637564
17928295
17942919
17991864
18219492
18324915
18413257
18521078
18550814
18650380
18658153
18692051
18708577
18708578
18722381
18842593
19079239
19143636
19176517
19176818
19222999
19299511
19451232
19458266
19620394
19838215
20038815
20048149
20058701
20062052
20127734
20375271
20388784
20652921
20685651
20732420
20818424
20837708
21035549
21067284
21135540
21321084
21336308
21412983
21437936
21500191
21513702
21561413
21670600
21784859
21852229
21896734
22008911
22142865
22145093
22279066
22294621
22442136
22445979
22457270
22649696
22819219
23028662
23110024
23178303
23311891
23391520
23392671
23409921
23426372
23602449
23628014
23661807
23813957
23843608
23863162
23996484
24130493
24216995
24269559
24303063
24352740
24368770
24389102
24403554
24499792
24627160
24648513
24650522
24713393
24856002
24863881
24889507
25164809
25385233
25429186
25462067
25476905
25594310
25660019
25798236
25814783
25816988
25880340
26234902
26245968
26255626
26258755
26319900
26385560
26622727
26742086
26782056
27013580
27034171
27061379
27121251
27151460
27342487
27399332
27409169
27458339
27960107
28025572
28212107
28242620
28286738
28441755
28475102
28612328
28625796
28658616
28710231
28848090
28967557
29017169
29175333
29184052
29194576
29222112
29236692
29287199
29320991
29416044
29422542
29447953
29453976
29467900
29588502
29750207
29796625
30266989
30301783
30349304
30414531
30485514
30514904
30558189
30582446
30647914
30695905
31138988
31157925
31220300
31229684
31277207
31315433
31332784
31337748
31515468
31532697
31623406
31637001
31658360
31668641
31766645
31793097
31863340
31997810
32034602
32041790
32188096
32408406
32470140
32525432
32547198
32694311
32920594
32945452
33059920
33157014
33247956
33295107
33325825
33434304
33436626
33615194
33694218
33725483
33756117
33802760
33831427
33834258
34038402
34094708
34198993
34445471
34619097
34638868
34673407
34873686
34880752
35093450
35134350
35294906
35372326
35550871
35595099
35810594
35814251
35844793
35847293
36374919
37015817
37282486
37316683
37462942
37463107
37564201
37609221
38147625
38153629
38303702
38411613
38448650
38686493
38712287
38726829
38728078
38744982
38815737
38862475
38870847
38907105
38942776
38979197
39422647
39472803
39708321
39716490
39762645
39947931
39993836
40016599
40033054
