1328215
1551445
1601841
1902099
1905729
1907371
2116795
2153899
2174426
7493923
7527052
7558320
7565796
7592744
7592961
7600583
7779100
7798239
7929302
7937763
8039707
8302578
8356058
8385945
8502473
8530380
8599934
8626403
8626786
8647255
8674536
8753793
8769889
8798382
8806676
8816443
8870680
8907197
8948442
8995404
9030550
9032247
9091321
9099720
9113419
9153394
9199174
9204916
9302995
9305861
9338791
9351440
9398666
9407076
9407105
9410880
9446546
9446575
9450964
9464532
9469451
9482732
9494111
9495548
9535835
9535855
9545299
9546375
9548756
9565577
9582294
9596668
9598304
9622602
9624180
9635436
9642253
9647788
9649803
9658178
9660865
9660866
9661886
9670022
9693382
9707430
9712882
9759378
9774649
9804789
9819384
9831706
9851865
9862750
9920882
9926919
9988689
10021386
10036245
10037681
10066731
10085083
10198335
10198345
10213513
10359601
10366421
10373480
10377166
10377168
10381538
10388627
10400905
10409706
10411652
10420989
10435593
10438574
10438814
10440923
10455249
10461884
10467422
10500210
10504326
10506156
10506187
10530876
10564088
10569774
10588664
10613821
10614948
10619026
10631106
10648558
10699171
10702222
10708550
10716190
10719887
10723134
10727016
10744696
10748207
10748216
10779358
10779444
10783386
10799900
10809788
10837491
10843867
10873807
10891361
10893221
10896672
10912789
10918823
10948069
10948190
10950948
10980705
10982832
11018537
11034346
11035001
11050239
11058585
11062019
11062268
11074594
11114521
11116077
11134071
11134137
11139571
11156951
11160820
11162504
11162591
11162676
11167647
11211103
11215525
11231129
11245616
11254681
11259397
11276396
11279039
11290522
11311142
11315998
11336544
11342655
11350930
11359365
11359863
11373293
11397774
11401849
11406567
11415988
11426341
11448997
11452009
11454567
11454662
11463812
11483412
11506860
11518778
11532968
11533055
11549255
11553710
11557278
11557735
11581313
11583986
11590141
11598057
11598208
11604137
11641276
11641777
11698448
11704860
11705930
11741970
11744641
11755129
11766998
11768613
11772396
11773437
11781818
11784072
11788600
11812216
11815607
11827694
11830597
11834497
11839765
11844789
11861513
11861769
11867620
11877460
11880359
11889464
11895987
11907271
11919159
11937108
11953197
11963655
11964413
11980660
12007147
12011971
12016230
12023958
12024019
12039949
12055079
12055095
12060659
12070092
12071848
12077364
12095538
12097408
12105848
12123608
12123800
12133829
12142347
12154081
12181127
12190868
12193475
12193698
12200418
12215546
12221077
12221096
12234786
12237846
12242287
12244099
12244193
12401808
12413026
12413959
12423633
12429570
12442901
12445208
12446743
12451136
12455720
12466390
12480155
12482610
12486108
12496290
12496377
12509413
12524425
12525486
12529425
12530938
12531745
12534282
12538643
12571246
12574166
12579323
12581011
12587997
12588708
12588761
12593858
12600823
12600888
12606561
12606782
12615923
12640036
12642488
12649199
12654632
12654918
12663050
12666992
12692008
12701097
12704810
12706482
12718869
12719789
12727213
12730683
12736149
12738990
12761247
12766172
12767056
12771155
12771933
12777392
12777804
12782482
12796138
12805219
12808121
12815236
12816757
12816861
12842009
12847068
12847276
12851410
12853286
12874183
12890560
12890649
12892714
12893655
12899698
12937145
12946946
12951059
12954645
12964001
12969375
12972426
12972558
12972572
12972601
12975290
14500131
14506264
14512443
14514519
14514689
14517206
14551573
14556075
14561824
14569089
14572662
14576104
14581471
14583436
14592945
14596592
14600270
14601578
14612927
14615385
14630629
14634067
14643255
14644158
14644769
14646966
14657354
14657501
14660612
14668391
14679200
14681219
14687879
14688204
14699010
14720513
14722258
14726536
14729074
14729465
14738762
14752278
14761941
14766667
14985071
14988229
14991610
14996729
15003616
15009099
15016733
15016791
15023524
15023568
15031678
15039571
15044152
15048014
15059348
15059978
15067024
15068789
15068801
15075376
15078817
15087418
15096506
15102857
15109306
15113882
15127884
15128850
15140945
15144889
15145960
15150446
15155793
15158447
15170075
15173202
15178452
15184671
15192268
15208091
15210733
15210811
15220352
15221330
15225621
15234191
15242775
15253798
15254023
15262212
15269155
15281068
15286003
15293235
15296756
15297770
15298851
15308673
15310556
15318166
15322069
15322077
15331592
15339978
15339992
15345238
15355639
15363038
15371459
15386385
15448013
15455375
15469989
15470139
15471984
15475352
15475381
15485693
15485772
15486974
15501444
15509575
15513955
15520302
15530360
15535843
15545284
15557193
15560785
15569838
15572519
15574742
15574779
15579505
15581619
15598682
15607750
15610731
15611088
15611106
15613346
15627783
15632174
15637299
15638941
15640525
15643515
15655303
15655498
15664190
15665004
15668138
15684032
15686487
15694326
15703273
15706042
15706080
15710384
15711333
15728660
15736231
15738000
15739222
15750846
15757515
15764646
15769451
15772513
15774857
15776463
15791586
15802799
15814590
15815683
15817389
15817453
15817883
15827147
15834290
15837049
15837833
15843433
15860730
15870074
15880494
15883643
15890975
15894306
15916805
15923313
15925904
15930143
15932062
15935342
15951198
15953360
15955823
15959631
15963030
15963982
15968423
15970428
15972668
15987744
15990091
15992376
15993039
15994937
15998801
16002997
16019189
16023319
16024001
16024133
16088958
16103226
16107849
16109481
16122906
16141214
16141308
16160062
16160744
16166569
16172195
16173942
16179599
16180308
16202387
16205723
16217026
16219295
16219424
16226846
16231160
16231705
16243314
16243315
16246900
16247472
16257181
16291866
16297869
16298995
16301993
16308318
16316623
16317010
16322374
16331259
16333379
16352658
16357138
16368433
16373827
16390872
16391519
16394104
16396994
16402387
16407839
16411892
16412397
16424340
16427251
16428270
16434478
16439355
16440308
16448650
16449195
16452636
16452665
16458878
16470222
16472663
16472676
16473668
16481321
16492715
16495543
16496227
16500620
16519628
16530523
16537448
16540523
16543492
16543732
16547152
16547516
16565087
16567504
16569756
16574652
16596177
16598712
16601072
16609869
16622418
16623718
16626508
16630046
16630611
16630612
16644720
16645187
16652149
16673385
16677610
16681996
16684954
16699960
16702216
16705092
16707504
16709932
16715134
16723500
16740276
16750623
16754962
16763289
16772297
16774905
16774953
16776827
16778209
16787950
16794494
16806792
16810502
16829523
16845171
16847103
16849557
16858009
16860308
16864657
16899819
16904289
16914531
16931773
16953819
16954208
16960103
16969490
16973169
16978608
16978776
16982613
16996686
17005646
17007568
17011730
17018591
17018860
17019437
17046996
17056697
17070516
17074770
17075836
17077126
17077524
17086988
17088972
17095630
17097823
17105766
17118119
17121865
17128987
17139250
17142836
17150200
17163492
17178865
17184496
17190792
17192281
17194753
17197445
17211228
17217948
17227815
17234627
17264675
17267546
17272518
17273773
17277021
17284169
17296609
17299801
17300916
17301241
17301291
17301322
17301947
17304514
17304522
17307336
17310253
17322025
17322412
17332506
17334943
17357507
17360533
17367505
17369454
17376773
17379756
17385722
17389603
17408635
17425560
17428993
17438139
17442046
17452038
17459003
17464088
17483441
17483444
17488622
17488776
17488780
17492663
17492768
17495238
17498101
17499228
17502338
17503736
17507466
17510211
17515837
17517067
17522305
17525371
17534117
17549818
17549819
17549820
17549821
17550967
17556652
17562852
17575049
17575106
17579208
17581634
17586731
17592071
17595324
17596891
17597401
17606864
17615156
17615376
17615983
17620967
17625860
17635521
17636025
17658517
17659701
17661354
17662312
17670984
17673200
17684061
17686951
17697629
17699722
17699803
17706029
17712140
17712627
17716670
17825823
17855350
17873296
17873909
17878165
17881360
17896152
17899323
17900555
17908916
17914970
17922031
17928627
17929039
17938206
17950529
17951409
17965319
17971419
17976533
17983427
17996195
17999914
18000235
18005700
18005701
18006472
18045963
18060576
18078809
18079357
18083785
18084615
18086913
18091588
18096806
18158243
18179929
18182571
18187455
18195107
18198190
18199585
18204475
18211763
18211802
18230650
18231637
18245810
18250367
18256196
18261746
18267081
18287089
18287519
18292502
18296496
18300342
18309323
18316075
18316486
18316594
18330900
18334555
18342366
18343818
18353893
18356410
18369372
18390182
18391481
18403410
18411229
18420945
18434237
18434385
18445682
18457998
18458160
18463201
18467645
18469113
18474218
18495213
18497990
18502100
18503000
18505685
18505823
18509267
18509476
18524772
18536743
18537874
18541705
18542831
18552836
18554585
18556119
18559669
18562481
18567581
18571835
18575772
18577703
18594856
18612239
18619957
18621909
18625710
18628484
18641289
18651974
18652824
18653465
18660502
18660750
18667438
18676619
18676838
18676845
18687805
18688040
18721871
18751372
18757369
18757503
18757825
18768928
18784292
18794355
18799648
18802007
18804436
18824598
18827818
18829495
18829842
18832717
18835241
18844232
18854312
18922893
18922976
18923442
18929558
18929667
18930028
18948190
18953413
18955552
18981818
18983771
18991642
18996344
18996642
19015318
19027829
19038009
19049806
19073150
19074159
19079344
19085564
19097191
19099909
19101507
19103606
19107880
19113908
19114999
19122172
19139264
19139947
19141671
19144696
19147561
19151402
19151751
19162191
19164861
19170840
19173301
19174467
19184980
19196702
19208690
19208802
19209406
19214992
19229948
19262171
19264974
19265130
19265163
19267849
19275543
19276129
19277413
19280155
19281775
19281783
19286943
19293150
19294414
19296091
19299501
19302267
19306108
19308677
19318350
19331812
19332116
19334011
19340932
19342461
19346499
19365637
19372585
19374769
19391109
19401298
19403695
19409875
19421144
19443661
19444895
19453906
19459213
19459312
19460155
19470376
19470470
19470758
19473460
19486276
19487339
19499974
19504561
19506078
19509057
19515453
19519534
19524873
19527220
19533666
19538293
19546217
19550117
19553472
19560536
19573309
19574550
19580848
19584096
19586902
19589776
19602845
19605563
19620060
19625450
19628742
19629561
19633817
19635168
19642867
19644046
19649566
19654316
19670212
19680746
19682162
19683239
19692654
19707285
19713215
19716825
19723805
19737918
19741194
19745197
19747063
19752040
19755150
19755152
19759375
19772916
19773448
19776349
19782022
19782033
19786564
19789809
19798050
19798549
19799911
19812308
19819235
19837066
19857574
19885038
19887681
19890711
19893564
19896475
19897743
19912238
19917260
19931260
19940064
19946339
19947919
19956523
19956681
19965809
19966526
19968760
20004716
20006706
20018869
20030946
20032577
20035871
20039879
20041165
20061625
20086008
20089843
20089905
20093396
20128782
20130732
20140537
20154258
20156433
20185726
20188722
20197276
20200473
20204742
20213575
20223287
20231861
20236512
20236587
20298433
20308800
20335457
20348106
20363740
20367748
20368814
20369389
20375066
20376724
20378830
20380579
20383141
20387077
20393772
20399237
20400538
20410611
20417648
20429915
20430886
20435455
20442409
20445174
20453885
20455727
20455990
20461056
20472763
20473500
20499158
20503409
20507639
20511342
20530680
20538321
20553488
20554761
20558775
20559774
20573400
20578246
20585662
20590592
20590624
20591975
20599954
20610533
20615453
20619345
20628008
20628200
20628524
20651275
20655307
20655903
20658539
20660160
20663206
20668910
20682776
20688428
20696764
20696841
20697357
20712988
20727406
20733052
20801873
20805359
20807316
20808760
20810787
20811643
20811682
20814828
20824700
20828398
20833255
20843787
20844236
20851436
20856880
20858895
20859068
20861490
20862802
20870034
20872746
20886658
20888042
20890948
20937815
20938335
20948164
20948645
20965238
20971191
20971525
20974127
20975313
20977432
20978008
20980102
20980390
21029865
21034566
21034618
21051664
21052011
21054792
21062899
21078298
21079737
21087931
21107281
21107573
21108050
21108887
21112276
21115140
21118992
21122443
21124329
21130456
21131638
21143420
21145500
21147877
21148681
21161732
21169791
21169922
21173159
21186079
21187285
21187345
21196273
21198428
21209320
21212127
21212278
21233615
21242305
21257924
21258176
21258369
21262198
21264179
21266354
21273559
21281639
21281699
21289175
21289285
21292772
21294893
21303778
21311140
21311940
21318349
21321315
21351730
21390328
21398594
21410486
21411727
21421853
21430067
21435554
21439370
21440060
21443453
21451048
21454503
21454546
21461565
21473788
21475975
21492154
21493898
21497751
21501827
21502507
21518791
21520068
21534245
21543326
21543741
21545816
21558549
21566015
21572420
21574962
21575498
21575689
21576392
21576911
21584655
21600098
21609598
21615130
21628952
21647708
21655440
21667311
21678418
21686122
21686273
21698469
21699756
21708152
21715309
21731611
21739156
21740411
21743486
21747165
21750647
21756248
21756816
21757538
21781963
21787615
21803115
21804090
21807938
21809360
21816819
21816966
21820627
21827498
21833473
21836084
21849473
21849478
21849669
21850373
21852563
21858203
21865595
21865730
21866278
21866623
21875949
21878647
21898412
21904624
21907186
21917148
21924080
21925729
21935930
21945805
21946234
21949871
21951603
21967638
21968138
21975875
21978755
21979959
21984567
21986943
21993975
21999228
22001926
22002306
22009749
22021442
22031541
22033038
22033406
22035369
22045984
22049212
22062948
22070397
22070920
22072613
22072711
22084308
22087025
22114142
22120672
22134128
22145097
22150760
22152812
22155451
22157816
22161021
22174782
22194606
22197680
22204965
22226472
22226621
22226748
22228765
22232705
22241857
22242226
22243225
22243257
22244698
22251897
22252234
22259991
22266864
22275376
22281493
22300708
22311973
22316440
22322975
22328514
22330068
22346780
22351754
22357624
22359503
22361510
22363817
22377671
22387001
22387061
22405202
22411227
22420753
22430126
22433866
22438581
22438996
22443473
22449260
22451024
22456196
22491204
22495072
22498500
22498718
22500016
22504159
22505611
22509539
22510296
22525349
22542618
22542954
22545146
22546924
22553010
22558255
22564682
22565548
22571463
22575513
22581438
22583359
22584506
22586486
22593208
22615126
22621254
22621783
22628549
22629471
22645245
22648547
22648953
22649559
22655072
22659045
22661927
22665792
22683701
22699054
22700771
22711191
22720799
22726684
22740630
22740689
22741561
22750095
22750411
22774404
22782886
22783434
22796435
22814395
22814846
22825514
22836272
22842919
22846579
22847784
22854067
22854811
22860057
22893699
22902183
22912342
22917533
22918940
22918944
22922645
22931484
22955057
22964850
22965878
22969074
22970217
22982667
22984590
22986288
22986787
23001747
23012358
23040068
23042265
23047898
23051677
23055514
23057787
23066013
23071580
23073300
23079622
23082182
23084990
23090948
23096573
23123500
23123644
23166513
23176180
23178654
23181278
23186810
23195957
23200924
23209630
23212449
23237297
23238351
23241886
23243284
23251567
23254196
23255405
23258382
23261934
23275618
23283961
23292507
23295150
23303573
23307872
23322732
23324271
23325464
23334894
23358651
23361851
23361995
23362664
23365678
23376009
23389455
23389627
23405219
23408748
23409096
23410680
23413252
23418489
23424259
23429187
23434647
23450633
23457552
23466707
23468526
23469924
23474751
23479762
23484083
23488932
23493395
23500462
23508810
23511848
23517783
23521319
23521814
23523587
23525454
23525486
23529802
23536606
23550216
23552690
23559002
23559363
23564082
23566535
23567108
23570668
23587628
23598865
23613866
23615712
23624614
23635848
23639441
23643264
23644100
23648482
23649168
23657856
23658012
23678211
23687965
23689132
23696743
23698346
23700163
23704088
23704209
23707391
23722562
23723008
23726972
23741249
23762244
23771883
23774217
23776598
23785489
23792450
23803731
23812423
23821558
23825105
23825607
23828571
23830951
23834289
23836527
23838351
23840226
23840823
23841780
23842948
23844260
23851581
23859498
23861058
23868972
23870313
23871831
23895422
23896433
23900131
23900609
23935420
23935982
23940119
23963366
23963803
23972231
23973310
23973526
23973747
23975422
23985824
24004633
24012485
24019536
24021527
24024707
24025634
24029487
24033386
24040310
24043311
24056963
24075254
24086724
24096540
24096734
24098519
24100445
24101377
24114199
24128008
24133693
24137327
24150064
24175308
24177263
24178298
24184005
24191200
24197117
24202176
24203571
24205360
24220306
24224016
24240172
24243887
24244596
24244677
24280143
24284197
24284827
24287595
24292258
24296316
24297045
24300375
24303177
24316235
24321709
24324133
24331979
24333506
24337141
24337944
24338656
24345679
24351810
24356540
24356971
24368096
24371121
24385487
24398519
24398689
24398773
24401732
24406137
24413734
24413737
24415355
24421399
24434521
24441571
24453048
24463935
24467208
24469268
24474278
24495684
24498424
24505392
24535884
24535918
24549567
24551161
24561621
24571879
24572910
24582560
24584070
24585879
24589508
24614149
24615351
24632071
24637663
24638941
24639279
24642103
24657949
24658119
24675518
24691407
24694591
24742198
24742984
24782506
24786457
24790140
24790222
24795148
24816255
24839453
24839911
24840563
24859350
24863845
24872317
24872548
24880063
24902944
24906914
24915967
24918292
24919197
24938713
24939420
24939529
24949442
24949629
24958816
24965170
24980435
24984203
24992599
24993829
24995336
25001480
25015230
25019574
25022753
25025568
25026207
25033806
25043657
25044255
25044415
25048084
25064462
25073288
25074242
25080524
25086046
25089563
25101858
25104222
25106095
25107911
25118599
25120748
25128586
25129107
25130721
25137028
25137062
25137150
25139321
25144196
25156524
25172658
25173873
25173885
25174394
25184334
25186459
25202030
25209408
25211221
25213860
25223799
25243854
25245029
25249936
25261370
25268128
25271629
25272043
25277818
25279428
25288732
25289078
25309796
25310466
25318874
25336613
25343250
25359885
25374504
25377276
25387906
25398325
25400825
25402745
25412195
25413277
25434638
25441988
25445826
25445891
25446262
25448504
25454559
25485583
25490770
25494542
25499974
25512227
25529450
25531582
25545473
25556455
25567809
25569678
25578862
25588829
25588844
25589570
25591767
25596714
25600901
25607473
25607772
25612650
25614710
25618778
25653381
25661383
25693631
25695269
25712270
25724163
25734240
25738744
25743845
25745076
25780058
25783350
25791356
25794483
25802147
25807302
25807796
25816094
25823974
25832437
25857352
25858613
25866159
25866182
25869366
25870189
25882611
25883194
25890710
25903128
25904553
25908026
25911094
25913854
25916117
25922200
25926700
25940707
25944062
25947135
25947919
25962701
26013205
26026990
26030593
26035556
26044639
26056815
26066055
26067270
26076973
26083584
26090090
26100081
26100637
26103434
26112408
26114154
26134752
26142737
26146960
26148871
26169563
26193369
26198811
26205718
26207907
26209534
26225425
26228485
26231656
26240115
26251521
26252513
26261596
26279033
26282580
26296386
26310447
26323527
26331302
26334261
26335177
26335717
26336927
26350504
26352114
26358398
26363224
26368311
26379503
26391686
26405983
26408665
26409448
26427649
26435194
26438054
26445108
26448568
26450926
26453334
26458995
26459764
26474844
26474991
26482039
26483365
26483550
26487003
26512756
26514440
26521255
26529665
26550207
26550428
26556565
26572638
26574607
26574844
26602979
26614458
26616858
26622605
26627555
26631033
26635280
26647014
26648547
26649141
26662305
26674774
26682936
26686473
26694636
26695096
26701676
26707799
26715208
26728616
26741994
26745800
26749510
26755157
26759174
26771557
26776837
26782071
26785611
26787017
26804001
26812980
26814335
26816343
26820678
26822702
26823948
26825171
26827791
26828592
26830684
26838319
26845352
26846716
26847067
26864627
26870238
26870246
26873329
26875770
26887829
26892468
26893746
26903801
26906158
26911462
26912264
26913467
26916296
26924327
26928204
26935193
26944058
26955761
26963302
26976596
26980524
26981071
26985018
26998271
27003208
27012608
27041563
27043630
27070728
27084452
27090015
27092079
27094722
27106785
27120804
27126736
27126939
27136688
27138333
27147504
27158755
27167578
27175806
27175941
27178562
27182927
27187066
27188168
27192630
27195967
27215170
27216618
27218883
27220778
27249601
27250838
27269634
27270401
27277835
27279564
27288754
27298323
27305660
27306926
27311713
27313679
27321182
27324482
27333992
27336844
27337930
27345948
27363609
27363668
27364501
27378427
27388816
27389190
27391444
27403707
27424208
27432222
27457035
27457401
27460990
27468624
27470217
27472075
27489999
27495873
27497058
27501997
27505847
27512058
27532209
27533896
27534990
27538909
27549189
27551058
27552253
27565218
27572055
27573018
27575935
27576187
27583192
27586697
27600294
27609633
27619816
27626171
27628094
27633759
27633771
27634010
27641332
27649495
27650961
27679267
27681226
27692539
27693126
27693615
27694473
27704140
27713154
27724862
27731359
27734223
27746349
27754752
27756879
27769942
27771900
27785353
27795403
27799356
27802291
27803162
27806312
27812679
27812894
27818281
27821782
27830013
27833029
27836552
27842221
27849309
27863394
27879448
27881656
27888137
27888624
27892530
27892645
27894406
27904131
27913679
27914611
27927130
27932502
27939884
27974245
27992599
28004812
28017639
28017778
28017835
28019696
28032931
28034868
28035042
28035049
28054559
28063348
28074910
28078010
28078487
28088077
28089989
28096473
28104444
28115390
28120846
28122303
28125332
28131798
28146427
28161733
28164209
28164524
28174275
28175289
28184030
28197417
28199362
28213288
28214845
28222172
28225457
28232662
28250089
28254846
28259907
28273072
28277985
28278256
28283529
28284839
28289332
28300846
28303627
28316141
28318165
28327605
28329735
28350093
28376111
28386321
28435089
28448737
28454219
28455717
28472283
28484504
28486561
28487954
28487984
28492141
28498971
28509344
28518134
28522256
28526517
28526701
28535594
28536953
28549178
28553321
28553331
28558721
28565795
28577576
28582455
28604737
28608226
28608941
28619708
28624843
28642362
28642683
28643773
28648016
28656284
28659490
28665545
28668079
28672931
28673614
28678840
28681593
28691928
28695771
28697804
28712859
28714177
28728277
28739254
28743511
28749242
28751650
28765370
28765773
28779705
28810542
28814641
28820400
28831110
28832024
28836853
28840514
28843271
28844997
28849001
28865751
28878396
28886265
28888686
28899000
28921504
28929130
28933592
28938584
28941295
28945625
28949796
28954861
28971603
28978480
28990085
29024000
29033935
29036221
29039493
29042792
29050010
29059167
29063178
29066950
29070466
29070491
29088697
29091886
29114068
29119680
29124866
29129556
29129684
29130930
29131070
29133163
29142175
29160905
29172954
29199510
29206819
29207169
29208526
29208700
29239766
29247652
29255172
29262624
29277889
29291271
29301608
29307655
29319181
29319354
29330286
29330353
29337059
29343721
29348267
29355776
29357322
29363851
29373579
29377108
29398449
29402797
29410088
29424004
29432180
29433681
29437011
29442044
29445102
29455446
29457531
29462287
29463199
29465305
29467497
29470961
29481523
29487527
29491429
29493850
29497378
29498307
29498756
29499154
29499630
29500321
29500478
29522098
29535813
29547847
29557386
29560632
29576115
29580806
29581852
29590388
29611766
29630900
29635128
29641598
29649639
29652865
29672603
29673911
29695291
29695506
29700112
29715475
29715547
29717112
29718184
29730311
29735721
29738735
29744878
29745021
29749520
29751054
29752492
29764980
29769144
29769264
29791873
29796182
29844397
29849894
29866430
29867568
29871220
29873419
29876405
29879899
29883671
29885441
29887596
29891559
29904389
29930423
29933219
29935151
29940100
29940159
29949791
29953931
29954442
29969260
29972689
29973222
29986550
29991018
29995590
30005970
30016773
30029249
30031586
30062402
30062417
30062419
30071134
30081723
30091500
30120419
30125096
30127952
30145800
30148884
30159893
30165310
30177526
30182212
30185650
30185878
30187871
30188689
30190425
30195793
30206964
30209686
30216523
30220545
30224682
30226812
30227235
30227623
30229844
30232004
30233567
30237398
30251312
30254631
30262127
30266829
30275107
30287810
30318244
30332929
30341888
30355397
30381396
30387365
30389847
30395288
30396070
30406996
30412368
30413411
30425335
30426336
30429640
30433799
30444969
30445018
30449238
30515076
30515082
30522551
30535445
30536538
30542716
30551415
30556245
30589940
30592323
30594393
30602618
30626696
30627935
30631148
30648509
30651887
30659117
30666090
30669766
30674565
30678736
30683137
30683844
30701579
30717043
30718762
30738413
30758285
30765477
30768962
30782481
30784777
30784931
30787592
30790506
30805877
30820814
30831131
30840291
30846413
30848088
30851707
30852720
30872677
30886151
30886866
30911286
30921404
30955841
30957191
30959374
30972066
30986645
31010523
31029634
31054987
31056743
31062076
31062909
31066603
31073629
31105010
31105844
31107558
31112612
31114334
31115002
31115946
31130857
31156701
31165762
31168686
31169331
31171774
31173168
31176746
31181118
31187440
31189689
31190500
31193978
31209254
31211987
31216194
31220216
31237372
31245891
31260596
31262330
31262973
31281722
31302143
31305775
31319592
31323253
31333806
31339860
31361966
31394087
31394789
31396356
31399750
31406143
31410197
31419797
31430874
31431179
31432570
31435793
31444231
31445161
31451992
31461351
31461398
31478134
31481470
31485674
31487506
31497201
31500276
31517442
31530101
31541994
31553428
31558699
31561853
31570889
31577094
31590238
31600977
31604334
31611689
31623230
31632513
31636680
31651704
31679934
31682160
31690619
31702382
31705019
31708476
31710263
31722730
31743672
31750823
31766605
31771969
31776046
31777538
31778241
31780264
31806702
31820783
31821646
31828132
31835087
31842335
31844679
31844879
31870198
31875579
31877646
31883774
31907416
31920339
31924675
31926204
31931758
31933847
31933931
31935926
31949717
31949826
31957105
31957843
31963385
31963704
31964711
31966370
31966793
31966799
31973815
31976530
31991740
32015453
32016689
32025214
32025757
32028827
32031760
32034319
32037090
32046944
32060357
32063747
32066340
32070020
32070876
32085741
32095070
32103388
32104271
32105405
32107290
32120245
32124389
32133675
32141548
32144744
32159914
32165237
32183151
32183701
32184566
32187555
32198492
32201263
32205841
32214799
32223738
32228507
32234808
32240450
32265034
32272531
32291804
32293133
32310010
32323368
32324230
32349612
32355562
32355834
32370294
32372170
32386193
32389165
32402271
32421147
32427399
32428455
32432762
32433052
32447646
32457342
32467325
32476550
32484856
32488676
32493168
32495879
32496208
32513530
32520207
32537880
32546278
32550827
32559140
32565390
32567555
32570032
32571495
32572934
32579705
32579923
32584547
32586368
32619481
32642407
32648273
32655312
32663194
32667781
32672788
32692911
32694763
32695015
32709711
32711953
32719397
32720324
32724133
32724467
32725958
32731493
32751352
32754261
32764877
32767325
32767681
32774703
32779334
32789168
32798561
32808262
32813542
32847411
32853644
32860865
32881857
32887692
32903510
32914548
32923110
32945366
32945485
32952571
32960451
32970516
32977360
32990282
33014879
33037251
33059921
33084595
33102192
33107016
33116832
33126816
33131698
33145656
33155211
33158289
33162807
33172975
33177017
33197553
33206094
33215882
33222274
33230171
33237472
33259960
33269380
33288739
33320336
33327966
33336057
33345328
33345850
33354226
33357784
33358701
33361519
33369147
33378839
33379334
33385215
33388549
33406263
33410385
33421554
33423701
33427568
33436060
33441941
33449280
33453281
33465404
33468621
33472844
33483472
33497604
33498417
33502586
33509264
33515560
33546351
33552977
33567811
33581074
33588881
33597925
33655459
33662817
33664271
33676892
33681186
33683574
33686105
33687619
33692204
33708809
33719747
33727673
33732368
33745103
33746146
33755849
33756501
33760887
33762326
33763149
33764715
33778085
33779714
33782744
33799579
33801781
33817200
33818281
33824207
33825439
33833821
33836044
33842837
33849798
33850145
33858415
33877886
33879602
33906663
33936062
33941959
33942976
33963050
33968788
33972425
33972524
33973626
33979620
34006844
34036285
34038160
34054551
34060267
34078832
34088899
34101619
34109211
34112743
34124762
34133221
34146643
34147507
34156163
34163181
34166685
34166723
34208068
34219151
34236817
34245091
34247566
34252278
34262023
34269856
34275785
34285193
34288599
34302876
34313802
34321041
34322723
34323621
34325000
34327764
34328550
34332125
34359851
34363866
34368835
34388381
34390950
34414236
34416245
34420462
34429388
34440696
34461189
34465801
34466148
34472747
34483923
34486491
34491981
34504429
34508667
34512781
34538264
34548087
34551282
34552960
34615995
34624146
34627341
34627383
34635055
34638872
34654444
34676688
34683648
34687399
34709489
34709522
34721389
34735789
34737781
34748526
34750029
34759285
34790749
34792179
34813733
34826548
34840583
34840974
34841254
34848542
34875442
34884920
34893584
34901393
34903051
34930387
34959469
34968454
34975519
34990617
34990618
34994155
34998931
35006271
35019797
35051420
35054966
35060996
35062072
35074512
35075114
35076580
35092398
35096275
35101108
35101850
35103877
35106464
35120936
35130628
35132805
35136015
35138935
35168393
35170371
35173551
35177391
35178721
35188451
35216178
35222021
35226992
35230541
35251349
35254388
35256884
35273919
35277915
35294066
35297520
35297710
35297991
35300416
35306138
35309934
35315211
35315217
35320450
35324411
35339190
35357779
35363321
35367887
35371049
35379791
35387259
35401824
35406376
35418193
35422804
35436025
35440004
35441126
35441721
35451204
35456995
35457148
35461832
35484119
35497937
35520391
35525325
35527660
35537530
35538035
35550518
35561787
35563826
35568648
35588172
35601076
35616142
35619906
35637242
35642843
35647190
35654587
35665664
35694456
35699166
35704671
35712666
35726387
35728732
35732446
35753262
35760846
35762396
35765111
35766129
35776338
35782968
35811723
35830815
35833297
35854253
35880278
35880618
35881407
35904939
35910204
35915804
35922827
35937945
35938417
35941537
35947899
35950594
35959104
35961254
35993207
36000254
36040414
36043455
36047971
36049290
36053739
36059552
36077498
36102736
36102857
36115115
36127398
36139129
36142844
36160709
36189321
36200892
36201460
36206975
36207400
36207695
36233248
36247873
36249275
36275894
36283127
36293400
36299607
36306212
36306821
36323745
36330204
36330887
36369000
36386320
36416720
36440854
36443559
36453714
36458417
36461611
36469178
36479603
36479975
36497331
36504380
36509758
36517910
36523161
36524357
36529069
36529281
36536430
36548645
36550098
36555100
36555556
36574142
36575527
36579844
36598852
36617975
36625201
36631535
36658753
36672265
36691027
36695419
36712940
36720664
36739316
36746610
36748970
36758801
36766714
36766776
36780962
36781028
36802818
36803977
36806188
36813057
36831204
36834937
36835579
36841483
36854376
36859270
36865131
36884293
36889766
36892447
36894621
36897236
36912772
36920182
36920548
36931169
36947006
36950989
36961387
36969106
36971019
36988779
36989839
37003483
37013058
37020186
37026017
37028276
37030613
37032648
37054768
37080972
37099960
37131612
37132640
37147294
37162645
37171014
37193711
37195739
37196814
37201042
37210870
37217602
37225434
37232339
37248373
37269754
37278388
37283121
37291430
37298689
37307963
37310547
37311604
37315917
37317855
37322287
37346290
37348811
37353478
37354721
37370838
37371916
37382264
37382289
37395157
37399907
37408199
37427593
37437375
37438425
37442281
37443829
37449641
37449671
37454211
37458218
37520697
37522269
37525128
37566044
37587459
37599824
37621182
37642806
37648177
37657048
37660689
37718806
37722568
37723951
37724949
37726092
37748665
37754259
37786441
37790522
37801199
37806106
37806133
37809525
37811653
37833969
37839180
37853939
37855734
37858338
37863874
37864185
37873192
37887276
37895915
37907138
37907898
37933080
37937508
37952894
37958606
37967194
37967985
37968757
37972801
37978158
37978802
38022686
38026238
38029846
38065983
38067102
38093231
38096821
38113333
38113334
38136210
38165177
38176265
38179205
38182748
38184922
38193818
38212902
38215280
38222788
38225223
38243295
38258549
38260449
38273759
38275747
38287795
38312316
38322994
38336932
38341081
38342347
38358766
38360858
38379356
38388773
38413451
38482232
38486999
38511216
38523541
38523777
38524410
38525246
38540212
38549966
38552993
38561558
38568071
38578110
38578740
38581246
38591100
38592581
38595054
38599042
38601629
38602002
38613477
38621923
38622836
38631407
38666949
38695659
38698419
38712287
38712681
38734269
38742143
38753217
38766211
38771155
38776074
38800023
38815773
38825816
38832713
38835115
38852936
38854028
38855172
38856794
38865066
38873849
38878083
38879773
38897998
38900475
38910449
38912734
38913005
38931379
38942776
38948137
38964063
38970683
38985935
39000353
39004327
39005647
39009565
39067248
39072408
39083871
39088777
39104601
39122698
39129277
39151608
39167346
39169042
39170407
39173456
39179950
39181286
39183510
39198883
39199564
39212250
39222158
39226126
39244903
39258171
39258708
39258889
39260358
39297944
39326813
39369670
39372784
39380576
39388889
39390804
39393553
39402585
39402968
39404389
39416970
39418033
39427854
39434789
39434813
39439675
39479942
39484760
39485327
39495111
39517770
39522789
39527977
39545716
39564940
39580757
39605621
39605690
39612493
39627202
39667049
39668431
39677616
39681201
39698059
39723893
39724098
39737255
39738892
39743418
39747218
39768163
39775342
39775993
39781462
39817265
39826451
39828081
39834519
39851517
39854311
39859288
39872140
39874642
39887960
39891836
39900822
39906004
39928310
39936394
39953613
39956860
39966435
39992701
39992886
39996845
40002758
40010552
40020168
40034742
40043855
40045897
40048258
40078979
40086110
40091563
40092657
40093149
40117888
