8875995
9143508
11244105
11279007
11429290
11455430
15654020
15702250
15915638
16211313
16326925
18223214
18287027
18354269
18546292
18604725
19958813
20572975
20587074
20593419
20597086
20702778
20813009
21079657
21481194
21487037
21531460
21698301
21813176
22074948
22199287
22289919
22403610
22439932
22531447
22655270
22988987
23041612
23153538
23285131
23408137
23408747
23593420
23620405
23771907
23836471
24042571
24104062
24205204
24379361
24706440
24752542
24947019
25029443
25056203
25068995
25355068
25407287
25411317
25806291
25937048
25978653
26030772
26173023
26245996
26297272
26509654
26515598
26562161
26567475
26575700
26690702
26725982
26739507
26840931
26874851
26923195
27162350
27239958
27363264
27453903
27453904
27815263
27830754
27852699
28114269
28128766
28139652
28328317
28342318
28408486
28427197
28465528
28465529
28790171
28811962
29113297
29122990
29175316
29212222
29292499
29296874
29313214
29348860
29373898
29395309
29474159
29678828
29693179
29725030
29774072
29844189
29849118
29850623
29856777
29859176
29956097
30242697
30272313
30342492
30568170
30622177
30631148
30801848
30801854
30832318
30889382
30894682
30907503
30957227
31008116
31085100
31106530
31114334
31125641
31137681
31150511
31151986
31382410
31389604
31409670
31415244
31441359
31452776
31486489
31534006
31536932
31667337
31693094
31726100
31746401
31809978
31894282
31929567
31949551
31957830
31966402
31983094
31992855
32012403
32020017
32056660
32096171
32271410
32303620
32329809
32509086
32579248
32581047
32586008
32633329
32677685
32695279
32705280
32744666
32807831
32989221
33081599
33097837
33172431
33174291
33204092
33287750
33344247
33370472
33401251
33432219
33491326
33500710
33506575
33512452
33648935
33660827
33952725
34008309
34088900
34115460
34123850
34155901
34290319
34421987
34424320
34454548
34490515
34584188
34597914
34599596
34706206
34763666
34805745
34808132
35131873
35295854
35418613
35456672
35484298
35504983
35511798
35580162
35640397
35659040
35676255
35712490
35764678
35844694
35859167
35892876
35903204
35916711
36084874
36139704
36164620
36289823
36297673
36314076
36497309
36557069
36621728
36708573
36811220
36873868
36944183
36949068
36963371
37029329
37056860
37068700
37096681
37111634
37241228
37301125
37343369
37400436
37430307
37481855
37499397
37703992
37770853
37779899
37909094
38097140
38273649
38296962
38319241
38319244
38339763
38383728
38427243
38455046
38531660
38546054
38609317
38678671
38729321
38791952
38846943
38859780
38896157
38913699
38933492
38943600
39000112
39062146
39075227
39138527
39145866
39329219
39447031
39466024
39495778
39514011
39551787
39591876
39645564
39730101
39816690
39830795
39849645
39889450
39895691
