1718742
2352949
2691958
2827175
3329713
7553586
12526807
16761743
16864782
17208187
18097620
18845569
19443451
19596575
19700314
19863298
20489198
21544418
22215748
22215755
22327623
22500682
22585869
22617245
22661537
22859716
22891268
22915320
22919003
23034804
23052255
23070242
23160323
23271356
23400546
23415111
23418494
23426121
23514723
23549810
23558310
23565118
23648291
23719267
23724914
23733356
23788756
23810364
23814043
23868090
23877438
23887156
24047072
24047073
24128715
24155752
24186139
24218589
24296758
24345493
24349229
24380695
24386191
24389444
24416053
24418728
24456475
24462463
24629636
24649496
24722162
24744988
24760415
24819116
24828671
24939104
24971615
24992173
24997577
24999209
25033171
25058391
25087901
25157770
25180059
25208991
25230898
25231053
25234288
25240767
25264305
25293980
25311353
25351743
25374304
25384172
25401476
25409376
25461320
25466349
25467930
25534130
25558789
25567305
25612511
25667277
25667280
25671264
25671265
25688157
25691052
25723109
25733882
25742289
25789833
25806218
25846554
25851827
25868855
25870798
25894434
25905642
25908037
25922291
25978031
26101643
26144315
26149475
26152804
26159887
26200282
26200293
26207220
26258422
26273395
26310847
26352769
26366867
26372962
26379824
26424208
26438251
26457764
26469915
26475437
26507842
26554404
26647767
26648752
26673800
26704833
26705279
26767038
26770062
26783962
26791794
26802023
26842788
26879065
26899759
26917690
26939704
26964870
26973202
26973697
27003761
27035628
27040858
27065847
27068398
27089969
27094798
27121553
27121721
27136744
27144064
27179848
27193999
27237027
27237034
27256160
27328934
27332891
27370605
27401242
27474925
27486332
27488371
27535289
27541546
27544536
27561802
27575422
27599111
27611848
27635639
27648828
27708233
27725869
27738334
27797352
27797842
27825731
27833639
27863911
27987587
28007702
28073897
28088512
28104537
28115114
28167955
28181564
28183697
28237354
28318251
28342334
28346673
28361443
28387643
28428782
28431340
28434509
28449809
28465216
28520527
28520528
28532565
28538401
28560674
28594000
28717217
28740441
28743163
28744144
28748818
28748824
28759046
28818606
28838404
28844392
28845578
28860822
28869221
28869223
28881815
28888985
28892267
28892280
28893136
28903995
28911956
28914263
28919190
28952227
28971587
29050085
29067878
29074098
29074100
29076659
29078035
29114471
29174809
29174814
29187012
29237803
29251824
29268402
29268554
29295663
29333528
29343973
29361925
29370427
29371790
29372517
29451745
29459440
29464758
29469073
29472059
29477381
29517860
29519903
29575123
29576302
29596029
29610289
29617048
29623743
29636358
29683453
29690661
29690662
29704675
29738763
29744867
29782561
29801706
29805662
29805770
29869740
29874982
29883837
29902067
29935306
29935846
29945753
29961337
29981925
30029601
30049378
30050303
30053332
30083883
30093503
30095326
30108778
30171048
30212301
30217491
30223120
30249502
30262706
30266793
30327151
30327756
30350109
30410351
30443294
30460540
30464529
30468296
30475455
30538120
30543838
30565433
30568455
30580372
30589237
30593165
30626830
30642440
30655791
30660696
30664990
30683630
30692220
30709602
30719217
30775851
30797499
30867785
30885345
30898567
30899438
30914313
30915158
30927566
30940295
30943926
30976989
30978502
30980071
30999109
31016879
31027745
31085007
31118036
31118681
31124056
31178493
31256210
31260890
31313100
31345337
31349061
31361613
31382035
31382924
31395437
31399568
31416808
31424209
31447007
31463126
31492532
31509456
31548824
31554817
31572036
31584608
31607443
31626289
31668406
31669155
31669156
31705129
31708389
31720561
31722815
31763577
31778074
31779512
31805529
31828041
31833905
31838008
31838015
31880972
31897590
31907296
31910790
31929384
32021222
32066344
32087434
32103985
32122926
32150350
32158297
32167664
32168429
32208297
32217661
32238411
32238412
32247788
32268572
32269053
32278292
32296961
32308563
32327173
32344248
32344292
32347292
32354947
32360579
32364080
32383735
32409267
32433811
32447492
32454978
32462394
32558701
32577365
32580101
32590748
32591465
32648475
32652753
32702569
32718541
32760015
32763067
32775947
32776005
32782616
32788112
32799090
32800612
32802958
32862201
32865687
32871626
32881404
32885935
32906649
32907817
32913977
32914039
32918045
32923114
32923908
32927102
32928143
32939388
32979347
32980422
33000386
33000474
33001162
33005033
33011443
33019722
33031845
33038629
33053439
33069075
33116594
33116618
33133252
33153800
33153897
33166862
33168793
33171712
33172113
33196586
33200682
33204104
33211628
33248323
33290717
33324391
33328738
33336398
33353026
33386152
33394756
33399308
33402590
33434449
33470193
33472762
33489818
33489822
33489827
33546077
33558279
33569313
33581554
33583243
33613692
33640300
33646820
33677892
33682977
33683692
33685866
33733342
33735800
33743408
33814929
33871816
33875457
33899645
33930659
33945921
33994796
34006714
34033159
34047957
34049720
34051833
34055614
34059352
34076666
34125313
34128116
34145176
34157012
34158345
34210658
34211840
34221982
34231248
34235088
34265433
34291575
34319660
34320493
34322931
34405544
34427452
34449580
34459458
34471540
34475089
34509095
34511132
34516041
34534989
34536122
34558414
34589932
34589944
34589973
34589979
34590036
34616749
34623764
34631105
34635319
34646579
34660618
34686712
34702583
34715804
34715999
34834176
34884672
34907086
34964940
35040089
35050759
35070994
35081265
35087031
35116966
35116987
35117804
35135135
35135141
35147161
35149545
35172481
35172482
35196386
35227966
35232230
35233056
35255815
35278911
35284560
35299735
35303812
35322575
35323360
35338679
35343863
35361870
35368001
35395680
35430374
35435363
35479767
35489965
35506104
35510711
35520562
35529286
35529295
35574423
35586084
35598473
35619747
35634843
35644823
35648195
35658765
35663414
35693072
35694436
35695563
35729177
35732445
35785159
35799860
35815322
35820889
35860677
35920604
35920716
35923471
35940055
35966191
36053834
36057739
36071564
36089506
36101520
36106272
36111030
36135089
36142468
36157687
36160430
36167545
36201714
36226472
36247019
36265718
36285485
36303600
36307212
36308382
36316040
36330497
36332423
36338718
36378287
36387218
36411743
36416133
36416966
36445572
36493600
36511802
36519016
36535370
36545322
36548111
36579743
36588618
36589752
36624188
36624257
36636421
36690705
36730016
36801605
36804622
36842815
36877099
36923435
36952645
36973207
37027811
37036582
37062732
37068393
37079858
37100730
37152007
37210839
37215977
37235817
37236088
37237384
37240980
37243883
37254309
37261522
37263928
37263929
37287496
37291202
37318131
37324948
37349867
37383584
37385995
37415647
37457125
37478263
37487149
37488715
37511255
37532182
37576810
37577313
37579577
37584407
37587872
37605861
37644967
37671904
37686416
37703331
37727007
37727713
37731587
37735390
37748191
37838624
37840519
37848034
37853341
37856763
37906110
37917191
37923925
37927416
37934354
37950626
37969830
38036714
38047274
38054562
38070596
38070598
38089732
38093515
38134118
38148635
38169386
38187090
38197815
38201357
38201436
38245456
38273343
38278875
38293020
38319641
38339278
38346563
38350336
38359374
38404995
38416703
38416709
38425761
38429142
38433235
38472960
38476366
38492039
38560203
38565215
38582542
38622850
38629293
38639799
38689327
38736499
38749072
38795459
38802647
38814131
38822758
38830303
38835380
38845690
38848521
38875108
38876817
38877653
38891886
38898120
38904451
38941567
38955003
39002492
39010861
39018589
39018704
39029228
39059398
39059399
39081957
39091594
39117775
39136033
39139859
39177972
39195309
39198549
39257471
39260124
39267255
39293159
39318995
39333184
39361251
39374479
39391406
39402859
39549678
39559635
39568175
39629254
39642755
39686857
39716454
39723367
39737401
39810398
39819199
39854762
39866936
39907599
39982551
39986213
40075596
40080277
40086048
