18157086
18585004
19141475
19698110
20133625
20501857
20944102
21792193
23043551
23325844
23417712
23620406
23644518
24166983
24412394
24509477
24662245
24706662
24843002
24852293
24931610
25077743
25242323
25528216
25714014
25728682
25782172
25853938
26002201
26084711
26166446
26172293
26338826
26452128
26537074
26559293
26646321
27191891
27218135
27282254
27288695
27292023
27317772
27474439
27518565
27528607
27600764
27614073
27766425
27813512
28130125
28159833
28202515
28219807
28260718
28386724
28424246
28498454
28612716
28663576
28753426
28754676
28825595
28977912
29018079
29242204
29249820
29447173
29522714
29531312
29572486
29650642
29681085
29716999
29724720
29724721
29777171
29842882
29954602
30078214
30093630
30250934
30312361
30406665
30419952
30422989
30487242
30660076
30746871
30774762
30818762
30922329
30967619
31040401
31054182
31060750
31098421
31300513
31341965
31350389
31407364
31585917
31643139
31695846
31697302
31801714
31988284
31995604
32169821
32202636
32231741
32619406
32626774
32674319
32710489
32895329
32939018
33008892
33021769
33023640
33036756
33077812
33088589
33223508
33260897
33292784
33336052
33523829
33535351
33664260
33691361
33743353
33766796
33839039
33844099
33898448
33910928
33949020
33972509
34014281
34020310
34052319
34074749
34127768
34157286
34196511
34264285
34266924
34391778
34498354
34576219
34657606
34663428
34671445
34750379
34978780
34990836
35115713
35134396
35152527
35192890
35226431
35294891
35443279
35445296
35661267
35667440
35679751
35722423
35724320
35859865
35945780
36035179
36035998
36052643
36077946
36253570
36349512
36359729
36371383
36379463
36453584
36463230
36502925
36510186
36607144
36662621
36684483
36697904
36729542
36777730
36810256
36894973
36899051
36911986
37025455
37025591
37038274
37055606
37073141
37147272
37154769
37166351
37223520
37359376
37372360
37418588
37479966
37490181
37527013
37528416
37589422
37598138
37604811
37658121
37695044
37722039
37808753
37874744
37899647
37905045
37914019
37921122
37933774
37962020
37976977
37989747
38056895
38145297
38160530
38265933
38290049
38359295
38446615
38586591
38611113
38830934
38843391
38848441
38859694
38920407
39100825
39115793
39119581
39302028
39366177
39390582
39432585
39476923
39591760
39592433
39666822
39668826
39815333
39874221
39910618
39945726
39990215
40104911
