11252167
12831537
15741318
16512921
21886174
21995386
21998214
22039264
22064353
22064355
22096241
22150006
22158541
22417262
22461140
22489043
22562198
22571487
22738114
22826563
22921018
22929973
23086622
23086750
23138133
23160465
23280334
23300182
23313955
23335386
23337928
23343182
23390883
23395771
23435461
23558524
23568491
23594705
23620080
23685408
23694694
23793026
23821658
23831919
23861464
24113472
24141330
24217197
24423917
24434863
24463145
24535406
24597984
24709888
24723457
24735968
24854990
25139387
25330446
25371178
25376106
25424858
25428262
25481243
25527566
25553291
25605254
25696844
25768983
25892229
25957392
26083752
26242354
26255870
26488112
26508027
26562302
26565915
26588928
26643973
26742993
26769193
26819056
26837699
26842708
26923342
26970172
27089234
27094003
27175239
27211273
27239460
27260753
27524419
27604819
27622329
27622333
27771989
27818134
27863760
27927769
28062854
28087715
28153838
28177281
28198434
28296713
28395441
28409567
28424451
28445500
28592886
28634182
28818982
29050251
29249799
29296742
29383138
29433555
29434284
29616853
29624176
29752352
29844105
29937400
29954402
30049194
30273197
30350199
30409066
30446591
30462273
30468430
30558566
30567737
30582853
30587503
30590617
30594750
30661660
30712845
30804405
30847022
30930998
30963795
31030497
31110137
31168457
31292266
31300417
31338849
31344348
31393856
31473630
31474574
31484889
31488558
31614358
31634348
31707043
31812130
31858134
31919642
31927557
32037286
32076118
32112088
32168916
32179032
32188705
32188845
32211880
32320410
32332164
32347921
32358566
32391415
32427851
32482664
32645165
32694616
32905346
33031100
33037739
33038489
33040078
33057152
33121237
33140678
33155727
33194542
33216886
33220019
33317029
33325634
33348896
33358369
33373831
33409621
33561744
33585229
33603144
33617218
33751071
33765355
33777335
33801781
33811047
33932092
33953336
33978189
33992800
34002025
34036300
34042976
34102999
34151705
34161603
34172893
34215620
34272482
34353217
34442029
34502260
34571863
34619148
34706158
34723968
34857016
34861039
34930825
35012916
35027467
35039052
35042235
35050328
35061527
35086552
35089531
35101379
35142154
35159112
35212356
35257149
35268357
35478057
35565242
35582381
35582925
35652295
35692773
35728121
35751140
35780835
35787095
35796725
35832562
35848163
35920094
35926182
36001976
36006671
36028755
36040792
36051069
36087739
36104565
36115692
36117041
36230848
36261576
36271152
36411516
36459648
36671709
36688500
36792691
36857430
36944332
37007111
37026485
37028412
37090662
37103105
37263951
37269336
37292891
37408496
37463047
37511096
37524790
37528238
37562845
37721395
37756564
37823551
37865505
37914237
37921711
37977822
37981774
38012150
38158020
38175637
38186023
38187129
38450522
38517966
38521065
38572547
38589367
38632316
38668037
38688280
38714876
38759096
38846999
38856693
38884273
38904016
38975181
38997434
39011475
39044692
39127833
39187547
39194178
39259498
39261602
39271291
39303038
39374010
39474562
39521214
39605567
39691513
39725033
39730178
39773890
40027643
40027711
40108537
