11509829
11551807
11742982
11751930
11880287
11907829
11907830
11956329
11961006
12060592
12111252
12149280
12167587
12215463
12376324
12417564
12429555
12444200
12628440
12642512
12649598
12649599
12649600
12763889
12878206
12911626
12923071
14623317
14716489
15007040
15034090
15040001
15107590
15111600
15134818
15166308
15208094
15304560
15319523
15342340
15383658
15452200
15461589
15586017
15590990
15590995
15605386
15665527
15667310
15673431
15679045
15701671
15710380
15737648
15772302
15793248
15843443
15845389
15888551
15951481
16006511
16014448
16036218
16081417
16125969
16189295
16192298
16284089
16301823
16301825
16426574
16443776
16533503
16537821
16604333
16677622
16685564
16720863
16756948
16776652
16897044
16924469
16971495
16982696
17003223
17060050
17157265
17164836
17170520
17200434
17317952
17332888
17332896
17360471
17382906
17442044
17485228
17553997
17569022
17570343
17571248
17595519
17618452
17686958
17959754
17982254
17982255
18005662
18172605
18184857
18197893
18202099
18209482
18304449
18319604
18334630
18367651
18385268
18434383
18570873
18586672
18615584
18665390
18753299
18753797
18787837
18925875
18985156
19025518
19051070
19068477
19088076
19088441
19088452
19158347
19383827
19436108
19447520
19461886
19497745
19521108
19548318
19570885
19584721
19609277
19617352
19619128
19690383
19706464
19748978
19756449
19764891
19910701
19965929
20021289
20041238
20105179
20110688
20207026
20338997
20416281
20438709
20511718
20530112
20541034
20568246
20631247
20664544
20730100
20740360
20832730
20880397
20927043
21063096
21147854
21204013
21224398
21245468
21251236
21355052
21385992
21413931
21478911
21655274
21735060
21757730
21849984
21852580
21900244
22001908
22031864
22064410
22212557
22216285
22240294
22301619
22552040
22590650
22647968
22682960
22704443
22759972
22809514
22842983
22858098
22980744
23012321
23015548
23034940
23054253
23055545
23099640
23108393
23161797
23363009
23467085
23581296
23589291
23650397
23669863
23860121
24035040
24043625
24043696
24131995
24214981
24265802
24417516
24429827
24558442
24602173
24685888
24705297
24747705
24811177
24864229
24882544
24942605
25003317
25007182
25034177
25046865
25128767
25222560
25265063
25347557
25377230
25384981
25390002
25394886
25427201
25464253
25471348
25551628
25589934
25667458
25849655
25871428
25871776
26034353
26043694
26163195
26163895
26277930
26344141
26359301
26419593
26429539
26462020
26474695
26480816
26491696
26500492
26506154
26549644
26658840
26833885
26840046
26903441
26908461
26911843
26942879
26966277
27009335
27020669
27050729
27221032
27225626
27251632
27287220
27413200
27451907
27488665
27502757
27592201
27606670
27771704
27825168
28132760
28177128
28203685
28236975
28338770
28358001
28376115
28389565
28408636
28467798
28504714
28529452
28535249
28608480
28609708
28634071
28679951
28733463
28813704
28819428
28848088
28861610
28879465
28980287
28986310
28993509
29017179
29055016
29152446
29170478
29202451
29260627
29267206
29274585
29321171
29328462
29346764
29352074
29412164
29497029
29604467
29609629
29755644
29788407
29807219
29849891
29889103
29930759
29976632
30113397
30213827
30257988
30322876
30337371
30439718
30524295
30628684
30655532
30694908
30706178
30716717
30820608
30837283
30926771
30943409
30966771
30993706
31013255
31136958
31153932
31160894
31163384
31177508
31187175
31203134
31220544
31264364
31302161
31330080
31497211
31498847
31539779
31600722
31632443
31641423
31724152
31725056
31815093
31819941
31841202
31933845
31969692
31981651
32036218
32106831
32139897
32282582
32323833
32456052
32468047
32597300
32621586
32645929
32725426
32728395
32767771
32849818
32889894
32901079
32908237
33003561
33063281
33093458
33137119
33144140
33171176
33201408
33266470
33362546
33406028
33479769
33517828
33542904
33586495
33639207
33646633
33676941
33713776
33728820
33730592
33735826
33750441
33890983
33988691
34272474
34440273
34529017
34669124
34696688
34741867
34761560
34838531
34859141
34868959
34869338
34888709
34898378
34899186
34931844
35106936
35129051
35216681
35222400
35224872
35240557
35241769
35287185
35303795
35367829
35393773
35427000
35438526
35540673
35588785
35625991
35799024
35861941
35887942
35900901
35915371
35926713
35955763
35955955
36052922
36068525
36098889
36245426
36266728
36453461
36519740
36565809
36610526
36637025
36696461
36787938
36788538
36805248
36857592
36865044
36890646
36972840
37061192
37079269
37124559
37188685
37226177
37276417
37280474
37286891
37322625
37340653
37343701
37343898
37345264
37346292
37351994
37353719
37370761
37371111
37415837
37441077
37479068
37523130
37580750
37607215
37634811
37662889
37674245
37676758
37724153
37745980
37768477
37854018
37901878
37948859
38003598
38128154
38164960
38250161
38252301
38278341
38354960
38431129
38468708
38673987
38749087
38825173
38904021
38917753
39025049
39071161
39080526
39088121
39117890
39147296
39152497
39209082
39245317
39306614
39326820
39366761
39633576
39674392
39737082
39892819
39908792
39921539
39962079
39978578
40088745
40090080
40099662
