15795229
16439206
16459306
17276607
18226091
18242175
18337721
18388907
19135889
19597350
19625767
19913571
20047575
20117128
20141841
20157593
20157594
20729089
20816089
20829486
20847051
21098266
21224216
21327158
21362626
21373642
21502801
21680843
21738489
21847107
21854049
21871212
21900744
21946623
21981042
22149724
22286818
22367546
22449973
22743824
22753495
23028355
23041974
23076146
23086477
23086953
23136298
23142079
23201774
23217699
23217706
23232764
23257021
23376017
23514751
23552949
23653361
23839075
23860128
23881913
23892288
23911928
23974119
23982738
24012758
24013546
24043303
24052263
24149372
24163442
24169447
24171769
24213807
24332849
24366394
24367027
24438746
24491483
24495875
24510807
24565659
24583844
24607900
24638860
24704183
24782448
24785705
24842653
24896097
24900419
25001537
25004411
25009184
25074979
25083875
25133775
25162034
25163004
25197348
25227832
25247314
25261554
25320180
25400728
25434255
25476852
25503141
25541994
25607651
25660418
25688369
25765721
25777360
25807436
25808624
25816777
25819580
25868493
25872353
25884115
25915124
26063178
26066792
26084179
26114387
26180037
26183563
26189760
26191269
26310895
26362183
26442197
26456828
26481302
26549451
26607666
26629408
26648570
26654351
26675349
26711340
26717993
26732053
26748705
26761436
26768768
26775341
26780861
26786260
26787900
26802595
26861461
26886147
26898756
26940461
26983852
26987016
27016702
27043296
27045575
27058938
27075411
27094368
27101740
27118880
27124607
27142319
27152839
27156849
27180906
27189179
27246220
27248480
27249230
27322069
27357320
27457971
27519885
27536992
27568560
27601447
27746184
27761819
27766571
27777384
27794562
27815076
27824900
27829173
27836583
27885875
27904701
27912097
27923994
28032059
28108948
28130175
28228253
28238784
28250020
28296196
28329681
28351995
28355287
28355558
28355567
28385723
28386046
28393212
28399814
28406396
28443459
28448551
28477980
28478957
28635654
28642687
28644902
28656307
28659816
28661724
28677777
28685526
28723567
28765271
28856570
28860594
28870631
28871079
28887543
28928419
28935467
28958848
28990056
29019209
29025907
29049850
29100306
29125477
29129519
29162538
29197589
29204192
29215322
29217762
29227545
29233643
29234488
29246685
29286133
29290628
29317652
29319170
29322219
29352194
29355456
29363378
29371988
29373150
29402409
29465379
29474172
29476161
29512698
29535552
29535637
29552180
29555651
29556059
29563873
29599436
29659670
29686974
29698567
29888898
29901417
29966233
30030453
30032073
30034937
30070973
30135584
30143629
30143756
30189861
30227388
30237540
30243709
30250025
30250909
30256390
30333863
30374165
30382814
30409187
30457131
30464510
30483801
30504065
30514106
30524965
30530497
30542728
30577808
30587342
30630525
30641770
30655890
30660577
30670969
30671172
30675128
30745856
30772485
30782483
30791908
30841754
30845774
30853213
30886604
30894089
30912134
30926765
30943401
30987683
30989475
30993014
31002797
31004738
31063699
31071002
31079921
31114231
31115579
31128573
31149050
31172974
31194993
31216030
31240519
31257493
31265839
31295533
31303891
31318577
31321952
31372634
31399301
31399344
31401381
31437090
31442424
31461107
31464310
31471020
31477582
31551254
31591350
31593883
31603194
31603249
31626739
31701920
31708789
31715585
31759967
31842909
31851938
31926163
31928132
31934079
31938208
31938256
31938419
31967391
31970415
31972266
31995034
32002721
32110992
32124950
32206298
32236974
32239217
32256355
32265492
32278654
32283646
32294474
32305562
32311231
32329825
32392088
32394287
32445068
32483423
32535965
32538779
32541922
32544519
32573339
32580272
32584788
32587297
32621766
32631504
32642006
32653737
32681437
32682786
32701506
32711549
32736564
32745152
32787077
32789493
32903815
32915773
32926492
32968125
32970960
32983963
32991318
33012423
33016468
33026281
33037850
33042992
33067423
33089974
33123950
33170082
33198792
33238266
33251641
33274005
33282964
33308014
33315278
33324079
33325563
33335996
33353368
33356727
33359247
33363464
33436551
33441975
33442387
33464650
33470395
33482921
33508368
33532024
33532182
33542077
33568575
33572672
33600943
33631165
33634990
33649599
33649600
33684691
33690173
33718364
33727672
33760202
33777677
33800266
33818062
33849640
33855020
33869219
33903120
33910019
33920726
33934090
33952798
33995674
34007185
34021216
34033225
34043425
34050173
34073604
34077730
34094839
34122724
34148121
34158415
34212132
34213345
34216220
34219513
34225779
34233231
34239868
34240732
34244565
34319136
34335684
34359939
34412625
34425214
34440108
34493807
34530350
34535875
34547420
34573442
34663177
34666304
34708231
34708329
34713381
34720996
34731617
34745416
34787870
34793336
34804128
34906231
34923569
34927546
34942974
34950960
35035519
35077033
35091469
35123854
35150745
35167876
35172823
35209148
35232219
35235147
35246513
35251169
35256601
35256952
35278642
35302398
35337091
35379817
35432812
35443857
35463332
35506565
35517808
35526796
35528512
35562171
35621134
35668088
35681388
35686673
35690101
35690328
35715817
35726783
35727326
35727596
35728388
35747154
35767210
35782983
35798905
35837046
35839976
35842903
35855341
35859073
35896220
35915188
35917770
35927704
35929617
35936357
35978508
36037078
36057401
36133907
36159576
36160707
36172184
36172813
36208355
36208627
36215696
36252808
36275897
36278398
36300841
36313196
36315407
36328906
36348062
36356655
36367517
36396113
36414111
36442759
36451443
36463827
36465178
36490326
36496445
36508969
36534275
36558977
36565979
36592530
36592706
36593966
36618816
36653345
36682299
36720357
36722290
36728900
36733404
36760260
36791927
36880305
36895980
36897214
36909504
36918058
36958525
36978961
36988243
36988443
36995934
37082736
37142144
37156032
37184210
37185874
37186383
37198221
37199639
37252277
37252281
37282476
37286776
37292592
37298491
37323542
37329975
37343371
37352968
37382831
37385372
37394473
37396554
37425037
37445896
37454109
37462453
37471488
37492725
37499928
37503400
37542062
37544377
37550003
37566546
37582706
37587827
37598403
37599957
37603612
37607939
37608292
37611438
37634527
37653718
37668962
37725013
37726670
37734463
37736721
37751175
37754211
37819455
37860888
37863400
37876546
37888452
37889141
37897855
37902977
37914087
37921598
37936548
37970049
38016059
38016337
38034611
38049769
38051201
38081972
38094474
38100921
38135684
38154209
38172884
38186648
38222451
38236324
38254877
38287796
38288355
38296191
38332150
38340205
38365109
38373191
38389322
38395252
38415718
38426082
38430021
38436106
38460408
38483736
38487000
38490134
38548549
38582273
38649362
38652998
38659223
38670461
38689163
38752843
38789630
38819446
38821229
38864549
38878489
38891773
38894630
38896272
38904337
38936603
38954215
38967361
38979023
38986922
39002485
39033117
39052187
39054714
39082470
39097210
39155147
39170662
39183280
39211154
39224032
39251041
39259343
39259827
39277582
39281107
39288887
39294335
39299807
39314282
39323022
39342313
39357595
39367210
39374645
39378103
39387251
39398594
39433703
39442744
39455033
39510317
39511137
39511404
39521016
39534285
39617052
39618181
39631827
39642638
39656860
39674121
39706044
39707429
39709438
39730461
39730568
39733643
39749948
39753390
39754634
39756480
39764940
39799026
39805197
39819383
39845013
39855055
39894306
39909339
39913122
39925168
39928137
39940397
39955062
39957594
39970713
39971710
39982754
40008624
40037430
40050262
40081214
40093797
40105999
