11672523
12297502
12535671
12930829
12960381
14976264
14980222
15126506
15152190
15175761
15205477
15308206
15310905
15469825
15604409
15632193
15639232
15640142
15692560
15716268
15719057
15744310
15749705
15768047
15773895
15821341
15964060
16006743
16012755
16054100
16166628
16170353
16183991
16236254
16257164
16269335
16288004
16288037
16335928
16339438
16354677
16366736
16388584
16397557
16441846
16464659
16546327
16563646
16596166
16603228
16626303
16628003
16684606
16751189
16758559
16785031
16813520
16892051
16917544
16923962
16939484
16940753
16998810
17037214
17090532
17098719
17098745
17099246
17103016
17112576
17119153
17157181
17170512
17180656
17197703
17201918
17213307
17317627
17324581
17334224
17347648
17397914
17433727
17446436
17452443
17498258
17516504
17516596
17525376
17527017
17566917
17581637
17595514
17612497
17620057
17624472
17633479
17638871
17652729
17680780
17785073
17785417
17806102
17851734
17877786
17884810
17895433
17901049
17908551
17908559
17916362
17934453
17936707
17937892
17938244
17941969
17954559
17964266
17996699
17996922
18004385
18005249
18036349
18046409
18069916
18156798
18174544
18177718
18181330
18184747
18192211
18193082
18193389
18203716
18208353
18230337
18230695
18235501
18235502
18270565
18296641
18320031
18329615
18335035
18342601
18342626
18344989
18369442
18371449
18379594
18414679
18420994
18423418
18424637
18438697
18477450
18482975
18485895
18538940
18540863
18544345
18550784
18555842
18556572
18560370
18563176
18573234
18590691
18599449
18637271
18641460
18642893
18662537
18662546
18662547
18676681
18681908
18687325
18687677
18689793
18704159
18716320
18723829
18724249
18728353
18755897
18784217
18793633
18797187
18799131
18800364
18805010
18817890
18818524
18820948
18821472
18823944
18826227
18826454
18829436
18829956
18835033
18838864
18840364
18850005
18851829
18922599
18922603
18931029
18957417
18987333
18991791
19008341
19008647
19010308
19010386
19014491
19017485
19029811
19039676
19041753
19046449
19046567
19047049
19059213
19071085
19075016
19103747
19105950
19107194
19116652
19127863
19130305
19132007
19142216
19149601
19166820
19167483
19173036
19173742
19199480
19221490
19229036
19236849
19237425
19239842
19244112
19249351
19262508
19267881
19268663
19272442
19273250
19275731
19276888
19284563
19285015
19285077
19286518
19286634
19288225
19289152
19295512
19296597
19299582
19303289
19303434
19303870
19333775
19343720
19355928
19356714
19364925
19376817
19377281
19377286
19404850
19407027
19430421
19433578
19439501
19455179
19462229
19466968
19470756
19474719
19474721
19478080
19479941
19503100
19509139
19549533
19549853
19553684
19555662
19558452
19562740
19568959
19581416
19616958
19649206
19651778
19664641
19672559
19680552
19682970
19690166
19713122
19714620
19716821
19720090
19724016
19729833
19741164
19747089
19797682
19815564
19819989
19833096
19843076
19876588
19879981
19883617
19887452
19895790
19897059
19912989
19913571
19914676
19922023
19923004
19928762
19934257
19934264
19937189
19944070
19945548
19995796
19996381
20005308
20007851
20008278
20008932
20020036
20026255
20026274
20027304
20033348
20041875
20042607
20044906
20060806
20061378
20071779
20076530
20078953
20089851
20093281
20097539
20097625
20097879
20100829
20102704
20103737
20107110
20118981
20131294
20139070
20148352
20149740
20157332
20157516
20157519
20157548
20160399
20167603
20169165
20178071
20179424
20190133
20195491
20197054
20203304
20215708
20217115
20225204
20228935
20335544
20335654
20335657
20335659
20339025
20354108
20357764
20370652
20371709
20375098
20375183
20381504
20385619
20412117
20412791
20418343
20421294
20426787
20434449
20439735
20448046
20450879
20451257
20463039
20467811
20471503
20479254
20483999
20488443
20493163
20555380
20562473
20569238
20577263
20595232
20606253
20616029
20617556
20620950
20620997
20622856
20623590
20630764
20633545
20634564
20644332
20647536
20651844
20655472
20660252
20660480
20668205
20668706
20670893
20689156
20693263
20702418
20705918
20713551
20733005
20801633
20803525
20810901
20812964
20813094
20813124
20817729
20819794
20820190
20823277
20842108
20844277
20854812
20872255
20923823
20931131
20935547
20941378
20943487
20947830
20960276
20966076
20966168
20971845
20975665
20975832
20977650
20978007
20981161
21031461
21048357
21054562
21056897
21062352
21074897
21080630
21081708
21083429
21102633
21103071
21106280
21115502
21118843
21121893
21130086
21130087
21144831
21146504
21149440
21149449
21149730
21163946
21169404
21176092
21187328
21189328
21194380
21196578
21212096
21212262
21216258
21238464
21241768
21245135
21245319
21246601
21270273
21276800
21278141
21288303
21289058
21293192
21295052
21305531
21305533
21306905
21307403
21321189
21337390
21341239
21390332
21406254
21411645
21414296
21416250
21428798
21454709
21459329
21459330
21464518
21467030
21474819
21479886
21483036
21483037
21497775
21499261
21501079
21502801
21502975
21504832
21514307
21520490
21525818
21540183
21541336
21543634
21544718
21549004
21550345
21554952
21555002
21565980
21566260
21567102
21569839
21573505
21593185
21596603
21596753
21596782
21604001
21606675
21617847
21622680
21633959
21636977
21638299
21677689
21679764
21697093
21698133
21701047
21703114
21706162
21709297
21713995
21722091
21732533
21733059
21738790
21742641
21743036
21750730
21757760
21760635
21775285
21778425
21778691
21781483
21789216
21807113
21810449
21810931
21813271
21826702
21826711
21836635
21841822
21856913
21865267
21871827
21873234
21882241
21884983
21888529
21890154
21890195
21890893
21895016
21896316
21896928
21898400
21905824
21907137
21908974
21909281
21915620
21920899
21921080
21933665
21939740
21941300
21947282
21947960
21949662
21950728
21952235
21957481
21964378
21965330
21968188
21972126
21985785
21998399
22000456
22006156
22006157
22013015
22015446
22017869
22027215
22038097
22038824
22044919
22050448
22051242
22052036
22055503
22062899
22064865
22069489
22073865
22078933
22080944
22081864
22086720
22094255
22096123
22105021
22110091
22110092
22113495
22121772
22124156
22131404
22133824
22137261
22137654
22143179
22146883
22149272
22157007
22157016
22158107
22159506
22166204
22169038
22178470
22179316
22179319
22179986
22180829
22185448
22185590
22187307
22190494
22195961
22197555
22198152
22203920
22207735
22219225
22219275
22219708
22228742
22230810
22233091
22238626
22244328
22245592
22249256
22258484
22262770
22266962
22267730
22269821
22284404
22286328
22290433
22302044
22306819
22308024
22310473
22311064
22315447
22318540
22322739
22328728
22330808
22331558
22333581
22333659
22337808
22340598
22355666
22357324
22363635
22363646
22364258
22370592
22378745
22382036
22383496
22383497
22401932
22402365
22406815
22410779
22442140
22447223
22448750
22456698
22464458
22465953
22470132
22476949
22479251
22479397
22483777
22493485
22493735
22507555
22510409
22523472
22537175
22542455
22542746
22542761
22546858
22552445
22552606
22553202
22554968
22560207
22560220
22561310
22562294
22564731
22573663
22575359
22584026
22584570
22586264
22588935
22590959
22613205
22616762
22622047
22623155
22640422
22640743
22661383
22674476
22677942
22683003
22683888
22691943
22696478
22703651
22706671
22717288
22728651
22732402
22735644
22740055
22742579
22744176
22761194
22773876
22780949
22783411
22789853
22796566
22799262
22808092
22819702
22820707
22826441
22828134
22833338
22834844
22836009
22863012
22867969
22883230
22885181
22902550
22929231
22934562
22934845
22935421
22939883
22962634
22967499
22968147
22968747
22969813
22975995
22980663
22982377
22983125
22986367
22986535
22986685
22986747
22990594
22995302
22998567
23000914
23024374
23024800
23028640
23028940
23029496
23038275
23045412
23050959
23056314
23056585
23065251
23070058
23071533
23075283
23075766
23079621
23090186
23098819
23103739
23110231
23127402
23133645
23135526
23137106
23137540
23143889
23146569
23151077
23160044
23161867
23162614
23169992
23178529
23183898
23193674
23217256
23224434
23229445
23238746
23239315
23247197
23247634
23248098
23251824
23255128
23257246
23257294
23259556
23261455
23262029
23267107
23268970
23275008
23276927
23283553
23284689
23291065
23292070
23292098
23293585
23296669
23297412
23299244
23301673
23302720
23305113
23311358
23313858
23315983
23316803
23318905
23323102
23328595
23329830
23332867
23337346
23337935
23339189
23340254
23341587
23349863
23354305
23357110
23358928
23359486
23361587
23361983
23363613
23364955
23382074
23382833
23384296
23390957
23394938
23395551
23404532
23410798
23417962
23422569
23426869
23430976
23434668
23439428
23449222
23450480
23452762
23453030
23457303
23461657
23461683
23462953
23471411
23473025
23473037
23474493
23474671
23475611
23477488
23479127
23499302
23505545
23510538
23518473
23519122
23519155
23519217
23524286
23525956
23533470
23536361
23542177
23542362
23547115
23548308
23548481
23549616
23555824
23561972
23564453
23565341
23568553
23570514
23578622
23583181
23583951
23587642
23588928
23603572
23604553
23609336
23615921
23625030
23630229
23636469
23644113
23644469
23647079
23652462
23657807
23661372
23663735
23663737
23673314
23673452
23681230
23685977
23698802
23699506
23702379
23704280
23704521
23706319
23723318
23724165
23726949
23728341
23734259
23744058
23744621
23747418
23750556
23760629
23762270
23763570
23768087
23770291
23770971
23776383
23783352
23791176
23792339
23792490
23793837
23796896
23799088
23800577
23805287
23806688
23821198
23826814
23827175
23832939
23834033
23843607
23846322
23852118
23867312
23868084
23870485
23871946
23873758
23874150
23876548
23876989
23877372
23880291
23880858
23881456
23881751
23886618
23891678
23891692
23892278
23892437
23897426
23898224
23900402
23918588
23922917
23928404
23933590
23941528
23950036
23951196
23952905
23968571
23970286
23973301
23973402
23977047
23980167
23990359
23993977
23994215
24003218
24003918
24009212
24009628
24011076
24013412
24014402
24018803
24019980
24019998
24020000
24020002
24020004
24020005
24020008
24022598
24025686
24025728
24035280
24036938
24038750
24039251
24040102
24040162
24052229
24058702
24064732
24064760
24069345
24071688
24073240
24078830
24080825
24088390
24096033
24100623
24103559
24107295
24107942
24120939
24126058
24132831
24137378
24141423
24145124
24147777
24152090
24163589
24166142
24167473
24169546
24183892
24184811
24189525
24199159
24200561
24202384
24211209
24211423
24211575
24213676
24223900
24228097
24228525
24239904
24240701
24244526
24247792
24254769
24258275
24262277
24269770
24270983
24278101
24278473
24297698
24297700
24298365
24321436
24323420
24333965
24337047
24338587
24343700
24345330
24345663
24349441
24351289
24352856
24356447
24356887
24360018
24365198
24365660
24372553
24373395
24374551
24376725
24378473
24383118
24383546
24388149
24389307
24395567
24397908
24398359
24410795
24416313
24416418
24423936
24425865
24434080
24435709
24437277
24439680
24441046
24442997
24446069
24446723
24449278
24454277
24465016
24466304
24468941
24473773
24480449
24480879
24482345
24486702
24488909
24496572
24498364
24507186
24518759
24535021
24535859
24548601
24561089
24566103
24566137
24567900
24570024
24570140
24570955
24573134
24582957
24583980
24587358
24603306
24603648
24612843
24624081
24631505
24633890
24639483
24657470
24657895
24669285
24675227
24681097
24712520
24718722
24722566
24726431
24726500
24727492
24729176
24735533
24742694
24743044
24746477
24747578
24747689
24751483
24751831
24754177
24755072
24756314
24760981
24769256
24773342
24786827
24795795
24798868
24813611
24814483
24816737
24828021
24832395
24837743
24845634
24850427
24855208
24858404
24859347
24862934
24874077
24875183
24875419
24880902
24890145
24892674
24894401
24894820
24895128
24896770
24897117
24903973
24913149
24917814
24924687
24927438
24936455
24946089
24947350
24947673
24950067
24952428
24953372
24959282
24959376
24959379
24959710
24962570
24963165
24968750
24969755
24970682
24973384
24997996
25000096
25001863
25002589
25011510
25013930
25032964
25034794
25040736
25044690
25047736
25051362
25052362
25063737
25068084
25068121
25070626
25073091
25085245
25091897
25096191
25104317
25108014
25108154
25109279
25109285
25114706
25116588
25119660
25123628
25126750
25131770
25132403
25133775
25139823
25142464
25143434
25146318
25147862
25148910
25151729
25154304
25155613
25158994
25159133
25159152
25159328
25165029
25167838
25172416
25180292
25182532
25189993
25190816
25192797
25193706
25199460
25201925
25216517
25218422
25223731
25223836
25233986
25242624
25243179
25245521
25252293
25260046
25267960
25270091
25270204
25273948
25275164
25275593
25280212
25280219
25281273
25281719
25281835
25281876
25286082
25286678
25301743
25302422
25305471
25309798
25311745
25312218
25323330
25323555
25326534
25330910
25331946
25332003
25339356
25340339
25341037
25341895
25342474
25346724
25348016
25349250
25349818
25352462
25355486
25358448
25360511
25375034
25376184
25377437
25380034
25389371
25391763
25400942
25401748
25404446
25404738
25420528
25424420
25427918
25440052
25440059
25440363
25444742
25445829
25449787
25450701
25452121
25452565
25454945
25455260
25459285
25461268
25468938
25471124
25475438
25479240
25479772
25483038
25484077
25485577
25490446
25500546
25503124
25503852
25512378
25516717
25520062
25522783
25529796
25541949
25544867
25545407
25549049
25554355
25557355
25560828
25563725
25566433
25569080
25585539
25589773
25594003
25595223
25600643
25601632
25608526
25612477
25613939
25614670
25614674
25614777
25632967
25634315
25635860
25638533
25640014
25646486
25646749
25652855
25658362
25659903
25660075
25661920
25664004
25665036
25670718
25670865
25674239
25685699
25687038
25696003
25698746
25703252
25705129
25706717
25710929
25725784
25727991
25730867
25734813
25737075
25737402
25738568
25746104
25747515
25751424
25753689
25761483
25763637
25766524
25770475
25772107
25772354
25773007
25779952
25782776
25785036
25785061
25785999
25789761
25793995
25794641
25798066
25798752
25798922
25799392
25801465
25805970
25806122
25808216
25815111
25822366
25824609
25826085
25833683
25837871
25840356
25843411
25843933
25847123
25849131
25850787
25863291
25870236
25883939
25884180
25889431
25889584
25890999
25896587
25903518
25905708
25909427
25914755
25916635
25918343
25918795
25920189
25921090
25922201
25922660
25924011
25926383
25938444
25940188
25940282
25940287
25946975
25948680
25950477
25955819
25956474
25959421
25961287
25965392
25965594
25966629
25967595
25971769
25972997
25973238
25973386
25975092
25975679
25976661
25978598
25979359
25981395
25982096
25982144
25982963
25987725
25991017
25992481
25995644
26004371
26006015
26015978
26023773
26025875
26026874
26031763
26036258
26040995
26045683
26045735
26046330
26046931
26049033
26049753
26055227
26055805
26059423
26062521
26063426
26073907
26074075
26075729
26079878
26086862
26090946
26091232
26094939
26096576
26098879
26102032
26102194
26104761
26109052
26109180
26113041
26117533
26122034
26130063
26134520
26135885
26136899
26154696
26157347
26167274
26168293
26170060
26174951
26177453
26181207
26194321
26200953
26202177
26202455
26203862
26208454
26212199
26213858
26219912
26219988
26221253
26221262
26225773
26226216
26226624
26233702
26235577
26236282
26236947
26244661
26255724
26257513
26261574
26261685
26271894
26273643
26275347
26275361
26280894
26284543
26284905
26296466
26297866
26298564
26299580
26300330
26301045
26306884
26318035
26323321
26324025
26327687
26330291
26330758
26332771
26335302
26336341
26337692
26339397
26345325
26345416
26352206
26359030
26368128
26372644
26373839
26378621
26379395
26388263
26398583
26413932
26414199
26416354
26417401
26420067
26422395
26427145
26431905
26435214
26439987
26446137
26450947
26452502
26459286
26459383
26466808
26468954
26472659
26483208
26489513
26499075
26499368
26499759
26499802
26500489
26505388
26509718
26515337
26515559
26520143
26522327
26523671
26525891
26530101
26539534
26544624
26552447
26556603
26557094
26561536
26562529
26568817
26583059
26584282
26585892
26592520
26595549
26601804
26607398
26608583
26612257
26619800
26622348
26626483
26628989
26629991
26633734
26636371
26637398
26639783
26646449
26648253
26648302
26648661
26650960
26655722
26655844
26656366
26657715
26660162
26662303
26666995
26669079
26673543
26679105
26687158
26689352
26708779
26714029
26715164
26716364
26718338
26722316
26722524
26723256
26730840
26740209
26741505
26747057
26747300
26750093
26752489
26755731
26760174
26763348
26768367
26771391
26775664
26776965
26784898
26792944
26794150
26795437
26796034
26804914
26805727
26815359
26818519
26819971
26824501
26827941
26831453
26834854
26845416
26847404
26859194
26862948
26865910
26866273
26867656
26872534
26873964
26876758
26882000
26883442
26885609
26885898
26889251
26890260
26891083
26891914
26893713
26898440
26898441
26899162
26902145
26902357
26902620
26903157
26903296
26909502
26912776
26916238
26916242
26918354
26919088
26921129
26923269
26923291
26923584
26924394
26931472
26931474
26934204
26935021
26935288
26940015
26940203
26945677
26946533
26952036
26952538
26956118
26959057
26964730
26967560
26968221
26971525
26974211
26974318
26975631
26976689
26981165
26986569
26987484
26988912
26990002
26992208
26999517
27001618
27021582
27022940
27033026
27035562
27035655
27041235
27053218
27057271
27061137
27069532
27072559
27072976
27073590
27076782
27080463
27080738
27081083
27081912
27083206
27086164
27086847
27089876
27090017
27098390
27099472
27101740
27102823
27105916
27114721
27117143
27123454
27125385
27125489
27129296
27131751
27131779
27133433
27145368
27151035
27153347
27165717
27166997
27170122
27179781
27180043
27180189
27182450
27186285
27207535
27207584
27208585
27212443
27220637
27237816
27239324
27245255
27246215
27247228
27253997
27255815
27255945
27259994
27260465
27270300
27274198
27275773
27275930
27277186
27285989
27286867
27294899
27296520
27312708
27313401
27317260
27317762
27320865
27323886
27332950
27333745
27339462
27345368
27345396
27346580
27349872
27354409
27356800
27357440
27363270
27367652
27376802
27378396
27383330
27384990
27387128
27398147
27421686
27421775
27423864
27423969
27428754
27429856
27452907
27456392
27460655
27461716
27463693
27470296
27470380
27470548
27474445
27480132
27493486
27494711
27497424
27500459
27505710
27508009
27511015
27514448
27514536
27514756
27515134
27522594
27525514
27526155
27530621
27536685
27547294
27554679
27554864
27561793
27563694
27564107
27566573
27567859
27568287
27569277
27578018
27581103
27582325
27591970
27599451
27600429
27613156
27613163
27613566
27614022
27614220
27614878
27620389
27621036
27623778
27631411
27634039
27635430
27648127
27669815
27686228
27687688
27688165
27690561
27693787
27707605
27708228
27711079
27720890
27725120
27725192
27732642
27732834
27744418
27748572
27748907
27749604
27752896
27756843
27756894
27763638
27764247
27764779
27768839
27771463
27776347
27779675
27780933
27782173
27784320
27791113
27792110
27793039
27793057
27816442
27819261
27824080
27830023
27836195
27836811
27838821
27847206
27853236
27863529
27865166
27871084
27875274
27878231
27878240
27883020
27888541
27889531
27890623
27897112
27901083
27908642
27909699
27910878
27911441
27916095
27916733
27925196
27930969
27960536
27964881
27966786
27968723
27978938
27980322
27989594
27991597
27992935
27998274
28000862
28003215
28003866
28006433
28008797
28017962
28025657
28025857
28030827
28042384
28043832
28052003
28059051
28059488
28061480
28063518
28063949
28069388
28069546
28070138
28073126
28077277
28099528
28101569
28104798
28107614
28109694
28112228
28112277
28116292
28117598
28118644
28122026
28122311
28123944
28124088
28125705
28127381
28135713
28146117
28162896
28166203
28192515
28193316
28193684
28197553
28199510
28213268
28213966
28214851
28214861
28214900
28228259
28236278
28238848
28242208
28249909
28249923
28251652
28252007
28254441
28256111
28257794
28258028
28263817
28270525
28271186
28272704
28273169
28275188
28279889
28300638
28324774
28329314
28329774
28331525
28336124
28338182
28339017
28339034
28339038
28346398
28351214
28351313
28353634
28355560
28356158
28361889
28364022
28364603
28365154
28372727
28380348
28380414
28383763
28389425
28390310
28392411
28393364
28395272
28396013
28417163
28417539
28419207
28420000
28420170
28420272
28425936
28428988
28429887
28434941
28436095
28439078
28439947
28440504
28444663
28445161
28449683
28455824
28456571
28457618
28458345
28466267
28469767
28473059
28478109
28481291
28490015
28495827
28498463
28498637
28504272
28521305
28521414
28526414
28527875
28528294
28532580
28533219
28533555
28533928
28534819
28536529
28537485
28539968
28542607
28544111
28544355
28546854
28549174
28550734
28551846
28553103
28554130
28558013
28565810
28578259
28578521
28578695
28579512
28579886
28580300
28583374
28586000
28586010
28587420
28590410
28599575
28601088
28601780
28606256
28609708
28615249
28627707
28632727
28636886
28642687
28648027
28648062
28652859
28656548
28661724
28664098
28667294
28667519
28667895
28669827
28675985
28676015
28676654
28676953
28677728
28677784
28679650
28681509
28683365
28689995
28693188
28694700
28701484
28706491
28707280
28717923
28720061
28721811
28725474
28726780
28732575
28736426
28740165
28741160
28744004
28752091
28754771
28754906
28755171
28756945
28761287
28765952
28765962
28772080
28776729
28781601
28781618
28782427
28786152
28789977
28792008
28803211
28804612
28804683
28808064
28808418
28808887
28810642
28811647
28816006
28817690
28819432
28819881
28822991
28827681
28837153
28841456
28842251
28842295
28845527
28847722
28849139
28851138
28852469
28856724
28860538
28865806
28867068
28869605
28870631
28878214
28880122
28881659
28881735
28882183
28882678
28883095
28883902
28888043
28888780
28888894
28888980
28898508
28899784
28901505
28903430
28904318
28910974
28912956
28915567
28919365
28919418
28919817
28923345
28923398
28923965
28927063
28928469
28929922
28931916
28937253
28937996
28942443
28943452
28943922
28948423
28949386
28952835
28962417
28962864
28964862
28965081
28966220
28966618
28970250
28970491
28973641
28973994
28974454
28975701
28977967
28977971
28979702
28981116
28983625
28984870
28986066
28988114
28993289
29018134
29021282
29027826
29029428
29029516
29030114
29032153
29035878
29039533
29050034
29050301
29050728
29061338
29070096
29073244
29074993
29081884
29084443
29091865
29104634
29104641
29104855
29105819
29110598
29113798
29115394
29118911
29118980
29133780
29134718
29135935
29138552
29147649
29153609
29162670
29162736
29164153
29174964
29174979
29175458
29175667
29178516
29179491
29184120
29185024
29185343
29187201
29187652
29188534
29189974
29191913
29194618
29199862
29201210
29201214
29203587
29207098
29207181
29209448
29213353
29220696
29225581
29226865
29226969
29228612
29233982
29236311
29238727
29242624
29243149
29245965
29245987
29253500
29257276
29266812
29270246
29274033
29277325
29282911
29285143
29286123
29289683
29291007
29296613
29299128
29302812
29305011
29305863
29306019
29308302
29309760
29311218
29312829
29317167
29319339
29319388
29320743
29325995
29328405
29331532
29333216
29334806
29336238
29340027
29344126
29350822
29351405
29354057
29354820
29358553
29359516
29360226
29363137
29363918
29368247
29371016
29371030
29371998
29374154
29375306
29375382
29376267
29379801
29380418
29382429
29383100
29384425
29390919
29393101
29393366
29393425
29396144
29397536
29402742
29409011
29411515
29413962
29416748
29421577
29422491
29424794
29427626
29428938
29434685
29434702
29434819
29435095
29435152
29436693
29440646
29440709
29444596
29446047
29447962
29449535
29452170
29462806
29474366
29481647
29486220
29487709
29492848
29494741
29501566
29509781
29511198
29512706
29512719
29522896
29523769
29524414
29525677
29535452
29535539
29537893
29540553
29541147
29552311
29552768
29554499
29561961
29571000
29571736
29571747
29574020
29574225
29574748
29575122
29578371
29581566
29584552
29593530
29596586
29600625
29609003
29614311
29614660
29620267
29621765
29623757
29625788
29630527
29632297
29635697
29636061
29643977
29653943
29656187
29656453
29658582
29659739
29672269
29673592
29674003
29675132
29678169
29679894
29680657
29680708
29680964
29688431
29693338
29695913
29700282
29701897
29704732
29710495
29713468
29715067
29715537
29725214
29726032
29726098
29728703
29729281
29742127
29748539
29752296
29752439
29752474
29758202
29771428
29773098
29775898
29782856
29784872
29786760
29786910
29787963
29789426
29796217
29799444
29803744
29804119
29804532
29806860
29807012
29807115
29807611
29808798
29844574
29845299
29845302
29848325
29849897
29851253
29855513
29856490
29859467
29861836
29864483
29864946
29867511
29867921
29869077
29872406
29885463
29886733
29890735
29891446
29896118
29896286
29903170
29904408
29906232
29908321
29913437
29916120
29920283
29922443
29928873
29932801
29937556
29940007
29943083
29943424
29952352
29959974
29962953
29963979
29966698
29973698
29977153
29990691
29992759
29992988
29995800
29996125
29997508
30002688
30009356
30014231
30016782
30016968
30017261
30017425
30019499
30021836
30022154
30022380
30025390
30026098
30026277
30028960
30030618
30033800
30036742
30037017
30038266
30040951
30050056
30050588
30054388
30054532
30055241
30058682
30058691
30059665
30061734
30063937
30067508
30068870
30069662
30071285
30071860
30081678
30082156
30088710
30090498
30091035
30093629
30093977
30096433
30101822
30103847
30110438
30116472
30116475
30118661
30119667
30123131
30124203
30125566
30131769
30132522
30134922
30136405
30137188
30139380
30144466
30144531
30144542
30146412
30147698
30154382
30157481
30158625
30165439
30165671
30178808
30181620
30182136
30184230
30185534
30185537
30186119
30186491
30187480
30190704
30191976
30193128
30196826
30198336
30205735
30206735
30210557
30214535
30216438
30217444
30221742
30224934
30227325
30228292
30232347
30233076
30233218
30235452
30235590
30236872
30237706
30240796
30243024
30246793
30250020
30254249
30254426
30254587
30257253
30266380
30271963
30273928
30295421
30300140
30304565
30305620
30309516
30312725
30315856
30318050
30319540
30319549
30320001
30320918
30324491
30324763
30328477
30336174
30340050
30340832
30342528
30345866
30348778
30350304
30353656
30355933
30359294
30359575
30361109
30365149
30365940
30367115
30368039
30368232
30373873
30374331
30377410
30379096
30380732
30381241
30381838
30386303
30389922
30393078
30393086
30393491
30394333
30399060
30399423
30401407
30401412
30405528
30408478
30409173
30409902
30414004
30415949
30416653
30417353
30422632
30425749
30426321
30426542
30431688
30442237
30443855
30445998
30448921
30448958
30451820
30452596
30455644
30456546
30458128
30459716
30460421
30463299
30464525
30469321
30482883
30483738
30483782
30496037
30496821
30498091
30500551
30503815
30506951
30510627
30514680
30517713
30517871
30518708
30519156
30523660
30525192
30528733
30528955
30529346
30532738
30533173
30534181
30536334
30537158
30537742
30546314
30548678
30552873
30555870
30556210
30558548
30560247
30564092
30565018
30567608
30569158
30569858
30572719
30576653
30578379
30578970
30579931
30581279
30582744
30583632
30590376
30591661
30599900
30603244
30607623
30608184
30614190
30617157
30619097
30619890
30621358
30623565
30632134
30633320
30636176
30637828
30639123
30641770
30641941
30648523
30653603
30654657
30655755
30656723
30660990
30661205
30662452
30664220
30668374
30672645
30673309
30677512
30690290
30690778
30691004
30692222
30696833
30697640
30697969
30701554
30705425
30706373
30707625
30710340
30710424
30716615
30717113
30721374
30726106
30738887
30739913
30746504
30756332
30765684
30771486
30772489
30775803
30776367
30776459
30778838
30783767
30785444
30786847
30788007
30789361
30789795
30793480
30794116
30805760
30809769
30816451
30820512
30820544
30820818
30823686
30825513
30826419
30826489
30835941
30836727
30841451
30842143
30848526
30852656
30854676
30857947
30862606
30864262
30864709
30864731
30868406
30868609
30873124
30876970
30881098
30881341
30889894
30890607
30890694
30890904
30899383
30901738
30902782
30902968
30909652
30910451
30910830
30918470
30918653
30921566
30923307
30926320
30928103
30929586
30930849
30930981
30942428
30945643
30948926
30953735
30954556
30959066
30966773
30967498
30968966
30972182
30973934
30974164
30975275
30980188
30980521
30986766
30988280
30988688
30989893
30998645
31000692
31003004
31006177
31016689
31018150
31020545
31020769
31023999
31026620
31028741
31029687
31038184
31040057
31040695
31041919
31043584
31046448
31053297
31056258
31056532
31056963
31058315
31063745
31063767
31068761
31068817
31070483
31071300
31072928
31073968
31076562
31076789
31077331
31082419
31085209
31087296
31087539
31090265
31092575
31093947
31094018
31099043
31099069
31100089
31101119
31102152
31102754
31105126
31105592
31106362
31106472
31106605
31110473
31111276
31115479
31118021
31118974
31125554
31127273
31127867
31131636
31133857
31139382
31139863
31141802
31142674
31143479
31143972
31144160
31145942
31146010
31146527
31146723
31151734
31152913
31164908
31168914
31169197
31170043
31170533
31170665
31172974
31173166
31173187
31175267
31176830
31177016
31178326
31178972
31180336
31182679
31183612
31187505
31195981
31197980
31199170
31201813
31205917
31208524
31209362
31210330
31210844
31213086
31214115
31214282
31219487
31223423
31223428
31229719
31234024
31236795
31239349
31239350
31241768
31242212
31246318
31247244
31254156
31257461
31258473
31258845
31261609
31261892
31264206
31267567
31270711
31271836
31273630
31273790
31274843
31276230
31279091
31281594
31282985
31284444
31285950
31287252
31287374
31290724
31291457
31294459
31295378
31296102
31296380
31298398
31301307
31305452
31306909
31311301
31312857
31313124
31317367
31321634
31327964
31332904
31333497
31338869
31341634
31348967
31351433
31352788
31354914
31355422
31356832
31357743
31359662
31361524
31362164
31367941
31368279
31368578
31377446
31378931
31383361
31386694
31388827
31390551
31390921
31393272
31393858
31394122
31396314
31400234
31400413
31401032
31401159
31407410
31408587
31409680
31410153
31413827
31418620
31420820
31421133
31421827
31423013
31427083
31429458
31430456
31430865
31430957
31431003
31432093
31442509
31442917
31450612
31450679
31451225
31452717
31461271
31462690
31472180
31480513
31481517
31481873
31486477
31486508
31491460
31494133
31495284
31496673
31497199
31500354
31502386
31503007
31510839
31520990
31521690
31524229
31526389
31527356
31530579
31533364
31535381
31537245
31539617
31545277
31551807
31553614
31558861
31561106
31569558
31572199
31576013
31576091
31576168
31581847
31582722
31583043
31586693
31586990
31591441
31598701
31599935
31602904
31608282
31610175
31618980
31622606
31624991
31629819
31631065
31634777
31635801
31637223
31638409
31645480
31646597
31647955
31651733
31652118
31658172
31658614
31663252
31666438
31669348
31671642
31671915
31672445
31674780
31677062
31677501
31677538
31677784
31678650
31680473
31681271
31684006
31688999
31689236
31692593
31693862
31696601
31704100
31704583
31719515
31733141
31734315
31736786
31737170
31738037
31744213
31746308
31747893
31750822
31752013
31753397
31760527
31761520
31762195
31763496
31765940
31769563
31772635
31776436
31778153
31778646
31781300
31781916
31781938
31786318
31794263
31797473
31799621
31799723
31804494
31807195
31807620
31809227
31809874
31811786
31812544
31819045
31821581
31830513
31832001
31832445
31840716
31842414
31846093
31847890
31854225
31858575
31859031
31866350
31872370
31877121
31877320
31881009
31882861
31883358
31885537
31885776
31885811
31891537
31894250
31894288
31894309
31894851
31898369
31900639
31901246
31901447
31905606
31906014
31916649
31916911
31920915
31927917
31931863
31932301
31933277
31935731
31935815
31936807
31938060
31938100
31938369
31939452
31941613
31942817
31943384
31945382
31947651
31949845
31949882
31950315
31954161
31956305
31957839
31958434
31966440
31966769
31970335
31973537
31974604
31976005
31986489
31987812
31990656
31991227
31991916
31993545
32000299
32000560
32003501
32003755
32005522
32005763
32006744
32007662
32007785
32016958
32017914
32020692
32024159
32025217
32027844
32030786
32030826
32032722
32032850
32033527
32034118
32037392
32038127
32038732
32044992
32045602
32046380
32047577
32051395
32052927
32053237
32056076
32057903
32059483
32061777
32063865
32066295
32067892
32072026
32072402
32072679
32073012
32080328
32081881
32082101
32084459
32086007
32087266
32088214
32089065
32089410
32098511
32098921
32100506
32102680
32106282
32106619
32107000
32110174
32112883
32114390
32114521
32116668
32118205
32120833
32126145
32132865
32139663
32140659
32140928
32145722
32148659
32151067
32152092
32154934
32157485
32158242
32158616
32159232
32159361
32164488
32165310
32180449
32181656
32183682
32187456
32188057
32191778
32193876
32196615
32203080
32205703
32207599
32210812
32210821
32217100
32217463
32218719
32219332
32219698
32221271
32224048
32228195
32228197
32228886
32231180
32233059
32239434
32243922
32247962
32248286
32249404
32251672
32251698
32253651
32253917
32256355
32256951
32259676
32261392
32265516
32267139
32269528
32270032
32273826
32275908
32276460
32280711
32285700
32286137
32290769
32292763
32294855
32296111
32303670
32308399
32308720
32308752
32310828
32312941
32314144
32319533
32319664
32319822
32320382
32320732
32323786
32324260
32324654
32325423
32328069
32329099
32330091
32334029
32335545
32335547
32342656
32343612
32343969
32347300
32349783
32350389
32357375
32360040
32361418
32361710
32364698
32365792
32366137
32366480
32371503
32372957
32377289
32377728
32377734
32377741
32379110
32381096
32395770
32398958
32400763
32402066
32404543
32406303
32406910
32410071
32410477
32411327
32412821
32419528
32419819
32421880
32421926
32425778
32428599
32431616
32432680
32432773
32434515
32437714
32439513
32441492
32441762
32445555
32446297
32446392
32446397
32447184
32448510
32450523
32450691
32452080
32453073
32453975
32457034
32459048
32460965
32461588
32461691
32462510
32468629
32469848
32473249
32476787
32478572
32482710
32485674
32485811
32486051
32487075
32489467
32492628
32494183
32497625
32499111
32499508
32504459
32505916
32508267
32509148
32512163
32514740
32514788
32517436
32518216
32523530
32524313
32528730
32529818
32531731
32532246
32538180
32538772
32538779
32541149
32547094
32549218
32550708
32555442
32556267
32558900
32564014
32565851
32566017
32570218
32572899
32572902
32572936
32574665
32577948
32581761
32583815
32587124
32593198
32595452
32599846
32607257
32615160
32620714
32627301
32630550
32630813
32630842
32633335
32634429
32635836
32636443
32640115
32655803
32655835
32657124
32657157
32657204
32658336
32660255
32665267
32670058
32673294
32676169
32681437
32683581
32685016
32687063
32691156
32691200
32695008
32698791
32702447
32705163
32705273
32707369
32711231
32712089
32712090
32714081
32718291
32725585
32727328
32729989
32732457
32733639
32736661
32739455
32749162
32750437
32754616
32755834
32757458
32758570
32758884
32761762
32761924
32762716
32763301
32765665
32765699
32765761
32767062
32768436
32770555
32771925
32771944
32776826
32777783
32779442
32781630
32782715
32784049
32787548
32790210
32792951
32792971
32793005
32796716
32802201
32802267
32803696
32805401
32811535
32819170
32820326
32820458
32820462
32823491
32835596
32841684
32846774
32848753
32848804
32849821
32852406
32861777
32865007
32866785
32866809
32871523
32878301
32880686
32881246
32884297
32887498
32888158
32888948
32889802
32894639
32896523
32897804
32898442
32899431
32899992
32901689
32901866
32904439
32905193
32905600
32909152
32910356
32911193
32918384
32918742
32922581
32923413
32924710
32926246
32930414
32933202
32950974
32951476
32956445
32956685
32961025
32961796
32967053
32967762
32973948
32985331
32985464
32987101
32987186
32987623
32989246
32997729
33000196
33009367
33009636
33010255
33010892
33011612
33013385
33014276
33014333
33021962
33022863
33023074
33027895
33029280
33034242
33036508
33037071
33037751
33038325
33038659
33040052
33041785
33045622
33046442
33047279
33048320
33049148
33049408
33052416
33053742
33058411
33062139
33064238
33064974
33068864
33068868
33073372
33079829
33084229
33086891
33088945
33095054
33096452
33098065
33098868
33101469
33108744
33110391
33111210
33116729
33117155
33121427
33125086
33130079
33135320
33142293
33149812
33155221
33155431
33155799
33158256
33159979
33160993
33162823
33164435
33164543
33166640
33172325
33173979
33174056
33174070
33175932
33178042
33179088
33183203
33185125
33192549
33193843
33197535
33198615
33198798
33200005
33200801
33202149
33202281
33202604
33204668
33206628
33207945
33209046
33214614
33215529
33220291
33224034
33228716
33230464
33234364
33238655
33241003
33243606
33249095
33250679
33253528
33260513
33262598
33269110
33269829
33275987
33279869
33281991
33283896
33285413
33288747
33292048
33293795
33301839
33304318
33307094
33307898
33310036
33310297
33311978
33313269
33313940
33314534
33314649
33316776
33323018
33324265
33325044
33326114
33326842
33328983
33333715
33335771
33336750
33341453
33345272
33345851
33355373
33358839
33359449
33361403
33362546
33363155
33363176
33363464
33363647
33371812
33371997
33373810
33380310
33381265
33381707
33387462
33388350
33388413
33390835
33390968
33391490
33391511
33392891
33396247
33398541
33400820
33404196
33411880
33412146
33412164
33414819
33415987
33415990
33416133
33421145
33421256
33427556
33430144
33432584
33433144
33437206
33437785
33439015
33448323
33450262
33452667
33453243
33455111
33458788
33459133
33468182
33469262
33476712
33479807
33488795
33488923
33490669
33491221
33491845
33492448
33495841
33507132
33507936
33513830
33515616
33517190
33517853
33519472
33519483
33522649
33523605
33527532
33529717
33534060
33535226
33536350
33539925
33542782
33545830
33546760
33548866
33556299
33556638
33557833
33559894
33561745
33562281
33562658
33565061
33565862
33572672
33573212
33574759
33576435
33577016
33577060
33577915
33577975
33578018
33578292
33580874
33583095
33588051
33589779
33594087
33597872
33600859
33600904
33601000
33603846
33606530
33608631
33609723
33610183
33610658
33611885
33612619
33613450
33617947
33620678
33628038
33628394
33630211
33637691
33638320
33638775
33638947
33639357
33639613
33641223
33643568
33643571
33647420
33649834
33650791
33650806
33657990
33661552
33661722
33664650
33664991
33668369
33668647
33669121
33670751
33675893
33683504
33686759
33687167
33689947
33693011
33709560
33710180
33715628
33716102
33717652
33721961
33723227
33725228
33727197
33727672
33728342
33732382
33735475
33737560
33738067
33747170
33748285
33750217
33758176
33762567
33762927
33763423
33765609
33766523
33767670
33770194
33771967
33772412
33772418
33779856
33781770
33781829
33785094
33787460
33788729
33802063
33802566
33809872
33810216
33812084
33819576
33821324
33823310
33829418
33839495
33841157
33843045
33849829
33849831
33854041
33854178
33854356
33855130
33859553
33859776
33860590
33860595
33862202
33863645
33864594
33867828
33868015
33869205
33872003
33872698
33880382
33882455
33883914
33887491
33894213
33894312
33897448
33901008
33901577
33901876
33904167
33906673
33907818
33907836
33911634
33912959
33913051
33919674
33923297
33924243
33927570
33927645
33931577
33931868
33932899
33935044
33935765
33935952
33942704
33955831
33957017
33957971
33958586
33959772
33965557
33966249
33967268
33968038
33969611
33971886
33974755
33976753
33978298
33981237
33981481
33984362
33985371
33986859
33987074
33987098
33987177
33995025
33995069
33998544
33999329
33999341
34000515
34007301
34010066
34010594
34010730
34013372
34014438
34017061
34018660
34021216
34023442
34029668
34029951
34034499
34034759
34039367
34042046
34044769
34045876
34047325
34049472
34051279
34051377
34051800
34052838
34054544
34060014
34063079
34073102
34073604
34078001
34080028
34087318
34088068
34089817
34089864
34096221
34097558
34097717
34097876
34098144
34099590
34101754
34102281
34103440
34108855
34110576
34113144
34116043
34119591
34122721
34128987
34130091
34138962
34139124
34142887
34146302
34147543
34152844
34153662
34162146
34162151
34163012
34171408
34171447
34173673
34175265
34184072
34187277
34187948
34188177
34188208
34193673
34194558
34205021
34210242
34214916
34216621
34217286
34220528
34221003
34225609
34227244
34229059
34234670
34235106
34239694
34243681
34245841
34246189
34247566
34248837
34248992
34251648
34252390
34256387
34257705
34259031
34259411
34262136
34262905
34265406
34265417
34267535
34269838
34273848
34285539
34286801
34288819
34292112
34294459
34296298
34299206
34306342
34308769
34309383
34311030
34313929
34315467
34326919
34328346
34329615
34332919
34333021
34333032
34336116
34339961
34340571
34342160
34345383
34350248
34352672
34355499
34356358
34363387
34364937
34366270
34368883
34371139
34377766
34379994
34381712
34384029
34394832
34395427
34395544
34396581
34397817
34403762
34407393
34407842
34411362
34418127
34421312
34421358
34422218
34431434
34433910
34434166
34435654
34436888
34438030
34448640
34451729
34454165
34455406
34457050
34459925
34461809
34463232
34470993
34471236
34471421
34472357
34473715
34475980
34483906
34484410
34484659
34494279
34498499
34506597
34507120
34507636
34509564
34512782
34514556
34515779
34518478
34520103
34523745
34526113
34530105
34530111
34530866
34532100
34532419
34537933
34540999
34541816
34549339
34550617
34552480
34554451
34556628
34558635
34559876
34562675
34563044
34566664
34576342
34578872
34580283
34584539
34585441
34586578
34588978
34590155
34590923
34597611
34600475
34601002
34602075
34602486
34603517
34605151
34608629
34608806
34609722
34611179
34614532
34616289
34616305
34620210
34622167
34624463
34626874
34628269
34629749
34630099
34630111
34631698
34632965
34638362
34642302
34645465
34646427
34647720
34648696
34648904
34655390
34656137
34659883
34660182
34663249
34663520
34663844
34665857
34670596
34676022
34678220
34679755
34681600
34684660
34686466
34689102
34696659
34696682
34698105
34699919
34704713
34707711
34708240
34711685
34711699
34712381
34719479
34719845
34721636
34724621
34725563
34730891
34731560
34735512
34737150
34738708
34738906
34739715
34740213
34741362
34743197
34746831
34747550
34749061
34751117
34751438
34757047
34757082
34757706
34758863
34759275
34760013
34768078
34777682
34777693
34780751
34780888
34785090
34785414
34787067
34796103
34796214
34800264
34800293
34804363
34804889
34806822
34808462
34810287
34811786
34812690
34817332
34818027
34818543
34822940
34826042
34826187
34826546
34827212
34829709
34833421
34840264
34842334
34843934
34847407
34849192
34850960
34853445
34853966
34856334
34861210
34866322
34866331
34867002
34867800
34868528
34871625
34873458
34876217
34880753
34881386
34887866
34890308
34893074
34896110
34899332
34899349
34899720
34903884
34903998
34905594
34907162
34923879
34925065
34925701
34928346
34928817
34930287
34931132
34934336
34934403
34934771
34938181
34939720
34942940
34942974
34943019
34943060
34943075
34951248
34951978
34952202
34956378
34957557
34961513
34968641
34968927
34970343
34970875
34972709
34973289
34977130
34977164
34982643
34984185
34984826
34987698
34989469
34994144
34994384
34999115
34999393
35001440
35002516
35003293
35013144
35014081
35018806
35021217
35022006
35024186
35026589
35029032
35029280
35029291
35030965
35032049
35034265
35035666
35037196
35040315
35042497
35042949
35046684
35048998
35051560
35053883
35059981
35066501
35066822
35069991
35072003
35078566
35081907
35090502
35090883
35092334
35093467
35094239
35094303
35096293
35100313
35105933
35106540
35109721
35109750
35116508
35116658
35117782
35119190
35122774
35123185
35123232
35123833
35124181
35126819
35130906
35132380
35132913
35134122
35136993
35137611
35137916
35146598
35155508
35158021
35159154
35162978
35163153
35163314
35166127
35166167
35166533
35167638
35167998
35169297
35174626
35181615
35183223
35188840
35192400
35200626
35204824
35207605
35209148
35209787
35210750
35211764
35212616
35213700
35217651
35219729
35221861
35222012
35222713
35223094
35225027
35228549
35229281
35229761
35234049
35235362
35237220
35238502
35240662
35240708
35241966
35244516
35247119
35249875
35250263
35252011
35253650
35254877
35258628
35260907
35264015
35265264
35267521
35267956
35268452
35273493
35274762
35275221
35275845
35277012
35281603
35281891
35281931
35282131
35283251
35286233
35289767
35293223
35293599
35293601
35296520
35297474
35301252
35302431
35305383
35307341
35307376
35308177
35318101
35318613
35325199
35327614
35328586
35341153
35342358
35344811
35344846
35346383
35349711
35349834
35350833
35351862
35352247
35353360
35354089
35355867
35356205
35356265
35359990
35360200
35364735
35364737
35365152
35370668
35370723
35381294
35385250
35386302
35387119
35387300
35389569
35389887
35395161
35395162
35396903
35398714
35399170
35400480
35401226
35405266
35405615
35408452
35408745
35411221
35414509
35415678
35416184
35416346
35416649
35417465
35418273
35419167
35419389
35420377
35421633
35425455
35427023
35427030
35427711
35428355
35429577
35431653
35431914
35432540
35434547
35435227
35439546
35445360
35447391
35448021
35449317
35450649
35452563
35452761
35452917
35458241
35459621
35460396
35460951
35480869
35484199
35485931
35490894
35491985
35495603
35496046
35496289
35498835
35499816
35501316
35502827
35508613
35514335
35514612
35516259
35517847
35519896
35524559
35527482
35528522
35529648
35536062
35536066
35536234
35538036
35538041
35538195
35540288
35541395
35541657
35541916
35543972
35546771
35548408
35548580
35558879
35561022
35561843
35562067
35563167
35563336
35566069
35568871
35570299
35570830
35571130
35571425
35576990
35578689
35580962
35582617
35586807
35592508
35593271
35594000
35594890
35598369
35605789
35606613
35606908
35609366
35609417
35609756
35616799
35620575
35620603
35624499
35626727
35629418
35629426
35630070
35631233
35631426
35634375
35634495
35637037
35639233
35639235
35644425
35644685
35645821
35655597
35656466
35657458
35658237
35662052
35664431
35664563
35665875
35668361
35668641
35668772
35669720
35673478
35674129
35674253
35676781
35680793
35684158
35688305
35689269
35693703
35695654
35697188
35702070
35703318
35708276
35713568
35714482
35715069
35715546
35721758
35721807
35724506
35730622
35730625
35740104
35740955
35743074
35747148
35747159
35747748
35761309
35761350
35762319
35772375
35773717
35777120
35778952
35780560
35781023
35784690
35784748
35785561
35785578
35786120
35792779
35796227
35796424
35797010
35799705
35809215
35810595
35811055
35811306
35811457
35813294
35813324
35815429
35816943
35821263
35821533
35835182
35839539
35839571
35839949
35841247
35841654
35842731
35844005
35845569
35853732
35853978
35855863
35863508
35866843
35869722
35871535
35874807
35879403
35879450
35879453
35880107
35880276
35882013
35883777
35888719
35889833
35889860
35890118
35892312
35893393
35894157
35895130
35895511
35896045
35896572
35897743
35897843
35898819
35899710
35899925
35900665
35906886
35907080
35907249
35909524
35909530
35910360
35913552
35915458
35922815
35929638
35930860
35933747
35935939
35938965
35940914
35941856
35943429
35945571
35947042
35956321
35958481
35958506
35959106
35961209
35962175
35962432
35963161
35965828
35968712
35975846
35976439
35981887
35982488
35983375
35983933
35985370
35985610
35986807
35986876
35987147
35988282
35990954
35996378
35996683
35997855
36001204
36001411
36004485
36005430
36007603
36008890
36012191
36012370
36014845
36017237
36029207
36029487
36030331
36035216
36037877
36039087
36044116
36047349
36049159
36051666
36051689
36052119
36056792
36056948
36057883
36058294
36059399
36063295
36063537
36064420
36067838
36071344
36072335
36073820
36080311
36081910
36086802
36086922
36086947
36091381
36091956
36097021
36102153
36103428
36105479
36105616
36106027
36108371
36108437
36114835
36118706
36119099
36119841
36122662
36124014
36125665
36129595
36136587
36138054
36139815
36142156
36144547
36145164
36145233
36145841
36148232
36150345
36152759
36159018
36161741
36162566
36162742
36169947
36170022
36177213
36183668
36183783
36183792
36184790
36186127
36194985
36195303
36200529
36204138
36206595
36207817
36222184
36223844
36224002
36224490
36225175
36226790
36227279
36233020
36235592
36235621
36235670
36238483
36238648
36243396
36259465
36261693
36264146
36264662
36266756
36268996
36269134
36269615
36270424
36274412
36274941
36277894
36289272
36289866
36292575
36301023
36304485
36304672
36306110
36307623
36308972
36309049
36309839
36312736
36313381
36314441
36314728
36315371
36321482
36322362
36322781
36326099
36326533
36344525
36346004
36347302
36350269
36350417
36350618
36352829
36355510
36356459
36356720
36359987
36362370
36364732
36378531
36379180
36379465
36381247
36399798
36399995
36401446
36408244
36415270
36416225
36416353
36423574
36429035
36429082
36429130
36430183
36430438
36431802
36437743
36437988
36438786
36441689
36443854
36455829
36459324
36460715
36463442
36463943
36466662
36469209
36476345
36479179
36481976
36495299
36497176
36497294
36498847
36499047
36499308
36499460
36501130
36503597
36505828
36506574
36506933
36510377
36517234
36521060
36521549
36521584
36522127
36525212
36525817
36527706
36528304
36529079
36533128
36534240
36534294
36538848
36538860
36538986
36543019
36549428
36550222
36552538
36555502
36558448
36561976
36562343
36562934
36566971
36568088
36572901
36574744
36574869
36576135
36576230
36577153
36578580
36580159
36583098
36584755
36584783
36587501
36597133
36601735
36604058
36608000
36608839
36609811
36617833
36621294
36623767
36624641
36626267
36627572
36629037
36630695
36632457
36632467
36635566
36639616
36639922
36641776
36642102
36643587
36646968
36660274
36670462
36670479
36678549
36680375
36681380
36682830
36688407
36690678
36693551
36694438
36697484
36700474
36701891
36702833
36703306
36707890
36708428
36708847
36709594
36715143
36716673
36719855
36724639
36725745
36738503
36740224
36740765
36745337
36746356
36746866
36747753
36747995
36749073
36754339
36757027
36761003
36771251
36772811
36773264
36773561
36777361
36777717
36779914
36781043
36790647
36792384
36799156
36804890
36805249
36806342
36808657
36809667
36811345
36816952
36820068
36823436
36823760
36827644
36839166
36840496
36840968
36841283
36843934
36846003
36858511
36859839
36860449
36863641
36865484
36869336
36873184
36878051
36880403
36881089
36881408
36882816
36882837
36883265
36890713
36899375
36902127
36905265
36906829
36907361
36913116
36913894
36915137
36916085
36916335
36916469
36926277
36926612
36930820
36930831
36937895
36941497
36944380
36949521
36950610
36950885
36965257
36974791
36975503
36977588
36978879
36979007
36979272
36982615
36987793
36988541
36989169
36990198
36999158
36999403
36999514
36999720
37002582
37004174
37004404
37013347
37013424
37013861
37016140
37017405
37017851
37021065
37023393
37027942
37028458
37030617
37036563
37038833
37040811
37044036
37047134
37047494
37047630
37057207
37057212
37059492
37059848
37063423
37064953
37068341
37070938
37077409
37077959
37078094
37083064
37087022
37087591
37087770
37088752
37089931
37099021
37107244
37109017
37111290
37120838
37124257
37128130
37128721
37132753
37138146
37142272
37144119
37144632
37146842
37146843
37148702
37148771
37150421
37151061
37153051
37153902
37154707
37155314
37162725
37166968
37168854
37169475
37170155
37173894
37175937
37182777
37183461
37184727
37187128
37188618
37190306
37190639
37191889
37192244
37192549
37193033
37195614
37196685
37200907
37201050
37201414
37203402
37206232
37209153
37209830
37210015
37211747
37216862
37223716
37224954
37227544
37231890
37232381
37234960
37237729
37239191
37240813
37242510
37242544
37244597
37246430
37250166
37252330
37255790
37255806
37256428
37257226
37258580
37259448
37261605
37261640
37265106
37266148
37266842
37267941
37268558
37270127
37273278
37276895
37277492
37278055
37286723
37293270
37293593
37294424
37295765
37300675
37301191
37302369
37304466
37309595
37309898
37311988
37312617
37314083
37315437
37316402
37318001
37318652
37323056
37326632
37327514
37327742
37330920
37334825
37336331
37336718
37342222
37343148
37348794
37353174
37353481
37353804
37354359
37354698
37354967
37364692
37366125
37367070
37371708
37371719
37373917
37377248
37379905
37380525
37381962
37385332
37385788
37386058
37388372
37388553
37392658
37393616
37401647
37405586
37406884
37410029
37415610
37418974
37420111
37421224
37421777
37421782
37422782
37427032
37428803
37431481
37433152
37433399
37433745
37436013
37436145
37436358
37437414
37437439
37438900
37441551
37446264
37451666
37453193
37454630
37456463
37459783
37459939
37461687
37465926
37467820
37467842
37475042
37476496
37483428
37485771
37486605
37487007
37488808
37490168
37494875
37497868
37499928
37501791
37502587
37503724
37507744
37509819
37511041
37511397
37512162
37513404
37513918
37516255
37524234
37530744
37530871
37531448
37534224
37534327
37534793
37536458
37537789
37544448
37544635
37545421
37549864
37554307
37556956
37557919
37560982
37561331
37562090
37562290
37564636
37565313
37575080
37580045
37580391
37580925
37581638
37583461
37592394
37595499
37597099
37597585
37597642
37598127
37598852
37598893
37600790
37602204
37602306
37602729
37605419
37608672
37611465
37611644
37612419
37614134
37622049
37625288
37627483
37627550
37629033
37630980
37633053
37633598
37634749
37634813
37636971
37639793
37640247
37641009
37644328
37644785
37649589
37650573
37650880
37652148
37652155
37653677
37664157
37664712
37665248
37667545
37667739
37670386
37673677
37676057
37679295
37679377
37690472
37695462
37695728
37696385
37697693
37700429
37700818
37701236
37703929
37704750
37707556
37707697
37710272
37711250
37711385
37711761
37715217
37715252
37717314
37718350
37722617
37724283
37724538
37727440
37728854
37730113
37735113
37735151
37738832
37740216
37741128
37741321
37741535
37742607
37744845
37747800
37752041
37752609
37753701
37756162
37758217
37759532
37762214
37765022
37768524
37770579
37771539
37772906
37773768
37774988
37776468
37777750
37778683
37779142
37782636
37791116
37792632
37796743
37802374
37804655
37806250
37806254
37807333
37808345
37811248
37812361
37814948
37816710
37819390
37820856
37820952
37830900
37832908
37833921
37838812
37840012
37842901
37843077
37844379
37853305
37859612
37862340
37862737
37865165
37865226
37865300
37866306
37866458
37866664
37866951
37868628
37874693
37880599
37882238
37882710
37884285
37888753
37892107
37894275
37898288
37898395
37898621
37914019
37914362
37918392
37921054
37929344
37934372
37935950
37937491
37940580
37944962
37946007
37948437
37949422
37949849
37950568
37952424
37955280
37957697
37959727
37959807
37962211
37965063
37980552
37982284
37984910
37992411
37996156
37996424
37998365
38000773
38001390
38001859
38003363
38003402
38006398
38010098
38012555
38012570
38012584
38013002
38015533
38017499
38020718
38021265
38027181
38027872
38034793
38035937
38036217
38038164
38042225
38043873
38044396
38045194
38046466
38052260
38054576
38056123
38059322
38062807
38063102
38066346
38070469
38070792
38071166
38077239
38079523
38081531
38081572
38085419
38089432
38089747
38095615
38097099
38098324
38099440
38100537
38104246
38107906
38112214
38112964
38115075
38116565
38117470
38123053
38124972
38125153
38125358
38126919
38128534
38129202
38129872
38132490
38134189
38136219
38136977
38141805
38145729
38146686
38147776
38148923
38149816
38150134
38158682
38159826
38167952
38170428
38171388
38172692
38176339
38176954
38181705
38181933
38183511
38185065
38185107
38186314
38186996
38189854
38192540
38194959
38198955
38201552
38202844
38205320
38211965
38214831
38219620
38223667
38224665
38225924
38228115
38228655
38229313
38230106
38230793
38230845
38231482
38234193
38234630
38237370
38237514
38238857
38240573
38242371
38244675
38245621
38245795
38251967
38253131
38254035
38254681
38254877
38255792
38261006
38264875
38267754
38270305
38278820
38280463
38280475
38281279
38283900
38288478
38293041
38293975
38293991
38298236
38300636
38301977
38304233
38305254
38305829
38308901
38308957
38309678
38311136
38318046
38320624
38322899
38324733
38325452
38325588
38326276
38333759
38342846
38345758
38345973
38350170
38353392
38353742
38354494
38357569
38360728
38364937
38367463
38367920
38368134
38370231
38372810
38373669
38373741
38378085
38393490
38396638
38396793
38397428
38397769
38400872
38401214
38401628
38402989
38403349
38404180
38413976
38414466
38416341
38421553
38428311
38430013
38432395
38432408
38438062
38438663
38440177
38441021
38441571
38443596
38445453
38446387
38447888
38448466
38452414
38452903
38453773
38456535
38461631
38464786
38465215
38466472
38466649
38467213
38467242
38469746
38471363
38471628
38474102
38479243
38482749
38485732
38488331
38490396
38490497
38490587
38490806
38496895
38500063
38513577
38515723
38518720
38524603
38526939
38527697
38528569
38530514
38532482
38532813
38533551
38539819
38543018
38543036
38549461
38552433
38554393
38555046
38555717
38558173
38561456
38561625
38563049
38563760
38566123
38567711
38567882
38567911
38575099
38575105
38577419
38579307
38581065
38581908
38582274
38586339
38587058
38587514
38587753
38593636
38598962
38599114
38606478
38608473
38608474
38608885
38612458
38614295
38618521
38622810
38631487
38633216
38636201
38636610
38637425
38645486
38649202
38649205
38650126
38653852
38654563
38658093
38663003
38663197
38668818
38670408
38671834
38671868
38672209
38673833
38677202
38678130
38678672
38697011
38697492
38700532
38705537
38706642
38715815
38717633
38718436
38718660
38721924
38722185
38723523
38724770
38727159
38729522
38729537
38732001
38735943
38739197
38741475
38741587
38744177
38745862
38749190
38752665
38753634
38753762
38756351
38759366
38759522
38759901
38761896
38762495
38763051
38767771
38775850
38776115
38778385
38782822
38783169
38783542
38784035
38786250
38790038
38790655
38792610
38794171
38795455
38796575
38796716
38798402
38803612
38803993
38805142
38807218
38807423
38808395
38814725
38815349
38818814
38822026
38823208
38823597
38824834
38825495
38825496
38826012
38827734
38828289
38828455
38828629
38829772
38831231
38832279
38832987
38834003
38838636
38840778
38841722
38842177
38843127
38843948
38844017
38849816
38851104
38851752
38852519
38856814
38857790
38864709
38865161
38866362
38871090
38872258
38874804
38876213
38885233
38886190
38886542
38888497
38892389
38899498
38901196
38904464
38906004
38908209
38909090
38910870
38914914
38918140
38920138
38920697
38929114
38936217
38940352
38941921
38946587
38953935
38953971
38959496
38963052
38963340
38963551
38968575
38969582
38971248
38971269
38972308
38976132
38978181
38979400
38987448
38987852
38993557
38994619
38994737
39000568
39001907
39009722
39010253
39012929
39014438
39019341
39026915
39026923
39029436
39029735
39030438
39033253
39036524
39037126
39039374
39043740
39051083
39053682
39053794
39054711
39055231
39056330
39058737
39059350
39059685
39059737
39060523
39067401
39074306
39074701
39078281
39080028
39081309
39084281
39087769
39089659
39090182
39100317
39105797
39107183
39110393
39111521
39113710
39117137
39119966
39126109
39127087
39128469
39135915
39136510
39136605
39139170
39140682
39142179
39142556
39147198
39147682
39148994
39153281
39160173
39168543
39170442
39172877
39175549
39177155
39177995
39179867
39182259
39182271
39198693
39199181
39199358
39201341
39208799
39216775
39221615
39221837
39222864
39224743
39231729
39232832
39233207
39236097
39238841
39246654
39247793
39250437
39254492
39259412
39260321
39262249
39264516
39266959
39267513
39268676
39269018
39269450
39269678
39270444
39271099
39273039
39273230
39273653
39273677
39276172
39277092
39277093
39280180
39281556
39284947
39285243
39286166
39287671
39290181
39295935
39296097
39299094
39302422
39303543
39303797
39305980
39307311
39308310
39308347
39312125
39313277
39313797
39314751
39320410
39321514
39325807
39326462
39326761
39328137
39330985
39334185
39335456
39335583
39341123
39341266
39343109
39344320
39344773
39345898
39347884
39350330
39351827
39356446
39359253
39362518
39373058
39377404
39381984
39386846
39389393
39390633
39390839
39391060
39392360
39394181
39395147
39395323
39395651
39396713
39399725
39399880
39401830
39401943
39403142
39403317
39404841
39406930
39408861
39409719
39413939
39419946
39428026
39432066
39437685
39438407
39441175
39448197
39454820
39455916
39467719
39470049
39474345
39476564
39476876
39476942
39477471
39477483
39482340
39484819
39490247
39491401
39491816
39492487
39494323
39494381
39497328
39500463
39502604
39505163
39510053
39513140
39514580
39515602
39515682
39519712
39519726
39520138
39520538
39522615
39523096
39523210
39524399
39524853
39527654
39531447
39534638
39536040
39536426
39542187
39543417
39543653
39544778
39546858
39552449
39556135
39557133
39558119
39562615
39566406
39568318
39571696
39571718
39572758
39575188
39575388
39575456
39577614
39580018
39581185
39584357
39585206
39586748
39587213
39590990
39591723
39591744
39596439
39596482
39596990
39598406
39600987
39603038
39606269
39611936
39612054
39612426
39613495
39614673
39617052
39617088
39618038
39619997
39621506
39625485
39626535
39631297
39635433
39635829
39636316
39640486
39642559
39642562
39643020
39643189
39644364
39647799
39647810
39651323
39658647
39660635
39662059
39667427
39671057
39672084
39672476
39672685
39676853
39679288
39680356
39680523
39682063
39684254
39687299
39687972
39691298
39692360
39693024
39693143
39693775
39693905
39694016
39698933
39702605
39702722
39706642
39714391
39715985
39719253
39720269
39720782
39723061
39725607
39726313
39726785
39727955
39729025
39732105
39733803
39734256
39736106
39736459
39740274
39740742
39744519
39746462
39746502
39752998
39755881
39758288
39761875
39766219
39768567
39770532
39770737
39778687
39779529
39783838
39786573
39788286
39796360
39796441
39796454
39798476
39799025
39799560
39800699
39800885
39801683
39804049
39806981
39807105
39807206
39807243
39810231
39818485
39824342
39825065
39827225
39831923
39832686
39834836
39837063
39844245
39845948
39855833
39857404
39862006
39862101
39862637
39864603
39867253
39867884
39871297
39871746
39872048
39872750
39874993
39875022
39877631
39884630
39885382
39886968
39889410
39895866
39906090
39908772
39909319
39909784
39910977
39917927
39920738
39921077
39922067
39929419
39929631
39930816
39934003
39935420
39936444
39939446
39943761
39944403
39946982
39947344
39947565
39951832
39953605
39955367
39959464
39962534
39964551
39966817
39967065
39968084
39971221
39971240
39972472
39976091
39978533
39978615
39979353
39980436
39980831
39982689
39983332
39983516
39984014
39986231
39986364
39988974
39988985
39994309
40000535
40004131
40006061
40006577
40006932
40008377
40008520
40010009
40011269
40014196
40015656
40017009
40017255
40019682
40020386
40020529
40024217
40025506
40026072
40029260
40033663
40041901
40042133
40048058
40049265
40052151
40054674
40054718
40057076
40058656
40059048
40059449
40061480
40061482
40062538
40069164
40069808
40071363
40074213
40075208
40076701
40079831
40081728
40082921
40084394
40084693
40089423
40091033
40103671
40105923
40106902
40106967
40107184
40109363
40113885
