10197527
10482237
10575218
10864954
11404413
11414793
11426225
11804570
12040061
12097499
12141442
12384551
12488830
12615722
12876276
12881718
12954881
14662852
14735202
15007828
15020772
15130495
15312516
16211308
16377904
16423696
16439476
16439689
17268810
17383681
17609981
17704564
17968499
18377713
19033678
19048120
19100240
19350278
19498462
19550140
19759280
19783284
19855388
20008733
20029409
20068157
20153733
20298689
20471970
20622896
20944010
21113198
21135133
21148069
21264840
21315131
21349947
21385904
21435555
21627385
21857494
21894562
21966548
21986575
22198087
22241990
22313734
22315090
22433866
22609481
22613430
22719878
22826604
22865890
22875847
22898079
22912413
23284807
23294842
23302812
23314850
23320558
23381221
23671423
23702092
23736842
23766538
23811810
23903657
23933755
23994690
24209757
24272999
24287947
24297051
24448236
24456709
24524607
24673457
24777535
24840330
25030704
25130654
25326112
25329354
25333347
25366972
25465073
25489114
25490006
25504371
25590802
25605242
25613543
25755718
25786906
25789001
25864959
25894826
25904499
26002231
26021305
26026792
26047956
26143868
26159615
26244297
26264936
26282852
26297762
26400100
26440891
26456684
26550694
26713366
26738857
26745454
26764532
26841069
26869008
26876562
26935705
27082735
27176045
27263295
27431199
27503415
27521753
27586786
27659325
27686659
27819291
27882344
27893610
27916173
27923383
28147273
28163057
28190892
28260032
28389649
28485101
28956369
29019900
29107007
29299781
29317497
29523788
29610848
29660433
29743814
29752312
29907785
30021803
30085336
30111362
30177526
30187867
30381256
30510066
30648543
30717252
30739251
30842157
30846360
30881290
30896071
30906431
31081721
31084928
31110475
31194736
31242633
31356825
31393085
31545977
31791578
31964527
32062757
32086386
32213157
32292352
32378435
32383358
32398956
32712053
32738556
32760720
32788329
32807784
32824848
32910739
32968816
32999457
33028376
33030140
33068960
33079290
33120864
33191581
33196021
33236535
33275139
33318057
33318575
33367675
33481259
33574432
33613201
33621954
33994352
34093772
34164471
34181595
34341180
34373728
34400395
34410632
34414975
34490644
34543483
34598907
34660572
34722297
34777365
35022732
35053460
35182953
35615148
35656971
35797970
35838343
35853810
35906386
36054348
36250924
36278546
36411451
36469291
36533189
36753373
36792623
36894950
37044216
37097589
37158474
37311584
37443302
37707834
37773612
37818138
37899442
38122948
38441217
38487955
38591541
38714291
38902704
38937814
39072408
39107299
39143744
39239546
39272149
39627070
39687694
39747879
40073268
