11443047
12702769
14550534
15231749
15534609
16211308
17306799
19741192
20298552
21078908
21152026
21743955
22328420
22614124
22641771
22922792
23536828
23720784
24090675
24286238
25051436
25325980
26045181
27082735
27346270
29504949
29764562
29859044
30288875
30389141
30454882
30483073
30726731
30851489
31154721
31696592
31880824
31949717
32133214
32209227
32470195
32644051
32762475
32949671
33318057
33574707
33794389
33933663
34423586
34782792
35288626
35318077
35649495
36017912
36278546
36636821
36752296
36793891
37030497
37148243
37596575
37686444
37830982
37918086
38003169
38414132
38700874
38800023
39257984
39386533
39479352
39510846
39637471
