9094310
9101086
9111321
9150356
9153220
9197523
9214507
9214508
9285566
9288972
9311995
9328171
9331080
9346908
9346966
9372933
9389648
9420335
9436979
9482899
9501027
9502722
9502724
9506519
9515793
9520423
9582123
9606191
9660945
9679060
9707553
9732876
9792626
9811934
9812998
9838102
9862572
9863018
9865717
9867367
9990040
10022869
10064600
10207044
10327057
10328134
10340381
10340387
10398437
10408907
10415848
10436786
10451707
10455879
10479724
10487520
10490821
10531318
10559222
10559252
10620018
10626800
10636910
10636916
10647180
10670756
10698524
10706106
10708962
10719364
10753944
10767528
10773876
10781087
10791953
10811127
10814522
10819637
10822381
10871368
10887185
10944227
10962574
10980615
10993648
10995883
11002426
11007770
11013220
11062049
11074002
11074605
11115575
11159190
11170475
11196171
11197776
11211785
11230153
11231077
11234879
11244507
11265759
11274206
11278302
11278805
11352818
11371552
11385614
11391801
11401854
11438451
11442661
11456453
11480790
11481457
11553622
11583957
11700304
11745435
11751474
11751510
11786386
11787853
11788714
11791187
11818334
11836524
11857783
11866987
11894128
11920286
12010891
12044892
12060625
12075447
12077092
12096346
12116240
12140283
12168833
12180137
12203117
12209716
12226080
12237773
12378510
12378511
12414519
12414627
12417513
12419246
12429655
12432092
12443883
12454109
12456495
12469138
12479060
12548549
12557227
12569386
12576474
12592392
12618756
12619158
12621041
12622415
12630959
12631740
12647004
12740389
12753287
12794086
12801888
12813045
12821112
12857746
12860278
12866583
12896967
12905795
12909738
12917407
12952364
14501814
14508516
14514699
14520001
14525983
14534532
14551209
14555988
14570593
14597578
14607700
14612439
14615933
14630909
14630914
14639103
14647410
14647445
14671321
14687032
14699069
14715079
14750902
14760075
14762439
14766211
14966294
14988407
15017584
15028714
15031030
15033661
15036506
15042598
15095268
15110786
15135236
15144596
15157044
15161498
15183844
15188399
15215210
15288293
15289325
15314162
15344310
15361290
15447767
15501972
15531914
15546158
15547741
15592526
15610403
15637079
15645498
15698987
15707600
15711323
15736060
15737733
15754356
15814640
15817471
15820681
15843168
15855639
15867212
15880772
15881652
15886208
15899814
15912508
15940269
15990641
16004987
16023633
16082587
16083599
16135802
16144935
16146757
16151019
16152648
16170355
16204035
16251046
16256024
16260274
16288217
16320109
16330325
16368780
16438724
16478646
16489022
16513794
16518688
16533795
16550207
16597033
16613914
16617361
16627986
16722941
16735447
16739311
16751102
16767220
16786127
16791201
16849541
16859125
16865698
16886611
16917866
16928297
16953227
16959768
17016646
17023741
17043799
17067601
17088901
17114584
17132729
17167985
17200344
17272273
17289018
17300215
17301079
17308096
17349581
17353364
17362581
17366784
17369830
17390050
17439748
17452626
17469085
17478078
17550966
17585069
17587453
17587818
17591695
17638848
17643425
17724086
17786972
17804724
17845804
17854080
17869237
17960585
17964566
17997817
18045816
18178612
18184786
18213629
18246672
18268325
18310076
18310088
18315922
18321803
18334251
18339330
18347281
18355998
18367323
18425078
18426856
18446800
18505344
18507057
18519681
18595660
18620728
18664273
18692037
18694570
18695001
18714391
18783722
18787631
18807044
18823382
18949401
18981480
19002110
19014666
19073883
19087590
19091845
19135880
19135894
19144825
19183329
19204324
19266212
19270816
19284991
19288748
19321257
19341727
19361496
19385047
19478385
19516008
19528490
19564721
19582869
19584151
19624886
19626374
19686287
19690946
19703995
19747809
19752858
19793887
19834456
19836350
19841536
19841540
19849841
19856310
19874697
19888897
19901970
19909744
19940863
19959815
19996292
20007318
20011660
20065949
20071012
20087440
20101697
20118412
20180078
20196951
20235236
20237276
20307265
20331650
20371653
20404275
20456468
20473902
20565773
20577838
20608350
20622003
20682711
20682989
20685751
20685810
20734429
20735985
20797318
20862427
20877696
20941375
20969946
21036691
21089072
21105199
21112326
21126430
21159776
21245094
21255090
21259057
21273545
21289291
21289624
21292728
21294585
21300867
21318824
21318825
21324314
21330551
21352803
21376704
21397841
21421563
21448710
21465659
21471525
21472236
21475783
21475793
21486406
21490069
21492476
21523323
21540640
21571225
21572342
21597466
21609932
21705453
21709185
21724602
21726607
21727743
21728174
21768661
21782795
21786062
21791112
21799915
21835029
21874046
21881210
21890179
21900682
21913159
21956276
21964812
21968601
22002709
22020746
22024061
22028478
22048127
22056587
22109972
22115830
22121494
22130069
22158539
22195733
22209340
22243968
22266936
22301403
22316667
22321641
22331366
22351431
22370000
22377565
22438570
22462691
22469842
22504380
22506032
22507670
22517699
22558986
22585601
22617360
22644379
22674574
22689943
22710759
22711472
22735812
22745309
22772757
22799322
22805880
22821565
22842877
22860091
22932243
22945649
22965423
23018642
23034633
23047509
23053665
23090737
23112421
23139211
23154409
23184087
23205135
23221074
23226455
23228961
23239472
23303231
23326519
23360922
23362281
23393589
23399955
23406900
23443316
23470568
23538390
23591524
23592428
23645233
23648546
23765158
23794345
23805267
23818325
23826135
23863096
23888243
23891973
23905376
23975369
23981608
24006258
24025354
24074918
24101723
24108699
24127404
24211445
24223846
24233196
24235142
24265041
24272204
24307592
24312718
24337404
24340014
24382352
24384683
24386371
24398790
24501173
24504368
24504874
24509415
24525188
24525918
24553180
24613014
24618609
24625091
24641900
24659668
24665063
24704720
24715504
24739304
24746831
24784840
24859161
24862343
24866243
24928394
24941801
24944686
24971350
25029242
25031360
25039015
25060566
25060702
25061104
25119169
25127126
25137849
25185054
25190106
25195371
25220407
25228630
25229333
25236771
25264609
25267569
25300625
25307412
25322725
25333693
25354002
25373906
25393365
25400417
25426619
25428125
25452807
25464861
25482028
25502579
25514493
25523394
25531314
25531329
25547285
25577439
25634752
25637015
25639227
25641697
25680269
25681512
25705527
25711193
25742737
25749173
25753424
25760429
25769430
25770424
25803032
25890228
25893305
25931195
26002469
26019136
26022109
26040677
26046389
26077733
26079547
26137158
26159157
26165824
26171675
26181832
26206483
26215566
26221756
26261604
26284758
26302112
26341919
26383977
26409456
26449823
26464677
26468346
26491026
26494556
26566607
26572829
26573265
26583325
26622737
26640587
26647806
26699655
26747772
26758028
26817584
26848620
26861460
26876150
26918315
26947875
27006499
27060206
27107035
27108648
27123137
27124039
27194944
27265621
27271228
27279345
27286257
27302097
27308538
27308623
27351864
27375208
27412941
27422404
27438138
27477184
27492974
27494603
27500098
27528036
27536132
27585718
27593933
27595937
27606421
27650609
27655713
27685626
27686408
27722013
27730400
27731422
27750112
27779660
27816207
27845876
27845895
27855784
27880731
27882941
27920253
27922669
27928761
27999774
28032440
28051901
28053288
28055015
28067794
28078121
28099251
28105233
28115363
28145479
28160547
28167493
28188630
28199217
28240243
28244607
28256094
28267766
28288473
28300338
28337293
28340255
28340489
28348487
28356064
28359146
28370334
28393199
28397834
28401751
28417919
28423626
28440445
28445620
28445968
28452926
28468752
28487943
28522163
28522603
28534865
28545046
28568893
28577946
28592774
28598076
28631567
28638476
28655924
28663280
28666732
28669622
28670958
28684116
28713933
28716708
28759002
28791348
28821833
28867604
28874282
28874286
28901475
28902368
28924364
28938919
28983602
28983662
28984049
29056035
29065177
29072299
29100342
29103024
29103082
29113300
29156694
29167750
29183317
29199336
29231261
29256899
29290978
29329157
29331421
29393426
29396446
29399759
29460088
29465067
29467938
29468299
29483830
29512734
29528141
29542167
29551247
29565492
29572117
29602802
29610597
29663368
29673545
29675723
29693254
29696816
29703253
29707409
29720405
29723543
29725462
29731876
29734252
29735531
29745043
29749509
29751096
29778618
29786310
29800110
29843938
29856490
29861845
29922945
29924446
29930252
29948613
29953648
29958137
29960168
29976569
29977289
29986996
30001742
30007886
30109253
30114247
30129155
30182046
30183689
30185897
30196345
30210120
30210641
30212393
30234111
30251589
30376214
30389135
30391930
30393189
30410607
30413663
30416386
30419914
30421464
30444057
30444564
30519096
30530919
30571376
30575147
30576242
30587545
30598263
30617054
30636020
30659096
30659889
30664791
30705034
30710893
30718277
30720057
30730996
30741461
30744395
30745456
30763124
30809044
30820854
30847418
30915745
30941230
30946932
30979374
30988513
31036320
31043302
31053577
31054158
31056731
31082421
31105866
31118804
31118932
31131472
31140647
31167348
31177911
31185247
31191022
31209059
31221662
31237997
31241766
31242417
31248101
31269463
31298493
31346987
31394615
31396342
31398665
31398735
31417657
31432189
31481735
31485652
31489963
31497241
31500428
31544687
31569186
31569425
31611300
31631064
31654632
31681835
31684910
31721429
31739210
31743832
31837202
31867281
31912090
31916354
31932471
31970286
32029901
32081064
32090031
32103600
32104253
32139402
32151199
32155285
32184196
32189449
32191302
32194672
32210586
32237038
32276544
32304006
32314446
32323744
32340410
32340662
32341026
32366274
32368035
32376602
32398773
32415058
32429474
32432764
32434004
32439219
32457840
32473314
32487624
32494137
32523351
32524577
32556653
32565799
32572167
32600409
32628850
32641411
32719554
32722512
32737443
32737864
32795258
32886291
32897241
32897998
32899767
32929850
32944796
33053339
33058509
33060794
33079408
33083720
33097490
33146409
33159638
33168506
33172486
33199824
33248111
33292220
33293694
33303972
33322272
33326690
33326750
33327804
33329939
33347393
33370972
33372356
33376627
33377720
33417952
33424832
33428109
33458917
33483239
33491753
33495811
33509126
33529121
33531066
33531669
33542644
33546553
33569722
33574455
33582305
33605573
33608451
33667587
33686239
33719261
33746597
33751339
33755170
33774196
33794845
33813689
33818196
33820947
33825073
33837645
33869216
33888990
33925909
33942497
34002944
34012911
34040393
34048444
34070531
34114372
34143765
34163033
34185955
34189096
34229595
34287793
34301194
34320363
34329870
34362797
34381046
34383767
34405820
34408438
34453124
34458009
34504656
34509805
34549820
34576190
34669172
34692253
34703008
34717960
34737283
34742256
34743754
34799729
34803491
34822715
34841647
34850963
34857888
34858055
34867090
34868004
34878095
34880877
34889563
34957936
34979443
35006577
35020826
35025139
35034624
35063577
35064757
35075588
35085581
35122789
35139769
35144669
35151205
35154600
35155243
35183849
35185285
35199612
35205719
35256451
35274815
35280939
35317237
35318442
35373505
35387658
35393542
35399143
35426367
35437307
35462659
35522298
35527329
35545731
35680374
35691155
35705140
35707278
35716259
35751569
35851413
35855826
35856888
35863523
35869926
35879950
35892903
35895826
35898699
35902550
35902557
35916743
35942952
35992379
36034984
36038259
36045676
36049049
36053032
36056599
36066360
36077952
36088360
36092312
36115074
36120950
36127339
36158166
36194927
36203070
36207615
36219392
36232998
36244196
36281726
36293034
36307889
36359527
36386478
36418055
36450103
36463466
36469259
36482069
36496093
36497403
36531685
36546711
36577366
36628288
36660741
36694626
36740808
36765537
36809082
36828547
36894556
36900240
36907987
36915676
36916236
36916534
36917423
36919011
36922358
36939777
36950548
36959211
36991117
36993156
37011004
37035326
37044020
37047609
37064342
37087550
37175608
37237640
37249689
37261975
37265908
37267946
37291757
37292142
37336370
37377893
37402125
37428273
37478236
37488750
37490341
37503208
37507546
37529930
37539462
37550764
37563869
37568581
37568607
37596505
37610394
37648039
37650555
37664931
37680161
37689299
37724150
37731378
37758734
37800888
37807723
37816352
37823514
37913894
37950802
37962020
37968137
37979327
38002058
38003328
38030175
38057506
38066625
38103553
38136364
38146137
38191939
38230565
38233864
38239053
38255305
38270141
38286358
38294060
38297261
38306271
38328075
38407690
38415925
38456416
38504385
38508403
38509727
38525105
38559102
38575304
38596142
38607065
38617511
38627541
38654760
38666907
38678783
38684635
38686046
38689334
38693041
38695688
38696259
38750695
38752427
38752492
38773159
38789418
38801072
38801243
38819913
38824271
38883840
38891999
38914176
38914552
38922866
39037563
39038571
39050167
39063183
39080808
39113194
39116879
39127099
39132157
39164192
39181074
39210191
39220887
39232498
39243984
39335144
39335530
39346534
39350061
39366762
39370734
39380261
39439794
39494088
39513766
39528473
39571764
39596873
39623311
39643876
39664586
39710092
39713796
39716095
39763264
39793716
39802394
39810609
39829872
39830157
39841099
39865361
39890803
39894408
39923405
39939156
40029457
40059625
40087033
40119192
