15287030
15731117
18386774
18437052
18845624
20137775
20176728
21280140
21317927
21566516
21756345
21940037
23557786
24375037
24421395
24426776
24658001
24658002
24658004
24700502
24732945
24752179
25060813
25115300
25168959
25307865
25355421
25886974
25920939
26123103
26135561
26230154
26290144
26343384
26356327
26459759
26469284
26551623
26564006
26571505
26645725
26671993
26842758
26888501
26942101
26996667
27065321
27100627
27435934
27656868
27941795
28038711
28055962
28102363
28176137
28256572
28292935
28555282
28601660
28608987
28619677
28643792
28938645
29102090
29158936
29204511
29271065
29290327
29323272
29352111
29391527
29423809
29700418
29848589
30258924
30286456
30339381
30451731
30459282
30527810
30718506
30718512
30762113
30897306
30972962
30973214
30973285
31018240
31021854
31031192
31097095
31114851
31137686
31160358
31190001
31288309
31375262
31382829
31403913
31406271
31422588
31428904
31448657
31470991
31507094
31567195
31617320
31676783
31751681
31844183
31906887
31916995
31934917
31954538
31995235
32149361
32240977
32343857
32363992
32382648
32416304
32460018
32520761
32551237
32575483
32579918
32608292
32686290
32704608
32709715
32718537
32720055
32749068
32777674
32854100
32884816
32893180
32903985
32940101
32995013
33027072
33075212
33107184
33144586
33210422
33230143
33252159
33331994
33355532
33367658
33409598
33581550
33665078
33786285
33799280
33831999
33836796
33837205
33845210
33853662
33866513
33881196
33896578
33907931
33999421
34030451
34083693
34095424
34140644
34147056
34147303
34177520
34181162
34258477
34262032
34271067
34316685
34377707
34389899
34440689
34463317
34473995
34511250
34513665
34518526
34561242
34607606
34611487
34633874
34642211
34675941
34746887
34771636
34775734
34799930
34812766
34813034
34865426
34871352
34951482
34955041
34970085
34997313
35094009
35118344
35129794
35151345
35152641
35175571
35220352
35233814
35257325
35278076
35331811
35353340
35356840
35446794
35466749
35468657
35491322
35597058
35597767
35618627
35696032
35775118
35778998
35822082
35900231
35922180
35930100
35930799
35964518
35987734
36002194
36049609
36085356
36090931
36097904
36121510
36126099
36178285
36206446
36241151
36249907
36265117
36305747
36312469
36317703
36357397
36396744
36439610
36440965
36450331
36452500
36453962
36457612
36458436
36480841
36502737
36523385
36533880
36549598
36582072
36617918
36669477
36680532
36707975
36763038
36772934
36786840
36796029
36813544
36828806
36902184
36916408
36922568
36944611
36969551
37038038
37042149
37051241
37054973
37086056
37106285
37115272
37115343
37121771
37123323
37143312
37180644
37184108
37194064
37200668
37206036
37210563
37214462
37228094
37232039
37269109
37278102
37328659
37345003
37345679
37345881
37350425
37352131
37370943
37378131
37387441
37399313
37408395
37430472
37433987
37456262
37459679
37461275
37537060
37556934
37586937
37606170
37609261
37626774
37634210
37651059
37655132
37703493
37727504
37745600
37846457
37873676
37877100
37882056
37899615
37900323
37903457
37919824
37927421
37932047
37985152
38033359
38088151
38090508
38111549
38113031
38117955
38124373
38124509
38178127
38180245
38180485
38201285
38265099
38281780
38281781
38306886
38331614
38347129
38351682
38374950
38380366
38383496
38390699
38394494
38410173
38413251
38416596
38446332
38457069
38458188
38473962
38496696
38497146
38537213
38542211
38552892
38576599
38578210
38598517
38599807
38601319
38610978
38617754
38642845
38656564
38687619
38702192
38710944
38716209
38718920
38742308
38763102
38768095
38772975
38825909
38846314
38877473
38881708
38881888
38899907
38903333
38903719
38923369
38947666
38948751
38968570
38989233
39063938
39080761
39082357
39091105
39092991
39093728
39112597
39166744
39193606
39199375
39205235
39215660
39263013
39322625
39343962
39360100
39367739
39369768
39378885
39398902
39418588
39439958
39465834
39465932
39492586
39497014
39502002
39505650
39524495
39541774
39552446
39552455
39555952
39563524
39566542
39581770
39630912
39648153
39707357
39709652
39716847
39723373
39732845
39736242
39748717
39755548
39758364
39758797
39786469
39802817
39808383
39812394
39813356
39830761
39840187
39850892
39851260
39863534
39864548
39865015
39875375
39886719
39888726
39906730
39947510
39954349
39958212
39971696
39974377
39992701
40012963
40036664
40080526
40094007
40098850
40101550
40105165
40112678
