10208879
10858044
12213194
15101046
15899790
15993274
16206192
16528370
17040295
17357086
17486366
17616514
18072270
18262058
18285426
18422762
18580682
18647326
18973917
19072985
19084709
19124645
19221586
19276269
19305156
19320657
19328320
19480937
19582488
19683621
19912265
20003390
20305614
20417873
20472658
20805448
20930055
21057957
21108436
21255467
21412926
21566516
21705046
22038540
22082606
22203059
22434358
22479537
22614000
22686875
22752724
22814326
22949514
23060122
23074045
23084579
23154773
23174932
23576573
23851500
24075062
24286138
24287458
24308011
24327545
24503755
24525513
24585572
24740647
24832165
24853101
24933152
24983247
25007146
25008767
25053104
25103069
25168959
25246033
25299309
25308036
25312828
25468731
25479928
25496315
25559666
25631985
25651469
25663425
25754356
25912315
25920939
25981829
26001331
26084471
26171919
26216536
26261664
26342593
26342709
26350979
26364901
26370283
26391213
26407663
26431068
26433572
26520417
26551623
26782348
26799435
26818002
26887334
26941181
26998479
27067307
27092963
27095948
27145123
27177850
27218413
27223121
27338635
27380723
27390322
27635948
27644951
27656868
27732747
27733182
27941797
28069272
28108836
28109176
28111898
28218953
28291122
28365909
28368924
28427232
28452074
28812319
28824165
28825187
28945250
28974397
29119645
29135520
29166820
29228610
29230670
29271065
29280680
29309303
29316066
29327137
29363919
29440190
29483235
29517885
29623728
29625594
29706634
29797680
29907796
29971034
30120966
30169623
30178299
30230537
30393974
30416484
30470167
30504402
30576819
30642912
30649642
30753823
30856630
30860482
30864974
30873845
30980040
31004861
31033435
31043611
31132763
31240424
31258836
31273213
31422588
31445842
31468350
31502250
31543342
31729110
31732806
31759698
31857543
31889550
31906887
31914534
31982181
32001406
32083567
32218533
32296843
32306640
32307752
32337786
32420340
32467817
32492816
32558936
32619462
32631481
32754366
32799369
32818509
32839151
32901946
32912900
32920865
32940101
33024402
33024572
33035459
33125876
33141418
33163142
33163846
33239431
33252159
33331994
33381364
33420834
33432679
33581550
33608696
33617648
33617649
33625734
33677955
33741347
33796273
33824593
33896072
33896578
33932047
33957401
33959255
33980829
33999421
34003336
34071089
34078620
34101994
34111706
34145313
34231212
34243015
34265804
34271067
34341139
34392582
34420180
34482218
34597447
34598951
34609565
34611487
34668612
34719161
34951482
34974552
34979751
34984436
35077953
35091519
35123020
35152461
35177248
35195707
35198580
35200537
35246295
35252869
35257325
35296373
35306021
35327458
35446794
35446994
35456033
35583077
35603532
35650187
35758187
35778377
35804041
35805058
35864317
35866278
35892904
35896245
36078034
36088476
36097913
36099437
36175806
36262954
36317555
36363549
36475142
36502737
36514645
36534284
36656230
36657718
36712411
36732357
36776287
36856048
37077082
37128676
37186844
37198880
37219662
37228094
37236926
37284622
37305741
37405037
37456229
37475580
37528670
37541451
37548271
37554444
37706577
37876879
37921048
38039617
38040699
38073679
38085333
38088461
38217014
38236556
38247337
38289183
38351682
38355560
38378024
38391333
38410173
38538798
38684813
38766189
38816307
38836164
38839769
38895149
38906713
38908976
38963150
38966291
38979590
39044555
39093628
39106742
39125735
39170644
39199581
39288268
39313797
39362842
39398818
39418588
39466035
39474526
39503184
39542244
39543276
39563460
39586083
39660994
39732845
39748717
39762201
39834137
39853675
39886754
39925590
39937237
39960392
39971779
39976804
39981630
40094795
40096282
40101550
40115023
