17273969
18996922
19701948
19842212
20358602
20514443
20635401
22106055
22140011
23106691
23426528
23638217
23683030
23754617
23863341
24124034
24756084
25884313
26354354
26358754
26386245
26637483
26752331
27405111
27667360
27826041
28102598
28166369
28548707
28677859
28868238
29860495
29988990
30242889
30246348
30295920
30823889
31098032
31185419
31425923
31648497
31905481
32059753
32222533
32256083
32496272
32532882
32648047
33627431
33653363
33911395
34729759
34751413
34976433
35238682
35396801
35589488
35658367
35712061
36246631
37034215
37096492
37107610
37212524
37537540
37650609
38076278
38282144
38365745
38421079
39149945
39240714
39296099
39513746
39542017
39807618
39831465
