10072753
10608896
10652260
10801778
12498344
12615909
12651860
15656913
15781269
15972315
16043481
16156898
17081288
17273969
18442975
18614053
18996922
19183276
19328069
20358602
20634189
20797861
20832720
20832721
21126432
21139566
21699228
23106691
23340528
23361318
23620281
23776448
25220052
25414305
25515564
25655089
26895425
27072133
27307603
28781842
29100057
29187575
29529600
29852353
30323357
30553776
30938328
31935221
32232464
32442505
33432228
34361921
34659104
34935904
35587378
35710835
36094369
36523978
37377435
37641131
37739959
37808847
38017479
38297832
38311569
38531064
38733165
39085358
39240714
39309877
