1980141
3913223
5554628
5793832
10505029
10564585
12590817
12727196
12827295
15308259
15496143
15941003
16207710
16342494
16596257
16856653
17287253
18045009
18045012
18244425
18249845
18502968
18541498
18852063
19473442
19727732
20023691
20561215
20842126
20858897
20937227
20946629
22704236
23334667
23348505
23349881
23370596
23379358
23475883
23509447
24260604
24502520
24771118
24806769
24807139
24859340
25023548
25173582
25243224
25299195
25306392
25670876
25908617
26124204
26225956
26781311
26826201
26843616
27236920
27420073
27484274
27484736
27534807
27546038
27694322
27885953
28082415
28391317
28487292
28591947
28675107
28787156
28923910
29045470
29175550
29278761
29335739
29456503
29463581
29945062
30282972
30319965
30374069
30497210
30543826
30557039
30861166
30865837
30951744
30965054
31106148
31301482
31363010
31463370
31470906
31758086
31823742
31873117
31895689
31904145
31953165
32034071
32063403
32335464
32380762
32413283
32743904
32784501
32841701
32906187
32929154
33047712
33144428
33206287
33209614
33398379
33446260
33765345
33771969
33799349
33846763
33903305
33987378
34439381
34562255
34659903
34854207
34859984
34893758
34944872
34994576
35034092
35113326
35135164
35140199
35152650
35192167
35202822
35353806
35419951
35475274
35478818
35483421
35529497
35751784
35812756
35962235
35972041
36075574
36238265
36270113
36287504
36405701
36436338
36648699
36688010
36718820
36843760
36931470
37139482
37301128
37516284
37552752
37557166
37626311
37878583
37878627
38181892
38306174
38572590
38586386
38678124
38954185
39084569
39138757
39368576
39512947
