10022833
10490099
10490100
10512686
11133764
11163196
11208867
11314018
11445538
11522790
11576226
11733687
11880147
12433365
12584205
12588885
12670405
12759928
12821775
12911518
14499106
14614518
14616969
14713198
14762685
14764533
14976049
15021916
15197228
15491990
15558048
15566368
15583655
15797506
15815722
15983045
16033816
16206268
16247220
16306613
16357940
16407264
16451196
16628196
16717119
16815301
16873288
16978223
17001312
17126530
17198680
17510435
17652621
17888401
18172216
18222020
18250407
18440067
18524780
18538139
18551144
18606059
18606672
18616672
18630677
18656467
18759933
18761814
18820827
18843197
18955058
19017994
19080716
19144316
19215277
19309352
19327355
19381159
19403057
19469017
19482358
19515423
19561639
19576891
19607861
19620279
19622834
19643666
19734449
19846529
19897531
20005840
20164024
20190037
20372794
20406299
20423643
20438760
20622265
20645407
20648401
20862390
21079688
21084693
21206089
21304519
21393632
21479379
21508344
21520296
21593151
21604070
21606371
21622562
21646388
21653641
21685897
21703184
21716315
21724255
21778271
21788442
21872343
21893603
22025331
22166051
22230748
22238073
22257840
22302831
22318090
22364282
22366886
22427680
22487676
22517899
22568257
22634176
22670716
22768656
22771905
22875468
23091595
23111066
23151489
23164156
23237992
23242177
23285955
23296022
23296735
23316018
23430957
23436936
23437123
23443260
23455319
23469018
23545584
23558133
23589790
23592500
23621248
23643168
23723424
23727477
23817566
23874464
23877655
23941364
23944359
23994402
24002896
24018353
24037089
24058673
24131863
24351865
24423713
24440346
24480984
24525737
24582990
24727541
24730420
24768946
24769218
24778118
24826993
24876306
24907421
24956148
24963279
24993154
24997329
25019494
25133199
25234720
25330931
25381480
25488154
25500584
25520513
25623250
25632753
25645925
25701091
25721573
25830129
25843052
25853848
25871292
25893382
25897665
25954276
25998827
26075216
26094775
26122642
26159489
26172077
26180928
26193702
26199896
26200005
26203907
26355912
26391193
26557722
26610206
26617608
26620207
26633718
26700587
26730186
26811119
26841929
26990535
27004559
27050510
27144517
27183599
27213058
27216615
27233783
27236107
27267835
27290719
27339399
27421476
27470349
27478014
27583437
27667464
27703302
27779203
27811366
27818171
27843203
27847203
28004106
28035384
28079159
28146070
28215626
28215653
28220798
28235401
28258213
28302137
28331994
28355105
28373981
28378729
28466787
28550203
28550396
28661477
28679957
28753604
28762092
28781601
28842621
28875362
28900038
28900678
28901399
28915645
28968979
29042418
29081404
29085209
29130998
29150567
29218605
29235573
29262910
29286121
29310108
29322424
29379591
29398326
29478968
29482156
29506516
29527785
29540859
29564226
29565742
29581081
29623544
29669505
29674694
29712772
29792529
29852455
29854745
29916533
29920131
29937734
29976680
29990515
29991678
30075008
30097285
30143932
30144205
30185587
30213827
30285793
30314869
30459600
30468477
30577275
30611001
30689554
30761449
30811476
30873664
30916604
30990849
31038361
31063584
31101668
31101761
31105556
31154249
31169909
31185220
31208297
31214204
31298347
31344857
31364725
31407320
31409905
31410147
31423194
31456112
31535716
31545427
31550968
31599432
31632558
31653894
31675124
31691271
31709719
31717271
31718618
31728180
31826939
31868118
31876380
31879859
31908021
31930529
31933969
31949659
31950440
31984217
31992038
32006198
32038241
32075775
32096766
32128089
32173492
32276009
32289665
32289739
32317960
32323514
32390384
32495891
32513050
32532301
32574254
32587662
32634427
32670294
32681834
32700452
32722523
32747017
32760677
32807134
32831137
32853638
32900697
33005103
33026555
33048478
33067944
33087723
33173957
33201080
33220174
33230482
33239033
33278392
33293765
33293985
33335575
33416455
33440990
33476981
33493533
33577847
33585275
33664669
33684569
33684877
33717088
33724556
33754058
33830082
33862112
33869908
33907034
33908653
33946612
33955508
34003962
34163008
34190442
34275119
34281463
34352581
34368875
34377023
34377233
34421895
34496883
34527677
34600581
34619344
34679523
34734092
34778460
34854137
34856472
34860579
34863307
34878693
34904133
34956461
34981023
34989544
35077723
35111073
35115241
35124149
35157222
35168698
35263451
35294601
35304133
35321782
35428280
35562668
35563301
35585676
35616134
35731980
35733067
35789603
35790291
35799776
35807002
35817562
35844489
35885930
35919247
35946880
35948417
35976468
36064035
36069544
36101795
36103837
36127737
36152385
36199788
36214175
36222378
36263168
36267095
36286692
36439639
36440740
36441265
36448222
36459028
36469307
36505769
36546418
36609306
36651907
36703757
36765862
36813059
36816357
36832783
36882114
36890397
36934508
36938956
36946346
36988786
36990908
37009803
37014223
37020964
37039998
37059377
37063422
37087792
37149648
37156031
37156989
37196867
37219532
37307689
37315184
37337867
37388055
37479878
37502566
37503757
37504269
37522675
37523130
37526791
37581761
37605534
37664523
37665951
37672137
37720228
37761144
37797401
37815664
37838148
37842165
37847126
37860002
37863803
37931575
38006062
38041017
38076369
38099496
38152570
38157076
38168631
38244240
38254783
38288516
38304778
38324452
38376239
38384018
38415248
38436805
38484644
38569295
38628726
38689138
38711523
38774752
38847279
38851163
38867242
38874740
38886934
38918306
38947335
38971518
38975347
39005503
39091627
39104531
39147013
39181199
39185902
39197117
39213866
39342576
39349964
39357736
39364618
39382603
39414916
39543098
39592741
39596207
39608205
39654174
39787022
39840313
39867889
39879745
39924047
39928733
39986596
40024253
40089276
