9414087
12183056
15240113
15517661
15897469
16524876
18218622
18414007
18997279
19818708
19955409
20399258
20463034
21577200
22085717
22610119
23216165
23559371
23654205
23999291
24072710
24451148
24508459
24563616
24603360
24656772
24796539
24845504
24990631
24998678
25058385
25204354
25204806
25274033
25278611
25351530
25766326
26344095
26344096
26374986
26384661
26475525
26505385
26506153
26527005
26693071
27170662
27220849
27572476
27614073
27622336
27698399
27780719
27888385
27930311
28073696
28089830
28216678
28292429
28292441
28412462
28414305
28448495
28805820
28805821
28805822
28810879
28883513
28886001
29108467
29160310
29202479
29262542
29271408
29461588
29523594
29642362
29801752
29996942
30002443
30068710
30124983
30165642
30174445
30190126
30237511
30244836
30271484
30290146
30310144
30348808
30410730
30449689
30479348
30595535
30595538
30674532
30761387
30882175
31026449
31090082
31105033
31126914
31167144
31221585
31235563
31270456
31296452
31298378
31392082
31406379
31481421
31493386
31495053
31559706
31604927
31624231
31771591
31772275
31776466
31819473
31901237
31911863
31967940
32075044
32109420
32160650
32192889
32235916
32266086
32297747
32355326
32364525
32365080
32460168
32512506
32512734
32624276
32736710
32905556
33022763
33023230
33069770
33158056
33200474
33209975
33247697
33311589
33336059
33356254
33358624
33419681
33446628
33531470
33762355
33862460
33894201
33948389
34021128
34060252
34131189
34133717
34144977
34168048
34322378
34353330
34395437
34509929
34533858
34586738
34588438
34593637
34599168
34610962
34783071
34795264
34974131
34987184
35081502
35194034
35194188
35252555
35364375
35438056
35461336
35465183
35641493
35701438
35773729
35857476
35909476
36042498
36063898
36088616
36115849
36119488
36198437
36252002
36259278
36360288
36481790
36512624
36574656
36585710
36604567
36604824
36693379
36740223
36791496
36856266
36868187
36993550
37059253
37289229
37293018
37373284
37417362
37442135
37492092
37554435
37572175
37581614
37622993
37677121
37796126
37824367
37904149
37926283
37941785
37946808
37972335
37996058
38008278
38018242
38029910
38058828
38072760
38101867
38188779
38242269
38246227
38290339
38308184
38340178
38352842
38409107
38704358
39009486
39074086
39261929
39479456
39499771
39540935
39549880
39630373
39680603
39785820
39797759
39816234
39903850
39918173
39962908
40017183
40097806
