7759101
14582490
18071061
18192539
18936756
19040658
20167577
22717104
22951905
23403193
23657179
23791610
24912190
24931346
24991824
25270430
25763114
26982812
28333398
28483554
28743860
29128630
29615146
29618580
29784665
30231795
30354203
30823689
31169416
31240115
31790666
32144382
32249819
32375051
32497488
32595040
32747111
32751718
32902915
33068391
33253727
33279449
33811891
34272396
34327622
34455909
34943141
35170865
35720503
35900258
35909347
36090753
36139614
36352530
36512324
36583794
36694250
36723974
37072664
37132394
37648026
37699567
37927089
38064101
38304953
38369486
39005171
39350432
39491648
39529018
39558331
39603447
39606332
39684387
39800283
39859292
39912473
39953634
39962068
39978618
39988626
40025300
40049103
