21157427
21555914
22002536
22117060
22140111
22389253
22431577
22919025
22932795
22968464
23071587
23280334
23335386
23518498
23660863
24115220
24369158
24389310
24406341
25188512
25220236
25231745
25305095
25402454
25445211
25533824
25541999
25553291
25717103
25818199
25964599
25965569
26019984
26124281
26261309
26464169
26508027
26562302
26820131
26883102
26965252
27022105
27416984
27453816
27552991
27690003
28077658
28082404
28209919
28395441
28712387
28953917
29146882
29171022
29331391
29757120
29858584
29903888
30004607
30026406
30275952
30674935
30773530
30950329
31030497
31040863
31295920
31426461
31462738
31662450
31838573
31942545
32001512
32039035
32235585
32332923
32358566
32372053
32913541
33050987
33123591
33177838
33349666
33502020
33822276
33994855
34173324
34289154
34353217
34783709
34916805
34967865
35435261
35460187
35690645
35941213
36206200
36271153
36623729
36834680
37039821
37100881
37235058
37344641
37354804
37458189
37481994
37536950
37748199
37867192
37993451
38012156
38017104
38065062
38550121
38558935
38636413
38678322
38712254
38713535
38795036
39172440
39248331
39265887
39403335
39446588
39611281
39652302
40001285
40017181
40111333
