12034751
21647158
21852505
22132872
22668012
22715410
23637084
24088605
24121789
24121791
24189933
24270882
24318971
24356817
24484537
24486001
24733578
24822266
25010205
25074805
25223734
25450604
25677961
25867412
26443594
26838030
26871722
27341316
27500726
28296084
28430577
28691904
28819029
28967037
29263825
29501732
29662124
29954776
30447054
30765867
30853313
30975996
31157248
31495782
31897485
31898537
32294612
32467316
32528726
32536687
32716235
32778134
32783938
32883299
33014403
33365313
33712344
33758131
33930311
33990343
34108313
34129824
34462321
34529785
34648034
35018729
35203280
35388001
35495284
35638550
35887945
35959892
36184685
36216271
36221002
36275363
36467423
36477202
36898992
37070193
37410232
37479689
37985839
37986997
38279279
38473339
38705393
38780921
38916500
38963118
39002918
39084219
39172440
39264305
39345539
39487368
39510176
39613934
39652422
40025053
40111333
