9683800
9760200
9795419
9809980
9934767
10090485
10208439
10353780
10362809
10398133
10408777
10429654
10429655
10517250
10623683
10727082
10780518
10852375
10896921
11004696
11212897
11297520
11389158
11668633
11715436
11733352
11853558
12097271
12112668
12234250
12372054
12533684
12552571
12861065
12865922
14687797
14970844
15021901
15188174
15200509
15228227
15287029
15331174
15343512
15617552
15714005
15774015
15863673
15988825
15991309
15991310
15991311
15991319
15991320
15991321
15991322
16084949
16110486
16287113
16311241
16407837
16582077
16882735
16912160
16927138
17010210
17124587
17319781
17344591
17436629
17637250
17641416
17950019
18000088
18067639
18495044
18681789
18846624
19145097
19507030
19615099
19908348
19955943
20057966
20193846
20357370
20393878
20435009
20622004
20686846
20712528
20722467
21118512
21318826
21378336
21532627
21874563
22118009
22168747
22543132
22679258
22698401
22775437
22916036
22942091
22987620
23038761
23305393
23399955
23415580
23645358
23706335
23718779
23892522
24037887
24218567
24371681
24490603
24604241
24652667
24770722
24928005
24949325
25114112
25122068
25240456
25695224
25751324
25841653
26147831
26345094
26352900
26386697
26391455
26430231
26477306
26576347
26607058
26625312
26662608
26833127
26917230
27004004
27060312
27081308
27081568
27431571
27615706
27821076
28231849
28289208
28303455
28349069
28550065
28643501
28696138
28775741
28869103
28900777
28927054
28976799
28986664
29043114
29141581
29191602
29245219
29301733
29399144
29419869
29525853
29637416
29685139
29764856
29773717
29777910
29921539
29967064
30027822
30092773
30148152
30198569
30334930
30470729
30528796
30689838
30885352
30888642
31072341
31232177
31243107
31257171
31401029
31428721
31515776
31636950
31697874
31712642
31757465
32156177
32194625
32253637
32312757
32396674
32413741
32442617
32487537
32504210
32573125
32647375
32749111
32779566
32871843
32881920
32911741
32963809
32982282
33181636
33221174
33250696
33264619
33323404
33389615
33404280
33425731
33534223
33537171
33569305
33572782
33579786
33640623
33652656
33744718
33832284
34045189
34080793
34127019
34230008
34386569
34419376
34422335
34479873
34500370
34524570
34584860
34627293
34674413
34740862
34757069
34831355
34849607
35050781
35100711
35131083
35165542
35190375
35216730
35224145
35281267
35395118
35463992
35492873
35504291
35527776
35543972
35623683
35634237
35753125
35759814
35813711
35815185
35831213
35988018
35997519
36126964
36220070
36253711
36550395
36603171
36776287
36858519
36874343
37061249
37069542
37092555
37100205
37141769
37222962
37226494
37228630
37296057
37334562
37357018
37369462
37373999
37377590
37392704
37408413
37434813
37479333
37495171
37506141
37692472
37699269
37767326
37817679
37832364
37879772
37879773
37884231
37900785
37968341
38011945
38023125
38205151
38330261
38376618
38428265
38432028
38461159
38550170
38601319
38632512
38660671
38712759
38736875
38822937
38830518
38849167
38948776
39011112
39037971
39048991
39080663
39095236
39113608
39156705
39169716
39170614
39225118
39308524
39323997
39362388
39385035
39411561
39544365
39545922
39603093
39703851
39709652
39717770
39720276
39801168
39828065
39830769
39863540
39864548
39932765
39934475
39962098
40010956
40016449
40069402
40102938
