16762634
17061267
17593974
17720696
17855356
17905233
18213582
19373441
19577565
19653319
19666466
19780053
20394677
20602915
21214932
21228115
22298771
22653794
22700218
23053899
23074159
23300081
23480519
23583585
23891937
23959107
24322345
24726914
24768893
24911625
25370455
25448158
25681501
25863062
26236329
26448642
26464246
26764203
27013228
27274271
27294358
27888216
29062064
29360432
30127996
30450550
31218106
31428635
31878997
32038163
32413029
32432744
33227705
33276062
34029511
34489650
34557034
35409127
36428645
37539927
37985153
38438372
38590118
38760544
38844922
38992676
39354547
39707607
