17159980
18557972
20056644
20301553
21932307
22565781
23325900
23959263
24280874
24387768
25091525
25315199
26704904
27086870
27178001
27197992
27620326
27671794
27782104
28017257
28178086
28583108
28687974
28818390
29081981
29315816
29509064
29801895
30119932
30275942
30573412
30610203
30619065
30652310
31049853
31110749
31129264
31236099
31428857
31703138
32281752
32870032
32889669
33031058
33330489
33526008
33530176
33651373
33691616
33933852
33949037
34318393
34944636
35281832
35739559
35962262
36525394
37096302
37388713
37762518
38136976
38521778
38716726
39214971
39215516
39269294
39382210
39409170
39473430
39641820
39669622
40076866
