12359745
16769671
18620564
19124016
19282884
19373252
19426707
20048082
21197473
21344536
21438137
21504714
21856723
22019700
22143032
22771914
23049996
23128393
23206227
23416048
23975937
24474660
24659459
26612539
27139620
27181033
27378374
27607436
28279306
28945358
29193371
30150451
30339961
30931936
31020999
31887411
32464546
32676166
32736708
32871048
32915460
33875793
33953283
34216030
34285657
34345915
34382908
34908514
35228660
35307376
35402663
35527322
35643629
35644412
35933883
36162226
36184881
36261009
36411469
36482019
36611919
36895010
36948401
37037864
37057757
37183512
37257820
37309595
37496731
37885911
38057661
38057891
38492239
38555043
38568213
38811189
38874013
38878223
39117935
39254557
39309830
39402372
39446246
