10816729
11270572
11903334
12498690
12569092
12582246
12636922
12939271
14993269
15053879
15060133
15143281
15165843
15169897
15525647
15870300
15896988
16222567
16227614
16407318
16426602
16537921
16822332
16893881
17030624
17085686
17273961
17505112
17668393
17823958
17952504
18171927
18580066
18596254
18684994
20026583
20181722
20937824
21145483
21616129
22711989
22842574
23184149
23851461
24036077
24289924
24927529
25412659
26358508
26637982
26769797
26879577
27159579
27219867
27571988
28402630
29229810
29545534
30153385
30317608
30552577
30805980
31283007
31341187
31344492
31527146
31559909
31620231
31646703
31664040
31720085
32152096
32182349
32285597
32396742
32533168
32622085
32624556
32714589
32973131
32975318
32985207
33315879
33359140
33539817
34056863
34403156
34413961
34746789
34898279
35052466
35116379
35191694
35464305
35786907
35868859
35947745
36368153
36757926
36958711
36985555
37066372
37132394
37148745
37234925
37386215
37716588
37746814
38656129
38801173
38804708
38994083
39097414
39287133
39323550
39716936
39765756
