1535333
3924999
8409429
9533020
10090727
10489374
10649494
10649499
10690959
11668618
12355088
15057272
15302404
15326484
15492751
15841481
15928245
16442529
16760222
17634137
17937063
20082155
21120312
21685894
21887698
22168911
22859735
23159221
23185135
23585352
23966864
24847765
24936456
25048303
25646419
26365183
26393916
26459597
26490636
26642437
26969725
27044748
27090637
27111144
27196513
27922675
28018990
28287244
28346462
28348272
28349581
28404635
28466857
28467911
28621459
28652395
28723565
28943339
29291981
29358218
29466737
30001529
30021780
30468298
30635237
30814995
30837262
30918012
30967481
30976847
31216480
31217502
31227606
31300510
31336689
31530725
31835596
32158230
32341523
32385253
32422593
32547546
32870598
32899486
33139915
33372138
33535043
33558531
33664483
33857289
34044317
34127847
34496259
34507949
34516781
34534464
34615872
34657342
34758296
34774417
34872976
34917097
34985411
35020836
35153298
35190717
35414119
35492873
35679527
35767735
35875558
35882936
35953613
35970031
36211334
36401086
36423635
36609997
36626867
36942321
36993444
37625402
37737221
37752540
37782797
37790365
37844197
38247153
38272565
38301652
38349444
38451819
38589618
38590234
38702425
38918611
38959885
38969523
39142716
39163092
39327500
39345626
39396521
39420342
39447575
39523028
39567670
39602533
39698313
39749327
40111665
