7504518
11057671
11238923
11445543
11524435
11700047
12642497
14668413
16510593
16894029
17018284
17041757
17311319
17593026
17823311
18024406
18347094
18483421
19176587
19282835
19587702
19713226
19718027
20006604
20217071
20302770
20951344
21534874
21666599
21685889
21685894
21725619
21730189
21904879
21935611
22007134
22270545
22564737
22573616
22948124
23040478
23063976
23090119
23181981
23492770
23658527
23684607
23754802
23859904
23940558
24135088
24153013
24531445
24578304
24832538
24835951
24909826
24920014
24990612
25038042
25116187
25375219
25551271
25659031
25729575
26029241
26214592
26807321
27033898
27166193
27183380
27406037
27431573
27461063
27538704
27791078
27894958
28107608
28209658
28288968
28385388
28436581
28532655
29114388
29235836
29299140
29316906
29334255
29513567
29534361
29797659
30051646
30063982
30083263
30115631
30155889
30262566
30563523
30582201
30600185
30631148
30730614
30765470
30778199
31031137
31033094
31058556
31085716
31160395
31347769
31391218
31434706
31575852
31735627
31828595
32003049
32203922
32245383
32391417
32432381
32449435
32563910
32609826
32882024
32953727
33011533
33221150
33283706
33640284
33663097
33676040
33834463
33905048
33969276
34034913
34175897
34183732
34233449
34278464
34395283
34422820
34460133
34549416
34553842
34624079
34631502
34658308
34700372
34728784
35078577
35084477
35125724
35239510
35446002
35617527
35701409
35719952
35782267
35907039
35976539
36001860
36114009
36162014
36208246
36336953
36553362
36576946
36651950
36756750
36943767
37000263
37021732
37058324
37129918
37277074
37392046
37684687
37704696
37721971
37846676
37867222
38287103
38338754
38407197
38426288
38462791
38515708
38529638
38663165
38712596
38839977
38839978
38877747
39145779
39205642
39266021
39295294
39306917
39377397
39414614
39434489
39529180
39531055
39549024
39901941
39911115
39930662
40066544
