7781998
10080941
10489374
11237626
11713475
11713476
11980438
11997022
12185585
12200448
12204269
12651860
12657632
14633595
14667415
15040893
15057272
15060161
15248904
15576399
15591320
15806138
15853773
15905022
15928669
16007074
16195746
16311123
16564030
16569639
16858682
17005177
17052462
17436254
17436255
17464333
17478476
17607667
17727834
17878293
17919533
18222743
18268006
18627065
18632669
18781613
18798221
18952824
18992165
19089909
19124064
19131553
19175352
19235238
19263440
19443654
19563778
19662654
19718027
19901072
19938247
20184619
20205897
20331626
20372961
20405066
20421335
20434134
20538055
20603214
20673877
20696899
20739273
20922712
21092222
21103407
21177349
21228604
21245398
21292023
21388956
21454679
21533127
21543597
21599871
21659310
21671075
21789225
21791550
21812098
21932083
21956205
21963845
21983179
22028024
22045651
22080605
22099176
22108803
22127421
22146553
22182936
22224445
22229647
22231735
22232078
22234156
22393260
22451930
22460224
22509275
22670824
22699938
22777675
22805760
22821403
22832956
22859735
22998502
23069005
23110055
23129290
23165966
23185296
23224985
23249814
23260145
23295773
23306204
23528641
23613959
23640545
23671559
23758498
23840876
23844215
24058414
24094747
24191653
24210665
24255041
24275585
24354472
24396065
24407883
24413739
24594265
24752740
24846398
24869759
24982424
25001176
25034524
25150259
25168903
25217366
25298419
25299301
25311538
25342617
25519018
25537897
25550940
25659031
25721714
25722209
25767603
25961950
25963533
26010163
26069697
26087656
26200491
26205068
26218914
26280645
26343600
26350900
26387539
26401622
26404636
26451375
26500891
26587326
26621827
26622166
26645562
26823848
26937233
26955760
26968260
26999947
27014877
27050508
27103199
27121161
27129219
27132474
27179618
27305091
27485769
27568567
27572476
27665494
27668865
27689884
27752241
27755191
27793664
27846392
27986456
28051067
28118661
28170393
28216152
28320874
28341444
28387761
28474989
28536608
28608272
28807867
28832669
28879201
28916740
28921696
28921929
28951451
29033371
29044056
29102300
29105523
29187021
29196769
29228394
29325021
29432739
29434695
29436621
29462785
29526280
29540544
29588831
29604340
29650976
29666142
29677003
29695756
29802325
29805612
29901121
29933371
29966009
29975781
30072583
30098193
30186446
30200414
30225220
30288643
30315825
30365932
30381402
30449701
30450687
30536319
30614797
30691517
30705426
30733599
30811544
30830316
30848346
30930294
30973406
31012334
31028223
31049030
31081034
31191620
31216555
31217338
31261288
31276570
31288376
31298314
31419437
31469403
31535015
31536510
31554942
31560764
31571923
31608135
31666615
31678554
31758671
31843716
31919899
31933004
31934208
32023305
32035486
32071599
32219837
32266943
32280673
32319632
32347036
32355234
32372448
32432314
32474139
32581551
32641419
32669971
32714094
32735996
32765228
32802179
32974352
33037178
33054062
33116252
33174523
33179233
33228529
33240893
33490150
33519394
33631236
33675175
33747189
33782268
33804772
33871149
33885186
33951279
34020954
34021255
34142050
34184026
34215252
34249419
34278441
34286954
34295552
34372904
34472305
34481875
34518368
34519126
34564703
34579981
34580284
34594214
34644448
34686186
34698281
34748727
34779502
34855896
34916487
34946867
34946954
35117758
35189377
35244769
35325837
35373860
35406121
35535852
35715842
35861841
35897813
35908153
36052266
36171421
36193501
36380872
36448207
36551548
36574749
36626439
36639009
36712024
36854496
36854722
36855658
36969134
37013037
37191369
37204786
37212002
37231579
37284914
37312469
37337284
37354639
37358225
37368156
37394890
37507199
37573005
37668894
37671945
37726580
37747538
37770578
37863330
37867222
37890537
37946519
37969834
38024683
38109990
38181739
38206443
38292420
38299238
38300219
38301496
38350393
38470486
38571311
38636614
38638846
38654332
38713708
38714724
38842601
38847385
38884552
39026783
39130625
39231626
39243204
39269318
39278108
39300210
39332053
39375747
39430834
39481837
39499704
39533689
39560934
39664574
39668235
39702693
39722673
39745887
39786568
39818140
39832206
39945651
39994872
39998965
40038893
40048186
40093061
40102948
