12765974
15765502
17569532
18045485
18065431
19956102
22412390
23212152
24551047
25436980
25738174
26079538
26193896
27683056
27766570
28198400
28220803
29358218
29532890
30116340
30179681
30225781
30528236
30918012
31133633
31298342
31378895
32066947
32265924
32579593
32744673
32822226
33001017
33015807
33128876
33416164
33651649
33705946
33741532
34044317
34151742
34172072
34230493
34309413
34700040
34868900
34876564
35345446
35428876
35441457
35594339
35792753
36045674
36224570
36565920
36583231
36681742
37012887
37741305
37927471
37976346
38101610
38169425
38456301
38538279
38853761
38951802
39068483
39169000
39446175
39559312
39725818
39880246
39924208
39985498
40025258
40103614
