10828605
16415884
16855264
16936215
16936216
16936217
16936218
17003358
17003360
17031610
17063324
17065361
17093940
17093941
17096114
17102948
17109766
17130514
17181866
17206141
17226113
17245407
17259383
17311858
17317761
17340123
17342473
17351281
17416797
17429603
17437080
17464333
17470138
17476472
17503332
17519421
17540954
17563454
17579206
17589824
17593304
17601994
17609304
17618413
17661009
17665514
17671643
17671651
17683561
17697858
17725629
17805508
17823612
17888129
17898988
17901222
17909099
17934151
17971425
17972059
18042757
18072015
18097733
18216022
18239663
18264689
18268006
18268068
18282631
18288125
18291022
18302196
18342627
18397358
18437354
18445358
18469204
18478343
18481957
18493736
18546086
18597214
18598350
18599616
18611970
18650481
18655717
18702948
18706099
18712344
18755497
18762805
18806947
18823720
18839133
18931037
18958766
18972257
18996470
19012045
19050058
19053027
19055834
19125404
19141698
19149908
19156536
19168596
19169495
19183934
19211816
19221600
19228405
19247628
19286335
19288077
19336690
19351735
19374549
19386626
19387612
19464103
19468708
19473183
19482368
19497595
19506043
19509102
19573884
19602480
19615048
19713311
19732438
19789636
19806338
19825152
19845015
19864407
19885641
19895682
19924244
19934000
20018066
20028944
20032493
20033802
20041287
20044351
20054294
20095040
20107109
20161779
20299486
20424228
20459822
20478041
20508220
20546291
20578204
20597906
20640398
20648057
20654575
20682688
20798759
20803090
20805377
20849430
20873210
20878273
20889500
20957343
20980453
21103350
21109996
21114608
21115178
21159844
21234373
21301999
21349175
21357677
21384500
21399856
21414605
21423583
21437630
21441683
21510814
21543200
21595284
21637413
21641671
21672010
21673050
21678030
21707949
21814547
21834909
21855162
21857094
21892161
21898192
21901280
21913056
21921652
21956205
21965303
22005519
22109281
22136959
22160878
22245614
22247771
22296403
22318732
22355027
22402060
22441719
22443257
22480428
22487833
22552033
22583123
22590553
22712642
22717537
22719219
22749234
22782288
22796301
22843023
22862926
22864463
22872755
22885420
22888288
22892353
22911383
22916254
22942101
22945304
22951069
22966074
22967502
23010200
23011354
23028378
23034957
23041303
23050589
23085767
23086040
23093653
23152144
23188737
23260145
23295285
23311683
23395164
23395167
23431017
23434931
23509454
23527206
23536853
23558246
23577093
23579632
23613959
23617586
23737909
23855352
23926018
23935130
23942586
23942764
23951231
23977356
24002895
24035868
24059590
24067090
24072042
24128935
24157263
24214952
24266846
24317852
24322204
24371822
24463962
24485399
24498581
24518834
24529562
24574000
24608966
24611738
24639413
24667787
24670930
24749055
24752740
24815492
24864085
24906949
24914535
24961829
25015099
25048152
25050608
25099543
25131200
25178657
25185411
25185853
25201686
25274455
25299103
25354859
25355422
25398947
25414334
25452857
25469308
25483131
25491720
25498973
25606417
25627047
25678841
25737773
25744721
25753258
25830097
25839936
25863010
25867435
25897419
25934528
25950476
25973384
25984427
25995831
26046964
26058934
26102344
26155736
26201011
26247673
26309596
26345943
26367734
26393635
26489464
26525881
26555947
26590303
26604685
26608632
26681031
26729022
26771085
26822092
26845344
26861895
26914832
26934194
26937418
26955760
26958016
26986145
27027642
27049325
27058589
27108846
27159876
27181358
27213136
27230431
27281479
27465520
27504909
27539148
27583195
27605886
27623948
27639123
27668865
27706609
27742678
27755946
27758844
27792933
27793772
27929407
27958632
27983772
27998387
28002648
28066512
28067832
28101933
28102847
28117551
28165569
28183453
28219675
28220878
28253288
28263491
28277135
28299838
28330327
28343235
28343277
28352326
28404897
28420445
28472810
28499350
28511671
28536608
28579156
28587604
28611053
28699988
28830217
28851992
28949031
29025879
29100364
29171469
29174029
29182660
29190896
29193419
29246974
29301589
29312594
29317436
29326107
29331016
29394407
29476053
29514658
29678908
29713286
29733821
29736187
29751817
29871606
29959006
29967064
29971604
29993315
30026326
30063936
30177026
30254725
30258876
30266127
30275285
30290587
30398926
30419301
30467975
30470729
30548288
30551418
30557604
30567484
30614312
30647622
30656477
30700996
30702596
30718095
30721637
30764585
30776466
30778164
30814579
30858716
30899283
30914432
30948248
31012334
31070566
31083695
31089877
31121319
31125083
31218672
31300015
31312258
31392276
31409726
31470081
31492908
31504696
31517619
31546272
31619789
31676834
31736268
31768379
31775533
31803598
31805307
31829936
31859960
31864766
31872525
31969494
31986371
32024879
32068780
32127821
32133972
32182220
32203164
32248976
32273741
32371129
32434871
32445548
32517078
32651957
32675279
32739175
32788279
32843642
32908242
32910904
33068125
33122478
33252353
33277756
33305252
33346478
33352264
33419631
33422939
33436000
33438217
33447519
33452226
33498947
33526767
33607128
33641658
33712565
33752320
33761736
33780196
33784687
33996288
34001234
34003604
34016596
34028994
34041727
34073870
34103955
34200102
34220006
34232465
34265237
34305772
34326068
34394276
34489551
34515148
34535768
34568447
34612510
34669858
34753394
34763884
34799688
35096319
35133032
35165858
35237941
35279145
35413540
35434484
35442800
35477971
35489221
35585604
35596630
35601672
35636456
35673413
35673429
35673510
35677638
35691375
35697299
35738418
35790000
35841271
35864968
35874808
35880246
35893034
35897035
35957803
35996498
36044851
36155628
36263318
36282337
36358989
36369331
36734726
36759348
36782064
36800588
36869229
36905089
36921513
36966366
37081114
37225871
37606143
37610142
37798419
37816730
37867984
37879498
38072013
38128225
38166877
38213786
38215648
38228106
38264883
38372101
38390305
38453649
38487510
38492104
38514248
38612849
38736897
38869455
39005872
39164909
39366533
39389483
39473826
39492805
39499443
39596468
39600283
39601111
39709946
39762965
39767130
39780311
39822731
39828593
39874951
39960897
40050721
