688
690
691
693
694
695
9501
10319
11153
20115
20504
22416
23155
23156
32380
39258
73913
114619
130085
144748
144749
157364
158514
161531
168238
174832
175108
207868
216620
237542
241356
241494
320307
327055
329119
363261
381139
454464
455282
458616
458807
480368
489252
511091
520979
529055
543393
559070
573712
574492
574493
576362
578469
582780
641771
656114
656388
663322
681077
684232
702319
716951
719633
731391
731392
738695
738697
738698
752204
761841
784944
811135
820218
830862
833400
833407
838813
864543
915736
926827
927485
929687
931570
932860
950653
965632
977875
987203
991373
993173
1002132
1033559
1093960
1123080
1130959
1133351
1133395
1138887
1141582
1159174
1159562
1235283
1248920
1249801
1255284
1255412
1267534
1274501
1280695
1295882
1311515
1312396
1317326
1319233
1324207
1325685
1332874
1334730
1339176
1341904
1358517
1359747
1362932
1364361
1364431
1374900
1376314
1377341
1388599
1388944
1394363
1397096
1398506
1400791
1409255
1414686
1428534
1433222
1449485
1450524
1458964
1461997
1491056
1492102
1494290
1495006
1501224
1510396
1516099
1519764
1535599
1554384
1563646
1564258
1582818
1592119
1596916
1596925
1605930
1606682
1614414
1619668
1632494
1651704
1663907
1670504
1672155
1673789
1679344
1681107
1686775
1687007
1714147
1728535
1772466
1773943
1776259
1781804
1783633
1795230
1798063
1803021
1805870
1805944
1834651
1846731
1849092
1851837
1864203
1877750
1880965
1880992
1889005
1912310
1914931
1915840
1930814
1981524
1982489
1985959
1987652
1988263
1992123
1999527
2013134
2019376
2022348
2033577
2048533
2052721
2054880
2069012
2070465
2070501
2076568
2083327
2083329
2085894
2092663
2094706
2094719
2097422
2108309
2109430
2112866
2121355
2122606
2126167
2129821
2134710
2139318
2157964
2165987
2167255
2167270
2167273
2218583
2224880
2225330
2227531
2243611
2251452
2253774
2255218
2272293
2273451
2279442
2279850
2294097
2302510
2302982
2312251
2323520
2323524
2326473
2328263
2329555
2343057
2345551
2350179
2353064
2354809
2356125
2365983
2373073
2387499
2387519
2391691
2413325
2437348
2440437
2442158
2491889
2508094
2510944
2514040
2517244
2554532
2575461
2590263
2605670
2605673
2608720
2610968
2625436
2636933
2705785
2720100
2745623
2757388
2757389
2761558
2775903
2777031
2777389
2788653
2792659
2793970
2811860
2819974
2823844
2831220
2836586
2840217
2841353
2843161
2859033
2861268
2861914
2862154
2863766
2866255
2867225
2870189
2876088
2899258
2909095
2914723
2918875
2919876
2945286
2949399
2959338
2960554
2961610
2966731
2973031
3005948
3031309
3041273
3069794
3082280
3084529
3100404
3103314
3118023
3141338
3141995
3149646
3157408
3172284
3201475
3224708
3230419
3230420
3240097
3243827
3243828
3245660
3250481
3250641
3271097
3271878
3288114
3341341
3349952
3391745
3408791
3409464
3410044
3419429
3429130
3435995
3439465
3443640
3449163
3455736
3485362
3499909
3507261
3542758
3542761
3558623
3590225
3597576
3597631
3602733
3603573
3611255
3619017
3628963
3667079
3667783
3675161
3693511
3703339
3711187
3719863
3722299
3726880
3733951
3746823
3758621
3795622
3810657
3872941
3917849
3932730
3947134
3956720
3965949
3978617
3979874
4010756
4016288
4043878
4051482
4053035
4061839
4062966
4066151
4083689
4086531
4088882
4089254
4092959
4096726
4107694
4116393
4146902
4151686
4153860
4154767
4154810
4226697
4263281
4291995
4333955
4342315
4350117
4367883
4380047
4395620
4400889
4401176
4401377
4403075
4403111
4403394
4404342
4404839
4417268
4437638
4452538
4459242
4618580
4646073
4671664
4671668
4688659
4700046
4711929
4712608
4738252
4739160
4761986
4768876
4768877
4768878
4777338
4778124
4803841
4835715
4840918
4851240
4854587
4858056
4858630
4889728
4968102
4988397
5017423
5059124
5062949
5065308
5066383
5068354
5096964
5115207
5115210
5128008
5128392
5133875
5144737
5153714
5157311
5310930
5384575
5395372
5416196
5428075
5439027
5457957
5462152
5466675
5470311
5495990
5530450
5547598
5549014
5551916
5586468
5587244
5590712
5637363
5641415
5671150
5771621
5791788
5796336
5800071
5818785
5834127
5859243
5859244
5871073
5893836
5947400
5962344
5965331
5991664
6030293
6090686
6093013
6104580
6110446
6126588
6132999
6144313
6241647
6260033
6284389
6292420
6309246
6329179
6340739
6421761
6426541
6433033
6435866
6438380
6468835
6477560
6498178
6515131
6520717
6522289
6530334
6533038
6534536
6539284
6539736
6542057
6607781
6607782
6613607
6618204
6634916
6641521
6643506
6643618
6653773
6654587
6683224
6692393
6698715
6705788
6712660
6717383
6722945
6736153
6743655
6775084
6788365
6797916
6801067
6805943
6814078
6819772
6826686
6831413
6850576
6889472
6895688
7007264
7080783
7081992
7088082
7090832
7094917
7118420
7129361
7136725
7148545
7160826
7185639
7190831
7236857
7241514
7285002
7298761
7315369
7327471
7341527
7349106
7358458
7372209
7410892
7446138
7447260
7460271
7466839
7493957
7512201
7523383
7527463
7532406
7544190
7548200
7551677
7557543
7560071
7562913
7564298
7575577
7575749
7582470
7598714
7600793
7601606
7623778
7629805
7647915
7648979
7654182
7678689
7679195
7688467
7691339
7695653
7699199
7705974
7710423
7727526
7728535
7750084
7753755
7761448
7770471
7782156
7788306
7795786
7796405
7798254
7799518
7805783
7808327
7814299
7817766
7820101
7820702
7820887
7821007
7828992
7835234
7842700
7851341
7858047
7861657
7872013
7881815
7893264
7908529
7910007
7917504
7951860
7952872
8000043
8006816
8020445
8020482
8031150
8034451
8034452
8050038
8055103
8063193
8065925
8068694
8069390
8070671
8072042
8074811
8075367
8099352
8102234
8106575
8106595
8117686
8135840
8148805
8149461
8161563
8167857
8171445
8195159
8200264
8207701
8209339
8210992
8225021
8225033
8227201
8230113
8239541
8252543
8258361
8267625
8268847
8275538
8276350
8281890
8282216
8282232
8282276
8289186
8294048
8304969
8316399
8338092
8340066
8356781
8360847
8364507
8364508
8373437
8375692
8394271
8395414
8432678
8444400
8450450
8458583
8458585
8474150
8478906
8488972
8492563
8496012
8496920
8552252
8554316
8561491
8566105
8581520
8582652
8588509
8591691
8592682
8593638
8600982
8614906
8619865
8630269
8634280
8640754
8667022
8669986
8691205
8693069
8713102
8717230
8720802
8735653
8736060
8737600
8738478
8738646
8740432
8743069
8746440
8760395
8760609
8765853
8766898
8770391
8770392
8780051
8789377
8789378
8794475
8806593
8812169
8814950
8821546
8821671
8847886
8852588
8858833
8863512
8870957
8878532
8887889
8890459
8900392
8902521
8904812
8905622
8913335
8913479
8914622
8917415
8924582
8951242
8952497
8960150
8960159
8964416
8964749
8981038
9009131
9010593
9012843
9020397
9022799
9029824
9073130
9079668
9101044
9115994
9119262
9124408
9128103
9135048
9139677
9144447
9149127
9164077
9166889
9173922
9186484
9186752
9187250
9192820
9197971
9200523
9207283
9212447
9213269
9214582
9237328
9241038
9241039
9257665
9266807
9273778
9275300
9290074
9297551
9308158
9311081
9329180
9336309
9348119
9348433
9350423
9358246
9358251
9358439
9360968
9361407
9368679
9370040
9376753
9379154
9379155
9385440
9390720
9396162
9402152
9415746
9417880
9419267
9419827
9422372
9434262
9434316
9436213
9441716
9444559
9448715
9456084
9456301
9463923
9468653
9472331
9491962
9495873
9507930
9511736
9535719
9544211
9544212
9547940
9548903
9553791
9553936
9556219
9579724
9586581
9590398
9600388
9614711
9618198
9620778
9625733
9626567
9653941
9666896
9667496
9678258
9708912
9719605
9721029
9733957
9746247
9760284
9766912
9771551
9778311
9784106
9788598
9796433
9811953
9818434
9824212
9824673
9827578
9832155
9832308
9840257
9846647
9862018
9863065
9865479
9866440
9870564
9870910
9873835
9880802
9882448
9884081
9924717
9928432
9928452
9928663
9928677
9928850
9972257
9986723
9988129
9988278
10029234
10045331
10052852
10068457
10072335
10080655
10092060
10094723
10096509
10190035
10197959
10197960
10210694
10216138
10222040
10224673
10227740
10230808
10328954
10329508
10353342
10359458
10367338
10377235
10403394
10415548
10430033
10445242
10451363
10463386
10463392
10467313
10468551
10486581
10490504
10493817
10496672
10496675
10502497
10502501
10525122
10525272
10525298
10532233
10535689
10536104
10536839
10543787
10548448
10554300
10556635
10557015
10561704
10583505
10596977
10605053
10613182
10629749
10630867
10638441
10639279
10641281
10643792
10646528
10649206
10651869
10667380
10672316
10679629
10684624
10693965
10696767
10707929
10712565
10713391
10719242
10734155
10739142
10741473
10741852
10746943
10747413
10753188
10754275
10759150
10761994
10762726
10771131
10774026
10774054
10777944
10780900
10783083
10785442
10796069
10800637
10804962
10809059
10813890
10814125
10814154
10814358
10814424
10814427
10823205
10825675
10828258
10832069
10834379
10835296
10843618
10843621
10843623
10845643
10853675
10854257
10856336
10860870
10860923
10866635
10870698
10874121
10875608
10891153
10893031
10900146
10902036
10902584
10906426
10923784
10927299
10927323
10937881
10945744
10950843
10956455
10959871
10964763
10966521
10983851
10986503
10986522
10987210
10987924
10987944
11005654
11009027
11011940
11025194
11026545
11028789
11029191
11033197
11042599
11043790
11045508
11048741
11052078
11052107
11052114
11052802
11055265
11063915
11064003
11072808
11073587
11076615
11076638
11077273
11077287
11080055
11093655
11101365
11104905
11110643
11118998
11125704
11135413
11135414
11145150
11149868
11150193
11156175
11161681
11162512
11166336
11173403
11173446
11173456
11180380
11192080
11196898
11196948
11200081
11202718
11205004
11206778
11209598
11217115
11224417
11225110
11225131
11229019
11229361
11229559
11232809
11232829
11233146
11233214
11234317
11241619
11250595
11259270
11261733
11262115
11270740
11271519
11275424
11277501
11277794
11281795
11294975
11294988
11300816
11302243
11306698
11310668
11312034
11312938
11312980
11313603
11318392
11319769
11321538
11322648
11324154
11325014
11327914
11328754
11329681
11337201
11340988
11341318
11341321
11342218
11342291
11345721
11347615
11347913
11347923
11348088
11348122
11348138
11348167
11349277
11349284
11355193
11355199
11358227
11368876
11375026
11384232
11388855
11397190
11401573
11403618
11403923
11405716
11411982
11412128
11421680
11427079
11434371
11438521
11440589
11443258
11446699
11452131
11452135
11456520
11457102
11457200
11463300
11463323
11468156
11471718
11472505
11482640
11487362
11491542
11495425
11498637
11506001
11506226
11506623
11512143
11525681
11529772
11536321
11549000
11551515
11557313
11559098
11559171
11560325
11561633
11570692
11573793
11574004
11574031
11576333
11578239
11588356
11592175
11592904
11597127
11597406
11602347
11606183
11606217
11606219
11641424
11642459
11666268
11666281
11666316
11666331
11666368
11666497
11666501
11666587
11666603
11667141
11667186
11667329
11667417
11667490
11667498
11667619
11667736
11667737
11667760
11667783
11667841
11667882
11669735
11669755
11669762
11669896
11669903
11669914
11670107
11670259
11670260
11670364
11670384
11670442
11670485
11670536
11670635
11670675
11670840
11670849
11671105
11671158
11671169
11671220
11671260
11671429
11671509
11671698
11671729
11671744
11671909
11671944
11672017
11672048
11672240
11672305
11672390
11673424
11673968
11674044
11674072
11674077
11674229
11674304
11674397
11674408
11674414
11674436
11674510
11674586
11674609
11674653
11674699
11674784
11676008
11679339
11686689
11689156
11693651
11700119
11700145
11701027
11701029
11701052
11703136
11705697
11706239
11718336
11720554
11722201
11722242
11722912
11722940
11728735
11730715
11734053
11735556
11735598
11741412
11741433
11741445
11744398
11749605
11749636
11760063
11760817
11765089
11767406
11767416
11777436
11779074
11790351
11796056
11800635
11813308
11827059
11828120
11834087
11835624
11843593
11843597
11846266
11846995
11853890
11856054
11856474
11859209
11864462
11867264
11874133
11874365
11875820
11876266
11890796
11890831
11890895
11892985
11900340
11906461
11918203
11918915
11925194
11929968
11931114
11932521
11932535
11934593
11948553
11950318
11950320
11950331
11955669
11968071
11970853
11971717
11975621
11983968
11983969
11985538
11988084
11988623
11996128
11999381
11999526
12009130
12010050
12016938
12018998
12026973
12027673
12027714
12036033
12037663
12039730
12043968
12047166
12049498
12050426
12050432
12050440
12051553
12053009
12074652
12076156
12076165
12078524
12079463
12082628
12083896
12086824
12093805
12094036
12094050
12094071
12098311
12098328
12106591
12113763
12116133
12120072
12120158
12120160
12120305
12121772
12122698
12126428
12132486
12137458
12137528
12152769
12153220
12153262
12154284
12154313
12161000
12180125
12182654
12182871
12183031
12184795
12187978
12188353
12188647
12196978
12201764
12201778
12203500
12207391
12212745
12223087
12225412
12227811
12230210
12236734
12240272
12242683
12243951
12298007
12322734
12322735
12349905
12349974
12357825
12359948
12365838
12371480
12387420
12387632
12397587
12397947
12398494
12398509
12403015
12403573
12404387
12406751
12407669
12408644
12412086
12414318
12415170
12415430
12418881
12423170
12425961
12427491
12430476
12437323
12444622
12444624
12444662
12444784
12448511
12449329
12450131
12450142
12456983
12458723
12458752
12463380
12463558
12467387
12478534
12482238
12483594
12491326
12492546
12502286
12505092
12514800
12515473
12523850
12526470
12527695
12530897
12532300
12536762
12540095
12541955
12544409
12547288
12558097
12558098
12558099
12558443
12558453
12562629
12565825
12570997
12574647
12575846
12580494
12580500
12584698
12584856
12585490
12585875
12588150
12592414
12593645
12594176
12595169
12606010
12608794
12613837
12626640
12636416
12643938
12646410
12650493
12659213
12659223
12659507
12659721
12662076
12669037
12670245
12671981
12676615
12680784
12682383
12685907
12688748
12693235
12694215
12700204
12708470
12708830
12713372
12717422
12722083
12729609
12732529
12733345
12736059
12737569
12762758
12772899
12781207
12783533
12783547
12788459
12788462
12790609
12794350
12794362
12794904
12800934
12808208
12815311
12816469
12825946
12836973
12836975
12837097
12841269
12841751
12853423
12862483
12865593
12878410
12879211
12882800
12883872
12885054
12885125
12903133
12904034
12914475
12919000
12923780
12927554
12929436
12934916
12940734
12940750
12941894
12944638
12945701
12946129
12946161
12951151
12951488
12952481
12957176
12968921
12972054
12972420
13159451
13365135
13672175
13678846
13680052
13680096
13731039
13779921
13794136
13797607
13859877
13979123
13992079
14008531
14046616
14064198
14065193
14068736
14069691
14079633
14085493
14098171
14123964
14146961
14208664
14208666
14234911
14312659
14333573
14351159
14358270
14429210
14439518
14449214
14482480
14507195
14510354
14510543
14514302
14516087
14518128
14518133
14518996
14532649
14532663
14532676
14535482
14555198
14560813
14560915
14561087
14565321
14565400
14572111
14572266
14572288
14575459
14584802
14587706
14594395
14596002
14596407
14602101
14605400
14606426
14606755
14606840
14606918
14613325
14623426
14625079
14632527
14632925
14639633
14646308
14649901
14658870
14659443
14664387
14682687
14685330
14690225
14698407
14711300
14711301
14712027
14719943
14720549
14735984
14741290
14742735
14742742
14747074
14753814
14757161
14758593
14762128
14763757
14763995
14767128
14767142
14871101
14871115
14978791
14979074
14983451
14987030
14988423
14993791
15004380
15004383
15007809
15013011
15013063
15018535
15019154
15026052
15043165
15046944
15049644
15052586
15054770
15054787
15055760
15056958
15058464
15064144
15064793
15066172
15066183
15068306
15069476
15070301
15071221
15071231
15079898
15081898
15082344
15095147
15099110
15099852
15104119
15104141
15106981
15106987
15113215
15114567
15116910
15120598
15121848
15122367
15126071
15128257
15128259
15134874
15137780
15146914
15149187
15153027
15154819
15167785
15170300
15171285
15176824
15179464
15180433
15201509
15206873
15212457
15225052
15227542
15236547
15237169
15237189
15248425
15248430
15249944
15252497
15252531
15252543
15252612
15255685
15258401
15261281
15263141
15263154
15263164
15263212
15267336
15276724
15278154
15278168
15281510
15283300
15290686
15291494
15294237
15294444
15294784
15295187
15295196
15296408
15298211
15303161
15303873
15306915
15315446
15325741
15327263
15331451
15333895
15340957
15345862
15347735
15350404
15352112
15356758
15362951
15367797
15373409
15373501
15382887
15382914
15387174
15387563
15446745
15447845
15450719
15452862
15453428
15453636
15453728
15455141
15461427
15467301
15471493
15473551
15476292
15477142
15477689
15481467
15485241
15491229
15493928
15495954
15496072
15499937
15500950
15502971
15506224
15523725
15526320
15528818
15530104
15534712
15534713
15544425
15548062
15549794
15549838
15559821
15568068
15571381
15575676
15578787
15579966
15589644
15590314
15597891
15599448
15605145
15606088
15606144
15608132
15611089
15612648
15612733
15617816
15619669
15635718
15641367
15642637
15645217
15646983
15651802
15651878
15651894
15660960
15667069
15667082
15669065
15669608
15669835
15671265
15673212
15673728
15675869
15685346
15695916
15699613
15700470
15704987
15708377
15713090
15715482
15717843
15723213
15730326
15731767
15732957
15733035
15734157
15735002
15740002
15741106
15744084
15751959
15752026
15762715
15771242
15779980
15781295
15787520
15792780
15794567
15811663
15814878
15816751
15818589
15819573
15821336
15826190
15827645
15828029
15832401
15832825
15835714
15837306
15843894
15844904
15844996
15845009
15845019
15849717
15858649
15859611
15863069
15870853
15876114
15876719
15877154
15878695
15880982
15881458
15885610
15886349
15888928
15890093
15890407
15896818
15899532
15902975
15903337
15910050
15910791
15912564
15917897
15917992
15918518
15924404
15926574
15927872
15930750
15930779
15932420
15941254
15949529
15969182
15969296
15974081
15978870
15984214
15988777
15990300
15995746
15996818
15997053
15997073
15997436
15999187
16001896
16018622
16026073
16028365
16041123
16043019
16048302
16050708
16054900
16061357
16081086
16097820
16097939
16098496
16117531
16121715
16122227
16124314
16124814
16126241
16135795
16136231
16138385
16139865
16140628
16149118
16155939
16156631
16162168
16169572
16171912
16171942
16173732
16178547
16186929
16204963
16205006
16208180
16208634
16209476
16216225
16222491
16232721
16238329
16240000
16241156
16245080
16247759
16252299
16252671
16257751
16262383
16268524
16271843
16272597
16278815
16288514
16288549
16290629
16295904
16300869
16303300
16312958
16314973
16316119
16318220
16323832
16331176
16335781
16344462
16351053
16354067
16355991
16355992
16356880
16359495
16366613
16383328
16385590
16386298
16390067
16390823
16400001
16408957
16420025
16429175
16431846
16435873
16439253
16440983
16443233
16445920
16453172
16454671
16456281
16456297
16461662
16468731
16468788
16468810
16479291
16491190
16491819
16496983
16497424
16497547
16507713
16517506
16518038
16518507
16519314
16520019
16525555
16528789
16529477
16531101
16535667
16537657
16546441
16550277
16551506
16555838
16568964
16581943
16592926
16594685
16595909
16597143
16598152
16600092
16600132
16622053
16622499
16625254
16627642
16631297
16642520
16646457
16669688
16673038
16677817
16683780
16706508
16707107
16707130
16707329
16707334
16709917
16712525
16719116
16722761
16723185
16734418
16736485
16737316
16738872
16741912
16748891
16748952
16749118
16751524
16756975
16763309
16770461
16774364
16776503
16780304
16784871
16793609
16804692
16805569
16805626
16808532
16813432
16823196
16826301
16833730
16834208
16835940
16836380
16839137
16841993
16851090
16852199
16852898
16853037
16853060
16853524
16855743
16855744
16858707
16859298
16863212
16872187
16876321
16876469
16878963
16883871
16884295
16891737
16894787
16901154
16904119
16921568
16922271
16922549
16927340
16930038
16930078
16932812
16933952
16934504
16945579
16949683
16954613
16961934
16965935
16979586
16984742
16986794
16986911
16986971
16991182
16997539
16998634
17009858
17011533
17017178
17020254
17020351
17022436
17029382
17033158
17047402
17047779
17048120
17048846
17061866
17064052
17064175
17070060
17071589
17077904
17078660
17082852
17083480
17085068
17088621
17091504
17091514
17092003
17092769
17109528
17110027
17115752
17117215
17125296
17141279
17143727
17145810
17146505
17146651
17148660
17150604
17158667
17164911
17165791
17166001
17168572
17168573
17177168
17194106
17198435
17200875
17206043
17206048
17206049
17210446
17213926
17214463
17216636
17217283
17220260
17221983
17234270
17243713
17249247
17252773
17253800
17253801
17254750
17257030
17266519
17284812
17284814
17286432
17286485
17291105
17291110
17295091
17298052
17305334
17305404
17309205
17309207
17309242
17311139
17318199
17331791
17331793
17335269
17347817
17348389
17348705
17356815
17360229
17362523
17366697
17370325
17372962
17375886
17375957
17379527
17381738
17384579
17386425
17386638
17397222
17406724
17415456
17419000
17427263
17429961
17441070
17441090
17441113
17456407
17464419
17465699
17467864
17476701
17477540
17489588
17497013
17497634
17507285
17520833
17530758
17539679
17541707
17550238
17553546
17554259
17555790
17559280
17562533
17562564
17562796
17579375
17579447
17580887
17581823
17584641
17590382
17590561
17591041
17594679
17597383
17602858
17608432
17608437
17609567
17611289
17623293
17629487
17636969
17649310
17649989
17655225
17656250
17656467
17660385
17668360
17675680
17675696
17676812
17682389
17683899
17691811
17700848
17702025
17702346
17705329
17706610
17707336
17722908
17729216
17804286
17805814
17827768
17850810
17851400
17851641
17867765
17869600
17874775
17877405
17877835
17886845
17890343
17891956
17891978
17897833
17900805
17909649
17909658
17911168
17913148
17915811
17917227
17918898
17919031
17919904
17924095
17924598
17934922
17939195
17941688
17941694
17941725
17944467
17948321
17952420
17960928
17966699
17966761
17971975
17973515
17973531
17983743
17992681
17994822
17996335
18007375
18007397
18007527
18029637
18030993
18034465
18042045
18045548
18046605
18047788
18057116
18058785
18062699
18065773
18067210
18072979
18074284
18075666
18080904
18082954
18085782
18092105
18096202
18101470
18115429
18157659
18161509
18161511
18161853
18164071
18166063
18181224
18183945
18185869
18186603
18188465
18188607
18189350
18191905
18193030
18203922
18208333
18223679
18232699
18237166
18251545
18253008
18254151
18275212
18281723
18281783
18283365
18283705
18299142
18304446
18312429
18314329
18316105
18321586
18323087
18327320
18328271
18328944
18330788
18331006
18335974
18338851
18342322
18354768
18358030
18364024
18367874
18371689
18375874
18389124
18395338
18396791
18396894
18399553
18399687
18401523
18402489
18406014
18408878
18413101
18418746
18421398
18428846
18428905
18430050
18430298
18433995
18439017
18458382
18459796
18460650
18461938
18467015
18467118
18476226
18478184
18479920
18482052
18485557
18495553
18506497
18515644
18522390
18522454
18522991
18524671
18528582
18533688
18535333
18535346
18536733
18539467
18540593
18540619
18543938
18551248
18551329
18552516
18554537
18554903
18557612
18558758
18570173
18570357
18580984
18582110
18586499
18589299
18599973
18599990
18604498
18610981
18615524
18622452
18622456
18622872
18622873
18623584
18624187
18624456
18625249
18630270
18630979
18633519
18636705
18641663
18653741
18657530
18664589
18665313
18670121
18682660
18683243
18686994
18688383
18701281
18706331
18709455
18713667
18715547
18728863
18729084
18729448
18752226
18754100
18758012
18758444
18759464
18768174
18776298
18776468
18780362
18781562
18785661
18790001
18791002
18797864
18812229
18814038
18822316
18823099
18823102
18823114
18823898
18824057
18825757
18829160
18835860
18839990
18842248
18844336
18844417
18845208
18845215
18845219
18846599
18861294
18924904
18929391
18931339
18942805
18948265
18951605
18952869
18956079
18959411
18961975
18962499
18962982
18963292
18964531
18964545
18964770
18965924
18966883
18967617
18967827
18968595
18969273
18969317
18969342
18969451
18969614
18970696
18971612
18975863
18977476
18998656
18998706
19009063
19036514
19050773
19057079
19057082
19065063
19071343
19071433
19072696
19075509
19084262
19085075
19090240
19109683
19120650
19129592
19132825
19137533
19150650
19151717
19153630
19153976
19156812
19158314
19166337
19166721
19168263
19174214
19178929
19183511
19185313
19185989
19196843
19200654
19201538
19209236
19209305
19215102
19216542
19222165
19224695
19229945
19231071
19235967
19238212
19239249
19243156
19243158
19245267
19256160
19256498
19267314
19270068
19271735
19274305
19281177
19284751
19292432
19298209
19303600
19309021
19318501
19319597
19323542
19323570
19331168
19333720
19337906
19340592
19344668
19346616
19346620
19351149
19358538
19361249
19366511
19380022
19395320
19397300
19398269
19400118
19405089
19410467
19415813
19421587
19423200
19425612
19427121
19428446
19432460
19445514
19446494
19449831
19458137
19459664
19462665
19465454
19471097
19471195
19475586
19475952
19477298
19490763
19492100
19496591
19498244
19513473
19515965
19518153
19526707
19538016
19554720
19558498
19561322
19567472
19574014
19577241
19586010
19588174
19588919
19603440
19603761
19606853
19610009
19617686
19621058
19621889
19629649
19634428
19634890
19637855
19639951
19642622
19642699
19646028
19647727
19651802
19652303
19652306
19652329
19655265
19662126
19662130
19662869
19670283
19682987
19691249
19691344
19694179
19696944
19697919
19700628
19701182
19701955
19704033
19707678
19711382
19712389
19714655
19715283
19716280
19719169
19720132
19720728
19722693
19725079
19739647
19749079
19749305
19750720
19754199
19764718
19764731
19769396
19780602
19783947
19784386
19791412
19797933
19805879
19809268
19811842
19811869
19817390
19823010
19839613
19853274
19853619
19882708
19886613
19900425
19914828
19917278
19928984
19936027
19955392
19955487
19996565
20006074
20013971
20024332
20027869
20032382
20036172
20041716
20041724
20042365
20050603
20058290
20060316
20061363
20065498
20068451
20072718
20082031
20087504
20095549
20099813
20102317
20106537
20106716
20112970
20116957
20118584
20121153
20124678
20124683
20127149
20127252
20131774
20137389
20137667
20140976
20141120
20141162
20155583
20157588
20161259
20162178
20180853
20183596
20185235
20186885
20193435
20196622
20200115
20205656
20223225
20227827
20335943
20346393
20354301
20354302
20356014
20356070
20357774
20358047
20361269
20369848
20370559
20373052
20379594
20386971
20387842
20387846
20387868
20387873
20390170
20391140
20407723
20412651
20414457
20415419
20420386
20429028
20430017
20432419
20442823
20444489
20445911
20447810
20460502
20469862
20478107
20480215
20481465
20491099
20493811
20502709
20510218
20510595
20520916
20527800
20528578
20535413
20543847
20553222
20556588
20566292
20570117
20570912
20574586
20586424
20586497
20602962
20603559
20617835
20621299
20626878
20628624
20631836
20631913
20641716
20650192
20658629
20665574
20673729
20678535
20679703
20679720
20681080
20684511
20686504
20694250
20697648
20698654
20701396
20702355
20704334
20715146
20722370
20725920
20726785
20735147
20801379
20802076
20802237
20802782
20805027
20806450
20806983
20812314
20812698
20820518
20821452
20821635
20825245
20831180
20831691
20837439
20850518
20857398
20865127
20883021
20888566
20931296
20938535
20941426
20945308
20961045
20964284
20964812
21015028
21036471
21046795
21051811
21062413
21064061
21071218
21072404
21083788
21099025
21109903
21112258
21112690
21113705
21116587
21121619
21123889
21123898
21125998
21125999
21126021
21129250
21130999
21131048
21133382
21139270
21144658
21144749
21148686
21153891
21166420
21168127
21175191
21176348
21180888
21181359
21193962
21200576
21200617
21200623
21200655
21200704
21200756
21200757
21200770
21200772
21200781
21200835
21200912
21200957
21201043
21201122
21201171
21201178
21201208
21201225
21201231
21201282
21201434
21201438
21201484
21201549
21201551
21201629
21201737
21201758
21201778
21201818
21201850
21201862
21201886
21201893
21201897
21201904
21201917
21201926
21201954
21202058
21202066
21202106
21202133
21202172
21202181
21202259
21202319
21202356
21202447
21202490
21202513
21202573
21202613
21202657
21202678
21202681
21202789
21202843
21202953
21202954
21202980
21202982
21202996
21203128
21203167
21203186
21203190
21203254
21203270
21204571
21206079
21207605
21207620
21226126
21227585
21238587
21264429
21274455
21280566
21283876
21285493
21285504
21286388
21288640
21290078
21296119
21300782
21302363
21303164
21306151
21315889
21326142
21327207
21327214
21332924
21349926
21355617
21356308
21366955
21373959
21375293
21380424
21380912
21384909
21389693
21390239
21391576
21400702
21410270
21412539
21417300
21418283
21422614
21423989
21426086
21428316
21428317
21446702
21446739
21462993
21466884
21470552
21472164
21472806
21472936
21482276
21483925
21503286
21510666
21512446
21516221
21517074
21520931
21522249
21522295
21522304
21522343
21522400
21522403
21522449
21522452
21522543
21522582
21522650
21522723
21522945
21522987
21523052
21523100
21523180
21523181
21532195
21536016
21540538
21544189
21547060
21548598
21553143
21553838
21568277
21572399
21573488
21577432
21577527
21577535
21577543
21577826
21577885
21577986
21578123
21578224
21578227
21578295
21578379
21578388
21578414
21578474
21578482
21578697
21578743
21578745
21578756
21578863
21578883
21579094
21579111
21579155
21579160
21579232
21579259
21579315
21579323
21579396
21579538
21579724
21579769
21579874
21579887
21579896
21579897
21579898
21579899
21579998
21580034
21580096
21580100
21580186
21580311
21580336
21580407
21580471
21580548
21580580
21580581
21580619
21580665
21580714
21580715
21580716
21580724
21580749
21580790
21580795
21580852
21580987
21581014
21581073
21581076
21581077
21581122
21581133
21581243
21581272
21581294
21581324
21581379
21581454
21581558
21581560
21581608
21581613
21581629
21581662
21581664
21581800
21581860
21581871
21581872
21581895
21581919
21581981
21581995
21581998
21582072
21582199
21582242
21582288
21582429
21582464
21582540
21582545
21582582
21582615
21582678
21582696
21582707
21582732
21582774
21582783
21582804
21582811
21582823
21582854
21582925
21582951
21582956
21583010
21583039
21583101
21583135
21583190
21583251
21583259
21583332
21583427
21583486
21583549
21583567
21583686
21583700
21583710
21583719
21583937
21583948
21587568
21587577
21587584
21587606
21587649
21587650
21587701
21587716
21587817
21587854
21587925
21587956
21587958
21587966
21587998
21588169
21588278
21588291
21588344
21588346
21588462
21588566
21588579
21588589
21588598
21588636
21588688
21588689
21588764
21588774
21588823
21588835
21589089
21589090
21589105
21589110
21589194
21589296
21589323
21589350
21589353
21589354
21589456
21589462
21589519
21589542
21589552
21589554
21589569
21589636
21607921
21617256
21622582
21625732
21627153
21630637
21640154
21641452
21643589
21644556
21645705
21651251
21651925
21657252
21666927
21669523
21677975
21683104
21684239
21685334
21688033
21691754
21695336
21706087
21706388
21706581
21712064
21716204
21718012
21722518
21726176
21727614
21732591
21733836
21736332
21738908
21742915
21743910
21743972
21744824
21745677
21753984
21754133
21754139
21754158
21754398
21754458
21754509
21754537
21754578
21754594
21754709
21754772
21754790
21754815
21754836
21769366
21773762
21774556
21774619
21776528
21776535
21780613
21781775
21781789
21783911
21784576
21785167
21785794
21787686
21787851
21796999
21797775
21802473
21807227
21816389
21817792
21817793
21836931
21837016
21837119
21837152
21837178
21837196
21837213
21837226
21848305
21858348
21860091
21860860
21863196
21866310
21873272
21875068
21881187
21882404
21892246
21892507
21892616
21895413
21899294
21903454
21905659
21915685
21916450
21919236
21919505
21929825
21930824
21934647
21938748
21941779
21942029
21949822
21952444
21953830
21956775
21964633
21969794
21983296
21984850
21989412
21992628
21993562
21994403
22003507
22005295
22011272
22020168
22031029
22034833
22037553
22041792
22043927
22049704
22050997
22058763
22058772
22058828
22058949
22059882
22064684
22064897
22065466
22065493
22065499
22065650
22069302
22081086
22090916
22090940
22090954
22091054
22091056
22091086
22091094
22091159
22095785
22108635
22111789
22119468
22134622
22136229
22138919
22142224
22148255
22148770
22148783
22149724
22173685
22175355
22175589
22177017
22180863
22182485
22183926
22185461
22185773
22192064
22194447
22195672
22199465
22199539
22199605
22199750
22199808
22199815
22199844
22199850
22199867
22199882
22199892
22199955
22199964
22204439
22209439
22213090
22213483
22213741
22219760
22219810
22219848
22219891
22219898
22219946
22219955
22219980
22219981
22220067
22220098
22221621
22223370
22225151
22227553
22228261
22229877
22231285
22238210
22245936
22258081
22259380
22259402
22259475
22259514
22259544
22259565
22259592
22267150
22273270
22281839
22289352
22296217
22301672
22301953
22309567
22311820
22324786
22326806
22327600
22346837
22346878
22347038
22347056
22347059
22347110
22347119
22347133
22351525
22352383
22356248
22369679
22370939
22371117
22372402
22393697
22394282
22394317
22394534
22406106
22407988
22412442
22412467
22412486
22412488
22412626
22412647
22412748
22414230
22429149
22446191
22458326
22464062
22466069
22466755
22471275
22480288
22482509
22486671
22489917
22491099
22498646
22505058
22505341
22515471
22517724
22536653
22537193
22543812
22553109
22560493
22562598
22563758
22565030
22566669
22571722
22589846
22589917
22590073
22590185
22590278
22590304
22590405
22590406
22590410
22606087
22610911
22612972
22623951
22652431
22653125
22653174
22655747
22664374
22669189
22669532
22682327
22694241
22700337
22704995
22706891
22708064
22719295
22719375
22719411
22719490
22719498
22719516
22719586
22719594
22723405
22726925
22731787
22737103
22739786
22747442
22766446
22772394
22777343
22777873
22778893
22779659
22784727
22794114
22794126
22795327
22796571
22798799
22798809
22798842
22798869
22798903
22807874
22809236
22812677
22814959
22821324
22823936
22830713
22846140
22849630
22850848
22864403
22874881
22876140
22878375
22887067
22890082
22893025
22897604
22903066
22904732
22904827
22904929
22904946
22904953
22909064
22917631
22922024
22952191
22961563
22965688
22969461
22969464
22969513
22969558
22969564
22969630
22983742
22983789
22984900
22991997
22994782
23007537
23010655
23013759
23046091
23050457
23052471
23056318
23061895
23064702
23065534
23066086
23075145
23076976
23086681
23088558
23101723
23103524
23106690
23107739
23109092
23112101
23116450
23121328
23125580
23125620
23125727
23125731
23125744
23125790
23129169
23131086
23132742
23137523
23143854
23149340
23169214
23172574
23190145
23192940
23197337
23198284
23200001
23200256
23205719
23207872
23211441
23215053
23219593
23226346
23231439
23240186
23240930
23243473
23244087
23258667
23266269
23266695
23270938
23273379
23281967
23282921
23284306
23284325
23284351
23284466
23284477
23284484
23284514
23285664
23292840
23295413
23298175
23306553
23311621
23329280
23341268
23348503
23348506
23349023
23352130
23362280
23365512
23368278
23377691
23379562
23393799
23410191
23416871
23416906
23423579
23424429
23424471
23424487
23424488
23424516
23424535
23424558
23424571
23433592
23438012
23443044
23447981
23450232
23459351
23462332
23463211
23468680
23468700
23468725
23468727
23468771
23474617
23474727
23476184
23476242
23476316
23476342
23476383
23476402
23476408
23476488
23476523
23476614
23480730
23484734
23489331
23493924
23495187
23507752
23509011
23513968
23519253
23520877
23526814
23527907
23530248
23535067
23535397
23535731
23535824
23536423
23538118
23538747
23555028
23555636
23556427
23557686
23561202
23562826
23576220
23578311
23579292
23581281
23581491
23583846
23585057
23585332
23590358
23598100
23598170
23598174
23598659
23603390
23603989
23613397
23628826
23629903
23634137
23634910
23639081
23646772
23646900
23664861
23666205
23668147
23670976
23675976
23683356
23685049
23687932
23690869
23707794
23712692
23714013
23716294
23717125
23718696
23723756
23723767
23723799
23723907
23727674
23733612
23734452
23734872
23737770
23738012
23739637
23743007
23756367
23756467
23764841
23766237
23771524
23772984
23773757
23787963
23794529
23794796
23795055
23795064
23795077
23795101
23795110
23799844
23806031
23812731
23813233
23815641
23818232
23825548
23826993
23831982
23832044
23833040
23843319
23848456
23852821
23859695
23860729
23862454
23867853
23873782
23879346
23887589
23906087
23907882
23907886
23908149
23910259
23921425
23924301
23940079
23943478
23947038
23952598
23955565
23957679
23968592
23975423
23977950
23983229
23984319
23984931
23985828
23992523
23994680
24005504
24005517
24020756
24022526
24030750
24030752
24035680
24046595
24046630
24046710
24052842
24053017
24054605
24055314
24055888
24061378
24061657
24062823
24062832
24064445
24074152
24074359
24079836
24081201
24098182
24098219
24098244
24098254
24101484
24108670
24109366
24109375
24116746
24117331
24121487
24123007
24123354
24128854
24140970
24141777
24144027
24144320
24147870
24148773
24154961
24157547
24158734
24160561
24162446
24163018
24174164
24174165
24174344
24182023
24195700
24198459
24203684
24205593
24214427
24217890
24246442
24260099
24260374
24261697
24266454
24269339
24269974
24275473
24278537
24278580
24283584
24285241
24285288
24285506
24290356
24301916
24328055
24330847
24336959
24337442
24344997
24358937
24371071
24374110
24377631
24387843
24390616
24392782
24393372
24394546
24406463
24407060
24416313
24417283
24420154
24423165
24423917
24427011
24427017
24427049
24427059
24428493
24432408
24434656
24436132
24437720
24441417
24445698
24446694
24447196
24454071
24454166
24454251
24463461
24465473
24476079
24476768
24477869
24486497
24491264
24491735
24493128
24494821
24508884
24520712
24526931
24527772
24535416
24535778
24559114
24560773
24573172
24577890
24583168
24583849
24588324
24588569
24590268
24607378
24615621
24615942
24617711
24628319
24631747
24632381
24645797
24655126
24657467
24657534
24658418
24658568
24662601
24666312
24677381
24679059
24679952
24687861
24691053
24698786
24699898
24705647
24722048
24725248
24726063
24727165
24727422
24738022
24742867
24746472
24752748
24761905
24764925
24778740
24784825
24788957
24794257
24795053
24798257
24800807
24803525
24810598
24813291
24815868
24816985
24819925
24826096
24826122
24826127
24826128
24841775
24847414
24848277
24850244
24852545
24857917
24859456
24860296
24860309
24860364
24861918
24866078
24870929
24873914
24875675
24887495
24894154
24898098
24898480
24898513
24898969
24900702
24901028
24903127
24908248
24914573
24915473
24919402
24919777
24934765
24937153
24940194
24940254
24940258
24940265
24942823
24944804
24956352
24964069
24968285
24970285
24970747
24971726
24978589
24992114
24999119
25000498
25005266
25007268
25010453
25014471
25016875
25024077
25024083
25027329
25035100
25037574
25042800
25043150
25051149
25052700
25066823
25067791
25068528
25077600
25081751
25089717
25097049
25099773
25108601
25108826
25110086
25112153
25118812
25121551
25127076
25127175
25128634
25131386
25139225
25140036
25150284
25156787
25159205
25161559
25161569
25161588
25161598
25168009
25172750
25173520
25196853
25198172
25201236
25216705
25217772
25218229
25219713
25220533
25221358
25225064
25229182
25243610
25248398
25249896
25254308
25260249
25264579
25267585
25271372
25275272
25275500
25280162
25280270
25284078
25288374
25289770
25289788
25296732
25301727
25302765
25308193
25309186
25309261
25312950
25314060
25324873
25331263
25331571
25339005
25341201
25341690
25351994
25360537
25368434
25370105
25379381
25383100
25383123
25393155
25399819
25400159
25402455
25407517
25421731
25432418
25433838
25436859
25441013
25448946
25450207
25450209
25452394
25456736
25457634
25467681
25474136
25479421
25479869
25484470
25484677
25484683
25484737
25484765
25484804
25487306
25494806
25504908
25505857
25510435
25516136
25529927
25535850
25546235
25548036
25552972
25553002
25553003
25553004
25553011
25559050
25559863
25576944
25580401
25583906
25584719
25589350
25604004
25605839
25606000
25614443
25616989
25621421
25630804
25632141
25641715
25642978
25657039
25657201
25670155
25676196
25678469
25681309
25683404
25683523
25685255
25686008
25689686
25689691
25690316
25697553
25705495
25706436
25716168
25722414
25724531
25730419
25746036
25755155
25758294
25758913
25761917
25773602
25785013
25786059
25786793
25789794
25792646
25796354
25797251
25800650
25809917
25818880
25823555
25826637
25841201
25843513
25844200
25844214
25847888
25849990
25856414
25860162
25862495
25869247
25870252
25871461
25876648
25878818
25878825
25894251
25902642
25903478
25906515
25911493
25912831
25921225
25936040
25940148
25940397
25951319
25952163
25953140
25958253
25958557
25962353
25963524
25964481
25966219
25969805
25971787
25972742
25975844
25977370
25978689
25993508
25994789
25995884
25995903
25995920
25997473
26004381
26004803
26007325
26014354
26015078
26017802
26018735
26020272
26024423
26029422
26029444
26030387
26042809
26055532
26061100
26061172
26061753
26066740
26070422
26080944
26082377
26085010
26090180
26090188
26091580
26094722
26096840
26100621
26117037
26120055
26135029
26135533
26142317
26143634
26143636
26145162
26148423
26149460
26164257
26164745
26165936
26172244
26177988
26178232
26179180
26189454
26193678
26194807
26194824
26195323
26200217
26200937
26201603
26205626
26208317
26210160
26226516
26231125
26236535
26238323
26260024
26260148
26260377
26270259
26274454
26279856
26279877
26279901
26292896
26296151
26298771
26299260
26299435
26299642
26302341
26305370
26314843
26323719
26328529
26336998
26337021
26341290
26348634
26354077
26355235
26365419
26368796
26372813
26374457
26379041
26379047
26389568
26389665
26391479
26396788
26397119
26398300
26401908
26402338
26418891
26425038
26425183
26433962
26439846
26442096
26442910
26452810
26455437
26457919
26461266
26462837
26472403
26475521
26475538
26476329
26482640
26487696
26489343
26490281
26491349
26491630
26492175
26501986
26502058
26509410
26513297
26515115
26520704
26523776
26526580
26542269
26545048
26545403
26546739
26553065
26553150
26556853
26558319
26558552
26566152
26568456
26575949
26575952
26588470
26594475
26594520
26594550
26608520
26610394
26611534
26614175
26615801
26617880
26618894
26621837
26626381
26626549
26627164
26646272
26652987
26657580
26658549
26667986
26668184
26669682
26674171
26676331
26677968
26678376
26679899
26680842
26692920
26694648
26696128
26700669
26702557
26705111
26707848
26709572
26711586
26716642
26727046
26727717
26732020
26733501
26753123
26757069
26763461
26765760
26771522
26775999
26781920
26789550
26799699
26799744
26807594
26809848
26819047
26824253
26827673
26832993
26833670
26839440
26840518
26849380
26849878
26852175
26853962
26857243
26857356
26867538
26870359
26870410
26870464
26870465
26870472
26870492
26870495
26870500
26870580
26875008
26878079
26878773
26878822
26879328
26880350
26883723
26885830
26890612
26892657
26893420
26897749
26898942
26900647
26902827
26914704
26924356
26928778
26931222
26931663
26934125
26936050
26941407
26943032
26949502
26951110
26953344
26956036
26957363
26958370
26959409
26960334
26961849
26965579
26967572
26969876
26980028
26980724
26988141
26988158
27027853
27028424
27038701
27040924
27044500
27061303
27064992
27071627
27075005
27077147
27078200
27079149
27087965
27107984
27109168
27109867
27111399
27121399
27143402
27146567
27148686
27153849
27157859
27162479
27164443
27184112
27185198
27190261
27191227
27191258
27206431
27213507
27213674
27220712
27220726
27225634
27227518
27244116
27251157
27253755
27256699
27263770
27273963
27276713
27280318
27286231
27297181
27299795
27300262
27301352
27302309
27302823
27313781
27314439
27339808
27340838
27342798
27359053
27370687
27375857
27380620
27387958
27389249
27389855
27391419
27392232
27392692
27393264
27400892
27405656
27406140
27411289
27420401
27421060
27427640
27427869
27431650
27431814
27433923
27435826
27437772
27438857
27439016
27440397
27449293
27450417
27461937
27462436
27462841
27480938
27484218
27493271
27493856
27503138
27511114
27511438
27512065
27520411
27522666
27524650
27528624
27535613
27535698
27547640
27547991
27552337
27555924
27555931
27561898
27562490
27567961
27571882
27573447
27574107
27581851
27587879
27592432
27608032
27625791
27627813
27638293
27648667
27649946
27650951
27655710
27661004
27665778
27670230
27670608
27673370
27673745
27682673
27683352
27687607
27688081
27703117
27709942
27718012
27750096
27758882
27760791
27768309
27775187
27776849
27777385
27786466
27786473
27790921
27792139
27793328
27797938
27807101
27807769
27809378
27811410
27811416
27825130
27833153
27836343
27836952
27840721
27852061
27866308
27871469
27873319
27884531
27908496
27911794
27914687
27917590
27920933
27930864
27930874
27936299
27941944
27959441
27974126
27977688
27978631
27978684
27982019
27987401
27990595
27997398
28002788
28004083
28008523
28025427
28032863
28035833
28039025
28040359
28040793
28045212
28045506
28049011
28052688
28057768
28057933
28060765
28074116
28074652
28083144
28088644
28092417
28093907
28109662
28123854
28125030
28150740
28151853
28152311
28154851
28163253
28165218
28176151
28178839
28181854
28184371
28188924
28195740
28197595
28208013
28210727
28214755
28217318
28217319
28217715
28219600
28230921
28239699
28243660
28255664
28257805
28262312
28268261
28271343
28272680
28274417
28279869
28280124
28284778
28300254
28315597
28316804
28316824
28316832
28323925
28323937
28331964
28336406
28342451
28347924
28348611
28357868
28361646
28372935
28373299
28378855
28391182
28393253
28395816
28403611
28407294
28416747
28418878
28425285
28429424
28434171
28434709
28435721
28436530
28443662
28447668
28448635
28451185
28452859
28452956
28459588
28462580
28467491
28471176
28472882
28475330
28477011
28486516
28489026
28489956
28500425
28502101
28521105
28527438
28529542
28534651
28537588
28551227
28560877
28564367
28570900
28578102
28579652
28580684
28583816
28587824
28599988
28614984
28616852
28638658
28639651
28640640
28647414
28650516
28651743
28661149
28664476
28666074
28675201
28677608
28682440
28683471
28684982
28684987
28684997
28688446
28701805
28707774
28711046
28712514
28719207
28720667
28722219
28726953
28730188
28731042
28735729
28737400
28741734
28742961
28748649
28753872
28754720
28757168
28763128
28764080
28764960
28768098
28772562
28775782
28775874
28776998
28781658
28786688
28789383
28789386
28789428
28800228
28802642
28815966
28818973
28823044
28829092
28829509
28833137
28833616
28842207
28844481
28851427
28868656
28871486
28874004
28875215
28881610
28885762
28899772
28910104
28915643
28915660
28919646
28926692
28928444
28932433
28932462
28932468
28939298
28944883
28947783
28951115
28956923
28974544
28975450
28978027
28978050
28985605
28987119
28992336
29017189
29019414
29019938
29030736
29033187
29037127
29039499
29040850
29042796
29045464
29046831
29047144
29047227
29052002
29061376
29062412
29062424
29063097
29066411
29076339
29085338
29087195
29094776
29100304
29100352
29100407
29101909
29105198
29108273
29123258
29128606
29129059
29134718
29136816
29138945
29145503
29148764
29152617
29156274
29175192
29176914
29178227
29186657
29186692
29193225
29197976
29198322
29201089
29216242
29221218
29222734
29231861
29249395
29250356
29260264
29260562
29260627
29261317
29262649
29262650
29281820
29285130
29291256
29299136
29302215
29303501
29305433
29312581
29312603
29313326
29315289
29321999
29327931
29335658
29344264
29353191
29353801
29374233
29382647
29382801
29383142
29385344
29399682
29405721
29422527
29425713
29427610
29430506
29435002
29436610
29439385
29449673
29449679
29450669
29450955
29456651
29456797
29457807
29460007
29463038
29472328
29473225
29473934
29479600
29491266
29491818
29493693
29497099
29498461
29507683
29509397
29513383
29518773
29519704
29522348
29530758
29534075
29558796
29560716
29567522
29568354
29570872
29572683
29573487
29576806
29579642
29589620
29596408
29599449
29603728
29605807
29607906
29611704
29613782
29614790
29619746
29620581
29625319
29630365
29650441
29653465
29659281
29663596
29663827
29669480
29671910
29673159
29677541
29680927
29692346
29693015
29693739
29695835
29695979
29706675
29709823
29710916
29710920
29711057
29711194
29711222
29711650
29711726
29712018
29712097
29714374
29723536
29723785
29734404
29745677
29753247
29760568
29765730
29765748
29765760
29765763
29772520
29774145
29780160
29792022
29802247
29803207
29808339
29809284
29850044
29850058
29850071
29850094
29853379
29860621
29864697
29871486
29872785
29873495
29886289
29892743
29900470
29911316
29928145
29938393
29939218
29941484
29942946
29951230
29951233
29951519
29956721
29960712
29963202
29964825
29968850
29982653
29984907
29985536
29987895
29989446
29999068
30002896
30002897
30010340
30010853
30023831
30024548
30035991
30036772
30036819
30043034
30046245
30046372
30055316
30058954
30061528
30067147
30070694
30074770
30077176
30081602
30082856
30090498
30090553
30093619
30095832
30097281
30098580
30102537
30108771
30116581
30120967
30129754
30131465
30140366
30165166
30166312
30168540
30174067
30176310
30186877
30187121
30191716
30200646
30202452
30202480
30203649
30205042
30205050
30209482
30210297
30211558
30211730
30213182
30216719
30220117
30225135
30231927
30240866
30246869
30255973
30257571
30269280
30272206
30272282
30282328
30283958
30285022
30287318
30294560
30294733
30298888
30304831
30306386
30310674
30319801
30319803
30324884
30329202
30333046
30335585
30338789
30346624
30350309
30358567
30361901
30369046
30379182
30384470
30390459
30391860
30392088
30393798
30404719
30405273
30406778
30407589
30407820
30418602
30427183
30433802
30444629
30447097
30447301
30450594
30451293
30460491
30474033
30475634
30475646
30487447
30505762
30506498
30507355
30517099
30523342
30528938
30538798
30540185
30540198
30543312
30555055
30555862
30565828
30570208
30573233
30574365
30574394
30574400
30584893
30589552
30590081
30591524
30594793
30599247
30603600
30627716
30634743
30644143
30648628
30651336
30655743
30656384
30656843
30663305
30688450
30690488
30691026
30696697
30707406
30715875
30719700
30720459
30724253
30738744
30761420
30764944
30766975
30775769
30788677
30793229
30827467
30834599
30839034
30850363
30852620
30856438
30864606
30867954
30867959
30867961
30882836
30887605
30899422
30906942
30916166
30916707
30922378
30932912
30934988
30948344
30960238
30966002
30966259
30973232
30991024
30999281
31009812
31013104
31017141
31021521
31022060
31024447
31025566
31026111
31028781
31038509
31042674
31050187
31050439
31057190
31070913
31071634
31072012
31076787
31081791
31084540
31085209
31088054
31110784
31110791
31122446
31122840
31126249
31131695
31141360
31145627
31150260
31151534
31154561
31159257
31177357
31194561
31203567
31207346
31208794
31225568
31237867
31238133
31239704
31244155
31247738
31247748
31247805
31258744
31265286
31265952
31270965
31278797
31283926
31284662
31285550
31286848
31291979
31292540
31300059
31301927
31305897
31312446
31313292
31321647
31321667
31322353
31322481
31328110
31328111
31341592
31353383
31358298
31359635
31364237
31365169
31368687
31371922
31375570
31379179
31388578
31391125
31391990
31393284
31408918
31412507
31417495
31425705
31429604
31433645
31454181
31454788
31457760
31457800
31457873
31457899
31458072
31458248
31458271
31458528
31458721
31458952
31459034
31459324
31465233
31468435
31470549
31470906
31471028
31482915
31486281
31498628
31505447
31507058
31520878
31521529
31522015
31523471
31524412
31538411
31542820
31561592
31571131
31591760
31592671
31606662
31606969
31620758
31623593
31630858
31630874
31631212
31636970
31636977
31636995
31646401
31653936
31654847
31655978
31660031
31662438
31686652
31704003
31720674
31720849
31745106
31758612
31763768
31767314
31779304
31788895
31789679
31806325
31810221
31817965
31821000
31835578
31848408
31853240
31855307
31871743
31876185
31880125
31888467
31889117
31891871
31894786
31900258
31905123
31908172
31911191
31919521
31921758
31929854
31930236
31932679
31933371
31935358
31935503
31935944
31942803
31943527
31943533
31943951
31947738
31951142
31956844
31959753
31960186
31963842
31966625
31968815
31970758
31980341
31983532
31990547
31998561
32007772
32023888
32026251
32028571
32041819
32052627
32059264
32064274
32066906
32068851
32075085
32081602
32082377
32087194
32100879
32107549
32114294
32115959
32117990
32119021
32124897
32125821
32128989
32129605
32132872
32145642
32150348
32163830
32172969
32181166
32181237
32182775
32194736
32202662
32202925
32204305
32211103
32217416
32222673
32226884
32226942
32227259
32229714
32232855
32249577
32257207
32257438
32267700
32267900
32275136
32280845
32290374
32292795
32296684
32312086
32314830
32314912
32315675
32321884
32326643
32347036
32347047
32352125
32352179
32360618
32363314
32363623
32364535
32366939
32373821
32374991
32380304
32404253
32404956
32408504
32415938
32418231
32424223
32427486
32431942
32445433
32450468
32454932
32460014
32461159
32468444
32469355
32495626
32496065
32506424
32509858
32527075
32533903
32542535
32544679
32545715
32549392
32556945
32557870
32559017
32560331
32561648
32564494
32565124
32567251
32568540
32570041
32575418
32576588
32579627
32580246
32594366
32605222
32607015
32610985
32626864
32640358
32645760
32659589
32659948
32675890
32687135
32687358
32694935
32695450
32697428
32701692
32743872
32748499
32748552
32749624
32751594
32763837
32768504
32768523
32779527
32784823
32785770
32786564
32786620
32786624
32789325
32797130
32802170
32805769
32806439
32806560
32810393
32812599
32813054
32816325
32818730
32820934
32825354
32829133
32830343
32839402
32843091
32843666
32845350
32847348
32849278
32849344
32850388
32852489
32856217
32866805
32875237
32875799
32882013
32892621
32894394
32908100
32910117
32910232
32915164
32920953
32922170
32923861
32924480
32932803
32936196
32937184
32943924
32946634
32957941
32968481
32974283
32976586
32978381
32981294
32987324
32990852
32992562
32998139
33020791
33026237
33027050
33027770
33032810
33038508
33041323
33044946
33045143
33046803
33051308
33058026
33060611
33065254
33067210
33073890
33076992
33084634
33090249
33095998
33103505
33113730
33113831
33114714
33115571
33117564
33118819
33127831
33134923
33137907
33137910
33147109
33148330
33151210
33152135
33175539
33178357
33178686
33189577
33195938
33197629
33200479
33203829
33217954
33227798
33228806
33232793
33235995
33236781
33237777
33239622
33240422
33241905
33245585
33247684
33252235
33257697
33259221
33260905
33260981
33264399
33266105
33266313
33269934
33274004
33282828
33285287
33285418
33291876
33294128
33295924
33303151
33305870
33307532
33310889
33321317
33324807
33329574
33330406
33340611
33358767
33364748
33370464
33375021
33378211
33392157
33401811
33403771
33407441
33407464
33417137
33433351
33444485
33448329
33448846
33452503
33453293
33456769
33466206
33480907
33483600
33496697
33498228
33507079
33508604
33511552
33515759
33520262
33520366
33527930
33529316
33532992
33536712
33544428
33544614
33547950
33553285
33562516
33562809
33565341
33576360
33577735
33615004
33616752
33619289
33635430
33642283
33642284
33649728
33655465
33660766
33670111
33672652
33674765
33675908
33676848
33686865
33691086
33711236
33714818
33716047
33718071
33741265
33743166
33743306
33744340
33750916
33755803
33758097
33763035
33766956
33768319
33776938
33780363
33783219
33787635
33797827
33800183
33802220
33803549
33804228
33806803
33810344
33814866
33836600
33838809
33842329
33859982
33863915
33864084
33869033
33876129
33890780
33899270
33924498
33929595
33935988
33936758
33938397
33940787
33940839
33940856
33946181
33947052
33952391
33952589
33961414
33966367
33967180
33969682
33977620
33977975
33978036
33980590
33994539
33994739
33996563
33996815
34011619
34013205
34014475
34019641
34022482
34026268
34033669
34034439
34047553
34048184
34059744
34060014
34060818
34070093
34070219
34071371
34076961
34080882
34083028
34083519
34093793
34093879
34094261
34108637
34115662
34121485
34126463
34128111
34128136
34133047
34135463
34147486
34148105
34159191
34160867
34161109
34163907
34170689
34180011
34181135
34184903
34190272
34194602
34194624
34208345
34209079
34210246
34214366
34218113
34221969
34237874
34248095
34276102
34278503
34286714
34292702
34303081
34313327
34320440
34321527
34322882
34328741
34330985
34335275
34337633
34343326
34344447
34348126
34348839
34349956
34370472
34372149
34374127
34380311
34381934
34395278
34403187
34410506
34424579
34446132
34461014
34462993
34465388
34470941
34476215
34479405
34482039
34485240
34488767
34489336
34489496
34490311
34497362
34499513
34500814
34505210
34518220
34519303
34523225
34524458
34532857
34533318
34547420
34549366
34555464
34558656
34559580
34569488
34570509
34573966
34577533
34581340
34583232
34588634
34592152
34597441
34607989
34618444
34648661
34660956
34661410
34666894
34668087
34672301
34675241
34676499
34679746
34699246
34702207
34706535
34712485
34714973
34716298
34720085
34724799
34730188
34734430
34744391
34746013
34757667
34770911
34775236
34778063
34782052
34792067
34799864
34814870
34816715
34818026
34838899
34841228
34841655
34848255
34849029
34854446
34857839
34858826
34858860
34864416
34864636
34890115
34890787
34902093
34902368
34910256
34913512
34925524
34925883
34926235
34927421
34935022
34936949
34944589
34957610
34959307
34967645
34971481
34974409
34976798
34980739
34981047
35024637
35029353
35030003
35031544
35053139
35053525
35054786
35059210
35069087
35098369
35098380
35107483
35107856
35110473
35117003
35128081
35131586
35132498
35133139
35135543
35147432
35154531
35159424
35164308
35170617
35173846
35183375
35187889
35191912
35205418
35218486
35230118
35234784
35267575
35275151
35275481
35291771
35291916
35296801
35298017
35306637
35308023
35325218
35325292
35327529
35335196
35335285
35338961
35343605
35346745
35347031
35352722
35360077
35366055
35381289
35400306
35406176
35406427
35420435
35421889
35423667
35423795
35423939
35432882
35433631
35436634
35437987
35439652
35440400
35453544
35460557
35469505
35469904
35473360
35477117
35480639
35485277
35493632
35495503
35495630
35501518
35503433
35508454
35516764
35517000
35518469
35519049
35520525
35522737
35527951
35530597
35530999
35531019
35535227
35539507
35539576
35540242
35540329
35540635
35541488
35546463
35547793
35563554
35568600
35575225
35578530
35601989
35610865
35614731
35620011
35624896
35629778
35634846
35642348
35645346
35647791
35651168
35653886
35666822
35673401
35679032
35682861
35683890
35689861
35700749
35702968
35713686
35735263
35738587
35744340
35747145
35751929
35758076
35763095
35780432
35788059
35789355
35830696
35833622
35834782
35835678
35847915
35864728
35866817
35874110
35876482
35889551
35894218
35894608
35903534
35912549
35920685
35926411
35927969
35944851
35950639
35962322
35974826
35987258
35989244
35990458
35997487
36009574
36011010
36013573
36015510
36015547
36041885
36044766
36055146
36072145
36072157
36072516
36073998
36080432
36089780
36092567
36097691
36104611
36114166
36119151
36130485
36131156
36139811
36142729
36169975
36173021
36173422
36174346
36174669
36176070
36181856
36188313
36205059
36210416
36230856
36232514
36247231
36250123
36251589
36252190
36259653
36264940
36270249
36290449
36296497
36314247
36325373
36338301
36339451
36339786
36339793
36340663
36340835
36353807
36353808
36354736
36356143
36359275
36366856
36368620
36371592
36380219
36381278
36415512
36421459
36430798
36431894
36444060
36445047
36454489
36459985
36464324
36469605
36471741
36475403
36475722
36476950
36481932
36495580
36503370
36521543
36533634
36537348
36541616
36547068
36548133
36557584
36558059
36558102
36559884
36561954
36570362
36583640
36597846
36600969
36603398
36616564
36628738
36631517
36637642
36645278
36650736
36655414
36672362
36682590
36684496
36694348
36701726
36704521
36708478
36710084
36713366
36744675
36748136
36750942
36756810
36758818
36765573
36770756
36794054
36800983
36804879
36805433
36815038
36823780
36833208
36861338
36867344
36870048
36876055
36881320
36897999
36898007
36901881
36903250
36905495
36909826
36910003
36911081
36912407
36913641
36915926
36916207
36920072
36920568
36924910
36926116
36933169
36938425
36946265
36946600
36947717
36948114
36951800
36952585
36964310
36972734
36973138
36981811
36984536
36997627
36999511
37005381
37039782
37041604
37057017
37057018
37057823
37069112
37075587
37075880
37083005
37098700
37103816
37105678
37111301
37117526
37126459
37126731
37128582
37130270
37132216
37133911
37144982
37150107
37150235
37151828
37151829
37154427
37161946
37165116
37171378
37172458
37182830
37184419
37191855
37194199
37218456
37230028
37234183
37250582
37254025
37296851
37298774
37299023
37308686
37326057
37336387
37338065
37344008
37345011
37345408
37345793
37348114
37359275
37361022
37364156
37365157
37382499
37383158
37387552
37389047
37400233
37405860
37405951
37410237
37415116
37418389
37435823
37437127
37441086
37446571
37451909
37452834
37460674
37462081
37462445
37467313
37473598
37481753
37486076
37499207
37499819
37505499
37511853
37516055
37525387
37527456
37528274
37528789
37529732
37529886
37531400
37532521
37539400
37544986
37555765
37556249
37562227
37566174
37566957
37569841
37572031
37575241
37576936
37578270
37579952
37582820
37586501
37590739
37601393
37601569
37601575
37608330
37612721
37626279
37641453
37647391
37650543
37651985
37668188
37673201
37673677
37675629
37682007
37686690
37693780
37709474
37721001
37724395
37727982
37737691
37741952
37746290
37751118
37755089
37771077
37778452
37789109
37791663
37792174
37803409
37804708
37812087
37812785
37815002
37817953
37821036
37823642
37831548
37857283
37858127
37859987
37862118
37870859
37873929
37883989
37884663
37889060
37890416
37894730
37895471
37903649
37909072
37914076
37915019
37918362
37918959
37922948
37926112
37933526
37936858
37936862
37938806
37948322
37948420
37949450
37968991
37969100
37971421
37971759
37978079
37985102
37990244
37993930
38003027
38015541
38016019
38029823
38029837
38029872
38033865
38035982
38037902
38053351
38054695
38054757
38058037
38078837
38084250
38093643
38094448
38101257
38103361
38110823
38113409
38116167
38126504
38136279
38138477
38138596
38141254
38144353
38153178
38173759
38174234
38183540
38184773
38189898
38192544
38197421
38198024
38203390
38203648
38203785
38217256
38224304
38224624
38224873
38224884
38225799
38232773
38234196
38236171
38236501
38242180
38253230
38260456
38263883
38275760
38277494
38278800
38313526
38313800
38319419
38321554
38327641
38333131
38338344
38344447
38345188
38354655
38356100
38373547
38378028
38382342
38387248
38392213
38407278
38421107
38440692
38441247
38452679
38456050
38456055
38458529
38461668
38463590
38482754
38496869
38499392
38502679
38506718
38509398
38529370
38538923
38542839
38552304
38562417
38563263
38568943
38576411
38579559
38597462
38607456
38608838
38611242
38613513
38616265
38626323
38628517
38630068
38634011
38638211
38641551
38645315
38649455
38662442
38662934
38666410
38669872
38669931
38670453
38671888
38672126
38675661
38675694
38679886
38683041
38688859
38697501
38714697
38717101
38718496
38726942
38728878
38728894
38735658
38743198
38747137
38760594
38766790
38769666
38780587
38783016
38784409
38787114
38799568
38814740
38822804
38828488
38837897
38842029
38842049
38847605
38848883
38851365
38856007
38859942
38864112
38876085
38879337
38892179
38893152
38897274
38908367
38915245
38918666
38922511
38923588
38924916
38925831
38936441
38938795
38939960
38940945
38945384
38949918
38950749
38955717
38961252
38973620
38974853
38977936
38993034
38997156
39017428
39020172
39020206
39030395
39033629
39034374
39034803
39044322
39053795
39068803
39073311
39073427
39081697
39082801
39089030
39097722
39108783
39109621
39122510
39125541
39131044
39140153
39140187
39141194
39147693
39157154
39168925
39178758
39179735
39180127
39183149
39187478
39193983
39197475
39214490
39220363
39220830
39225247
39226863
39233316
39239278
39250709
39255319
39257048
39258061
39263645
39267048
39275910
39285723
39296334
39296421
39309710
39327682
39329419
39335924
39348268
39348606
39352309
39353991
39361540
39363120
39366771
39372178
39376566
39389794
39390090
39394383
39395821
39399210
39403493
39406807
39413518
39414638
39417525
39427950
39441744
39446252
39449689
39453929
39456408
39456540
39464043
39470989
39471617
39474809
39479655
39479802
39484694
39488036
39488912
39490405
39508332
39509175
39513566
39517216
39519848
39524143
39526994
39540383
39549430
39557834
39565666
39568873
39568929
39583558
39583679
39587848
39596773
39606905
39609187
39609696
39610719
39626567
39637807
39641320
39642976
39645135
39661095
39674418
39681037
39688529
39688684
39692701
39702287
39704512
39708857
39721442
39735984
39739534
39743888
39752741
39760332
39763467
39771084
39793153
39793339
39795161
39795282
39798150
39802315
39802763
39821525
39831690
39835393
39837180
39839851
39849589
39858033
39862087
39866942
39875610
39880909
39889145
39890622
39906782
39927308
39928661
39932430
39932851
39934880
39943809
39953651
39956830
39958377
39990854
39998262
40012874
40019606
40023230
40028082
40033809
40049274
40052219
40059653
40068312
40071036
40071047
40071287
40084233
40087148
40088093
40092360
40096512
40096755
40098169
40099003
40105650
40117479
