12646957
17582226
19372391
19420352
21079648
21295276
21311766
21451524
21490601
21496894
21514197
21750410
21816367
22210859
22403485
22688054
22948384
22999938
23100278
23151479
23328087
23339471
23352810
23395962
23415914
23453809
23499384
23542465
23561438
23671639
23716660
23729667
23770080
23818607
23910076
23940045
23987249
24041424
24050399
24050401
24051058
24069510
24108092
24162740
24291790
24323992
24325350
24469454
24474761
24672749
24804542
24835990
24875481
24915579
24939750
25175940
25331067
25362856
25367851
25466250
25517638
25535150
25561289
25582196
25616722
25618518
25662202
25735355
25762513
25774451
25784989
25811475
25824049
25867473
25925565
25934799
25988898
26013976
26063725
26077710
26130713
26136340
26165803
26194287
26199412
26207381
26275994
26462176
26546041
26586431
26598602
26644996
26684294
26711009
26711116
26715454
26732382
26776158
26902115
26932196
26988797
26989192
27014907
27113584
27121319
27146218
27197233
27225590
27257062
27345836
27346347
27349543
27356740
27357322
27418527
27449105
27571369
27689340
27708339
27708396
27733505
27805801
27846738
27856615
27857213
27857218
27889612
27916660
27923996
27977763
27980707
28074830
28150354
28194813
28228863
28252217
28276837
28294974
28341638
28382153
28449087
28504700
28513825
28531272
28594324
28642138
28643947
28680536
28718992
28758831
28776568
28798069
28805483
28808304
28842817
28851501
28855337
28899881
28955815
29036334
29100411
29108636
29156803
29235481
29254230
29263666
29277934
29402726
29426862
29444862
29524149
29530881
29531217
29549908
29576538
29618782
29662175
29665240
29732371
29733394
29744807
29757674
29858571
29878317
29891505
29938218
29948955
30001199
30045709
30058675
30075814
30188753
30249104
30279502
30282572
30324339
30325306
30362292
30411496
30515739
30518695
30537986
30606231
30617255
30622117
30651599
30771438
30774978
30809307
30825236
30849555
30849641
30883733
30975912
30987976
30988069
31022963
31074614
31089182
31216336
31266538
31278917
31304631
31361780
31399111
31467272
31582397
31611558
31623662
31631067
31844675
31935962
31938241
31941838
31994732
32003827
32017451
32031744
32075734
32089682
32106616
32107419
32114381
32115407
32187535
32187561
32210722
32286661
32295898
32345628
32368086
32374060
32382312
32409690
32424269
32428246
32442533
32483272
32528872
32542727
32577122
32587369
32614064
32650052
32680546
32694513
32753651
32763827
32855402
32887024
32913111
32919305
32974003
32981917
32983650
32989585
33058869
33088215
33089970
33120142
33126331
33134768
33142244
33188856
33262245
33358913
33425890
33529470
33531817
33634808
33667646
33684567
33705482
33760331
33834024
33878446
33894310
33953349
33970549
33988682
33995992
34009621
34099715
34129274
34130310
34166371
34182409
34435328
34435585
34447465
34571076
34628789
34656178
34685658
34731191
34731622
34738906
34778243
34844636
34906917
34926132
34953956
35073971
35075236
35150568
35183246
35222097
35235010
35290126
35304127
35304174
35395805
35456045
35461822
35462234
35489280
35627266
35646706
35650007
35668081
35675764
35705787
35709470
35739021
35798741
35805009
35835915
35904814
35942521
35955629
35978806
35998875
36038734
36056023
36056448
36136257
36142763
36195596
36205635
36322319
36370755
36371552
36375665
36413827
36465132
36503211
36516776
36643045
36648299
36682704
36690627
36692670
36700118
36764492
36865267
36989375
36993548
37020036
37020053
37021585
37031472
37121742
37190609
37276849
37306575
37347215
37410307
37430206
37456839
37463352
37467109
37562656
37584255
37610277
37643326
37715422
37844745
37908721
37925048
37973721
37993094
37993905
37995981
38008374
38044421
38112927
38128225
38168374
38229124
38237590
38253202
38254969
38262305
38329131
38346470
38369780
38424516
38431880
38519574
38541782
38569549
38583183
38660948
38686348
38705503
38828199
38839760
38861343
38881713
38909482
38929174
38967794
38970823
39026762
39169375
39214841
39285026
39315710
39317913
39347951
39477806
39495308
39578553
39722501
39823268
39864621
