19262599
19262601
19295549
19372255
19420352
19474426
19483684
19528370
19557078
19564637
19666869
19710701
19741235
19797729
19849974
19903679
19957346
20008299
20061559
20093295
20156304
20171768
20195608
20334914
20428194
20489055
20520643
20595094
20629097
20644105
20671051
20678218
20693430
20723337
20724988
20955399
21042320
21057493
21087791
21130701
21173100
21188113
21273266
21275969
21295276
21310937
21339759
21343549
21346257
21494260
21508122
21531945
21625234
21637286
21681191
21684005
21690245
21723200
21723201
21729597
21734233
21741591
21760590
21779006
21794915
21803851
21828143
21873190
21904853
21917313
21920603
21922510
22017486
22033942
22080757
22116554
22200996
22216861
22240200
22328940
22355785
22395470
22430270
22467095
22469782
22489043
22569366
22749034
22760778
22902501
22905207
22943828
22981865
23001125
23009937
23074272
23099237
23135354
23222540
23254757
23325359
23352810
23353889
23365461
23389918
23395962
23415914
23432690
23453809
23521373
23563267
23691452
23696647
23781511
23827711
23831920
23863747
23940084
23949914
23985253
23996483
24028770
24077167
24120864
24122999
24218139
24220273
24301955
24315485
24371780
24396069
24433485
24465546
24474761
24524305
24693539
24697267
24711921
24723429
24735979
24786459
24788138
24795056
24844363
24859829
24898826
24980573
24984151
24989305
24994606
25040794
25135132
25135133
25171083
25177364
25200248
25224413
25246247
25263596
25276435
25281607
25297753
25312805
25395421
25412851
25473623
25482556
25501021
25503193
25512612
25573967
25582196
25596262
25601757
25687841
25695618
25827305
25862091
25886910
25893293
25902474
25961778
25972343
26019984
26045292
26099018
26126966
26207381
26256875
26256876
26257178
26275994
26277372
26287468
26358395
26366235
26378518
26404510
26437693
26484191
26493943
26539963
26562302
26568194
26586431
26598602
26617797
26655830
26686387
26700872
26722587
26734843
26763362
26769901
26771811
26799843
26799924
26811000
26816554
26825711
26843622
26876596
26880370
26913994
26936184
26980223
26984174
27003514
27027260
27102770
27160912
27289557
27297088
27325182
27345836
27353473
27384303
27384850
27391574
27418193
27424808
27428748
27462416
27475703
27486019
27597933
27644645
27662201
27694924
27761930
27777939
27819678
27825418
27829228
27841324
27848178
27852070
27869616
27918559
27997762
28003489
28104796
28107650
28130413
28167288
28167452
28188826
28192139
28193779
28218607
28218902
28242787
28252217
28260066
28272491
28294608
28331128
28337768
28407691
28416650
28435872
28440315
28476038
28521175
28601635
28642344
28655780
28691928
28697999
28785073
28794029
28798687
28813659
28813683
28823558
28826859
28881727
28915632
28973458
28992762
29036962
29089070
29108636
29150566
29164635
29195897
29199511
29219176
29227812
29274134
29275866
29286410
29290626
29331390
29331774
29351814
29364877
29411884
29464028
29466726
29467326
29471939
29483655
29515232
29518866
29581109
29618782
29653065
29664232
29705354
29728415
29732371
29735542
29764839
29764867
29769727
29795413
29849141
29858571
29866713
29883611
29899831
29908294
29944140
29978709
30013992
30022161
30045709
30146412
30193945
30213730
30220521
30254129
30274972
30282044
30296401
30357811
30369084
30370524
30385776
30390073
30404004
30416662
30417100
30439364
30450156
30454965
30498069
30510015
30526882
30526885
30538121
30542593
30587503
30606231
30607016
30616756
30709865
30721151
30756543
30796038
30816036
30888082
30890702
30917865
30918283
30944118
31001476
31007843
31043609
31097631
31160465
31164154
31187595
31204875
31231651
31266538
31310587
31311407
31431548
31441600
31453016
31467227
31474553
31484061
31488558
31530896
31563562
31564308
31570278
31578317
31582397
31607314
31611558
31618637
31653825
31666683
31669647
31705546
31723826
31742675
31766102
31777116
31778687
31805318
31827242
31827620
31829736
31836704
31836856
31859368
31867779
31900833
31901078
31902816
31925810
31934314
31941838
31943063
31945725
31963585
31997811
32037456
32042586
32055844
32066746
32077355
32101022
32127022
32154790
32158090
32161023
32174258
32192357
32193150
32203209
32220332
32290079
32300452
32319378
32319620
32330418
32355773
32377393
32382331
32393787
32504054
32518946
32539616
32572188
32572241
32572734
32596441
32619551
32668244
32694513
32726753
32770325
32774157
32802163
32807949
32818384
32823238
32853377
32895473
32929842
32934200
32948596
32958930
33008340
33022573
33029541
33046509
33048426
33058920
33069358
33078976
33085059
33090974
33113366
33146288
33165916
33167720
33172974
33184433
33207953
33216286
33230319
33230437
33241418
33242661
33248263
33255417
33264617
33271790
33402183
33404690
33452460
33512451
33535102
33537318
33551821
33589517
33626359
33643703
33681816
33689862
33786584
33805247
33822043
33822522
33833384
33841652
33853366
33894507
33904193
33913570
33915173
33935952
34009618
34019487
34039392
34064441
34086379
34110400
34111946
34120595
34147657
34203097
34203454
34215619
34222235
34226503
34226983
34267355
34274886
34360855
34362476
34413196
34417463
34429758
34449560
34588613
34644568
34654019
34657351
34660059
34663818
34667079
34689714
34695415
34768283
34799994
34826027
34840744
34848557
34896936
34899857
34905094
34929447
34962153
35016888
35045292
35066499
35075236
35081358
35109986
35115654
35125953
35126364
35128634
35136034
35159097
35173532
35176127
35185048
35211991
35223782
35235761
35248720
35255541
35255774
35279121
35306971
35339897
35343082
35345350
35351824
35385050
35393954
35400021
35404368
35405783
35480097
35490157
35492814
35495859
35509721
35532363
35658976
35660018
35689623
35697791
35704571
35714307
35714308
35772013
35820129
35844041
35904805
35951355
35955629
35962058
35978500
35990681
36009574
36030305
36048893
36065607
36066697
36073548
36076297
36107458
36165590
36195586
36196576
36271153
36273104
36314527
36334804
36335665
36339349
36348011
36351399
36371552
36379023
36428791
36430235
36431092
36469134
36480300
36522157
36527131
36553013
36580013
36609599
36630508
36639817
36652477
36657536
36657637
36658614
36689729
36703773
36719799
36734233
36736318
36737440
36746437
36755094
36769164
36806702
36812290
36819168
36856073
36869128
36929898
36959018
36966263
36989121
37019422
37019647
37071125
37083525
37091805
37099347
37102610
37114034
37128918
37158274
37173187
37225048
37267914
37288803
37300277
37300692
37315367
37365271
37393342
37402169
37414790
37430272
37456851
37467321
37481994
37498975
37539077
37541212
37546389
37550284
37564681
37601840
37620362
37639586
37667220
37702823
37707676
37735455
37749042
37769597
37774069
37781816
37794021
37798554
37801347
37812881
37816954
37841428
37865879
37884767
37884893
37898292
37909388
37937078
37961351
37985171
37990829
37992596
38012545
38014648
38016965
38026190
38043702
38062031
38093739
38168657
38172938
38177099
38185084
38190984
38205364
38214069
38225226
38228132
38246976
38299557
38312186
38329131
38331641
38349460
38356721
38357791
38370682
38374066
38392301
38431463
38439981
38461173
38482502
38491513
38528605
38536906
38547058
38551504
38561362
38573824
38591846
38598002
38598228
38601144
38603567
38653944
38702998
38704089
38773071
38792657
38805014
38819218
38847799
38865940
38869819
38881534
38881848
38886218
38890114
38899337
38924753
38979860
39021226
39057134
39091741
39095223
39104619
39118077
39119844
39173790
39184618
39187151
39189614
39192276
39196062
39212933
39234670
39242596
39251719
39261937
39292770
39350522
39352751
39358506
39363743
39386103
39388288
39388535
39448736
39485386
39486186
39511169
39513360
39521964
39536093
39556652
39564571
39611281
39620386
39627458
39631069
39658053
39661335
39713311
39742155
39744828
39757230
39798222
39838392
39840982
39855457
39872508
39874291
39921715
39936093
39976298
40012079
40015506
40024557
40031954
40037360
40064887
40067382
40068548
40082342
40111422
40116537
