19420352
21892189
22750790
22868271
23184059
23217707
23273568
23353889
23690950
23998935
24304661
24322296
24480825
24757058
24838624
25171083
25280220
25344561
25497087
25550811
25640176
25717475
25843715
25915473
26086966
26199412
26207381
26257178
26507142
26774490
26838672
27141829
27418527
27425624
27627619
27852070
27869616
27880907
28069330
28325772
28429771
28716910
28842817
29106571
29108636
29508854
29531217
29791079
29849955
30099980
30352306
30575719
30624819
30836118
30979904
31043609
31211412
31245668
31252000
31582397
31611907
31646359
31656201
31807777
31819166
31859118
31894272
31919574
31928709
31937425
31953394
32014008
32023451
32031744
32103150
32380888
32405722
32453507
32544877
32572241
32634239
32677323
32958930
33058920
33107691
33391417
33421268
34215750
34373436
34462525
34568789
34645086
34719681
34750377
34819528
34948036
35301470
35545140
35585240
35612904
35640226
35665901
35755313
35788760
35839128
36001230
36114544
36189793
36192301
36209147
36242939
36518116
36522157
36916275
36948362
37036983
37076545
37200470
37244630
37414790
37464780
37620297
37669386
37715433
37718440
37777963
37839636
38054565
38155307
38216792
38221658
38227585
38295560
38318018
38422044
38456588
38509981
38579707
38580843
38582229
38711449
38724827
39007414
39083093
39094768
39104395
39141428
39192299
39201247
39231319
39240303
39273623
39324309
39379602
39484721
39557858
39627458
39707356
39713311
39899881
40075261
40096933
40109300
