1672758
1685140
2044953
2338243
7479029
7490085
7849405
7969114
8104859
8336698
8666400
8872474
8986805
9154832
9393982
9480987
9765209
10644981
10707962
10973944
11244503
11313942
11358836
11438465
11684011
11801598
11930005
12459622
12551947
12748276
12766578
12902986
12917640
15050900
15138551
15383938
15507434
15634444
15735860
15747097
15782069
15992428
15994295
16327801
16681700
16737956
16807766
16832349
16936731
17001165
17046750
17121198
17279346
17283122
17293662
17543078
17706115
17905124
18176180
18203790
18358634
18382356
18510571
18594808
18713311
18930356
19332055
19563413
19606011
19788626
19809274
20014561
20154303
20164056
20214879
20350230
20620589
20683695
20871214
21182142
21209915
21279521
21299348
21424937
21454667
21504709
21602817
21766698
21817901
21835426
22007232
22037260
22173238
22207547
22248899
22297304
22456611
22498819
23211595
23224603
23226201
23246378
23288701
23582324
23598965
23628822
23711163
23715164
23737213
23760492
23797724
23828314
23885019
24136829
24228124
24339735
24448649
24455396
24681737
24726108
24742576
24926688
25048860
25227872
25239799
25337301
25399611
25485635
25517951
25550868
25582502
25680571
25714283
25736533
25955396
25984679
26001332
26009539
26032162
26045774
26169997
26191243
26258755
26274027
26352760
26369552
26385848
26415891
26636097
26702489
26788164
26813791
26840265
26844676
26872381
26975036
26998913
26999124
27171064
27189222
27298091
27401463
27450657
27631518
27666883
27673450
27865795
27892768
27893792
27910947
27934879
28009605
28179603
28283651
28288037
28296677
28315422
28322484
28365106
28483914
28585251
28587544
28591998
28713889
28728229
28840857
28855107
28877054
28949976
28972582
28972584
28982854
29024535
29030472
29045075
29138008
29149494
29208563
29212159
29216400
29272888
29333109
29399348
29531006
29626599
29702156
29783812
29865970
29890986
29901594
29945972
29951351
29968390
30019296
30030118
30040522
30061365
30107660
30140077
30187952
30269476
30303168
30324847
30371348
30392265
30520728
30552521
30595499
30622287
30744536
30786687
30787990
30849994
30851332
30908700
30917316
30920708
31043173
31043488
31103952
31126958
31153695
31175325
31272105
31277953
31341686
31408245
31467228
31519159
31534067
31609086
31676673
31774608
31788112
31818074
31818957
31828108
31833172
31892340
32037305
32049013
32146802
32151991
32269693
32286325
32315502
32339358
32352579
32409512
32476238
32566457
32576448
32662822
32676967
32701515
32802192
32830550
32853443
32903928
32913523
32992419
33002920
33004995
33019842
33024780
33026169
33035331
33044023
33145941
33147320
33180365
33197836
33330059
33425728
33514585
33592266
33609411
33635114
33637706
33678970
33734022
33741027
33845743
33846569
33851776
33898433
33899786
33913810
34099617
34131293
34134568
34148063
34148064
34156713
34291749
34345304
34358382
34358517
34381186
34391181
34411462
34489456
34521439
34523267
34560087
34619869
34622942
34650822
34660181
34673600
34712387
34769510
34779410
34874592
34912803
34917511
34976834
34979760
35046524
35118587
35127537
35149286
35180736
35182526
35218514
35225876
35230915
35232443
35246137
35269968
35316161
35354596
35358174
35447281
35452181
35462576
35477561
35485210
35530544
35660538
35672146
35695480
35732828
35762906
35786165
35801771
35848761
35850545
35850864
35912477
35975764
35977156
35980471
35987341
36034832
36095845
36104270
36114206
36246795
36276115
36476598
36591911
36608670
36617905
36656224
36669395
36695651
36705569
36707859
36719671
36732771
36740682
36785787
36802993
36824738
36827899
36868108
36906611
36935008
36987696
36997032
37006053
37029109
37041208
37089387
37198095
37215783
37216554
37269887
37398416
37435895
37468653
37489784
37499055
37500159
37528481
37606377
37700986
37712288
37770905
37789903
37795411
37845392
37861312
37873234
37886342
37936565
37936602
37937590
37953065
37953896
38073015
38095014
38104891
38143179
38168055
38225393
38261736
38266162
38267572
38298693
38326311
38380774
38387043
38446114
38463988
38477529
38521744
38522425
38563707
38585731
38585734
38588851
38590368
38597260
38599381
38619513
38643139
38643162
38657118
38740306
38775942
38834477
38852779
38926757
38944605
38953008
38971946
38975712
39026725
39085357
39103264
39103270
39107320
39111254
39149323
39169706
39206137
39206664
39250713
39271027
39284911
39286920
39304877
39327855
39349971
39359825
39371039
39386459
39410016
39419345
39437509
39440241
39470841
39486419
39495972
39502747
39525807
39558499
39580479
39584589
39593216
39605439
39629290
39652582
39674799
39727945
39736746
39751663
39759118
39762166
39764020
39793912
39796287
39807625
39815310
39862330
39912368
39915638
39917171
39966236
40050998
40057038
40059270
40080865
40097394
