8530052
9434964
11329144
12947057
14966109
15147406
15226351
15382067
15385056
15505640
15731757
15797633
15860866
15955593
16204663
16234535
16341765
16528739
16596670
16791849
16799921
16950575
17319955
17345643
17507611
17575241
17607123
17715428
17848193
17848956
17890272
17936924
18070134
18316594
18550062
18703712
18721526
18778720
18781618
19004027
19147584
19214138
19359354
19370756
19390964
19401691
19462458
19509225
19538729
19542084
19586667
19690145
19882361
19951995
20429896
20500843
20662850
20705955
20813212
21224855
21225232
21358634
21461994
21522183
21841138
21858550
21987037
22096025
22292045
22292700
22347533
22414221
22905183
22911926
23188426
23209843
23358096
23412109
23578328
24243761
24344637
24347165
24506537
24587008
24747516
24880985
24981199
25110237
25125747
25502482
26165686
26297836
27105506
27112580
27171242
27234654
27446963
27739498
27879313
27885255
27923978
28148904
28251559
28518142
28847661
28894026
29073595
29319157
29371929
29467907
29588073
29706644
29899418
29971498
30115383
30120850
30219046
30266501
30298006
30381589
30387848
30479570
30513140
30557355
30701076
30863174
30865275
30943320
30971692
30979739
31169351
31182928
31257133
31311317
31326520
31353638
31475485
31574295
31592234
31624717
31734320
32030964
32062130
32324847
32482137
32531799
32535034
32581266
32597756
32635855
32848143
32920014
33013464
33062039
33159129
33231090
33256177
33311986
33329055
33408307
33413277
33460756
33482250
33488113
33693090
33731513
33905626
33996791
34050353
34082245
34225723
34346740
34440873
34455717
34500301
34537073
34628486
34771749
34839511
34864228
34916611
35026283
35181021
35189518
35279965
35323108
35386460
35752078
35811726
35820364
35853889
35856888
35920362
35986376
35993940
36216972
36263050
36417034
36584339
36599937
36611957
36787190
37023527
37098118
37224259
37231058
37240947
37435227
37443102
37587809
37662386
37710230
37722883
37724521
37871287
37931653
37998513
38107395
38112607
38376578
38509075
38588050
38713643
38718134
38873938
38963704
39130808
39164996
39177040
39278884
39364054
39425009
39560913
39576826
39612365
39697107
39737207
39757225
39762312
39784150
39827667
39874182
39884159
39933850
39937695
