8020936
8660988
11158177
11185521
11477138
12037578
12975342
15235604
15676142
15731757
16108056
16251899
16283890
16332365
16528739
16780827
16791849
16799921
16824508
16887142
17187359
17270239
17319955
17330129
17345643
17560608
17562261
17566598
17680270
17822689
17911384
17935258
17979970
17985359
18084123
18264665
18721526
18781618
18941508
19006214
19370756
19533785
19542084
19604240
19699732
19875893
19959123
19996017
20144264
20214815
20518838
20628007
20662850
20681224
21098638
21251594
21270064
21374085
21401928
21567932
21609163
21949523
21949851
22259224
22326956
22425884
22431140
22539603
22734312
22848244
22866090
22885149
23228659
23303658
23312833
23468914
23578328
23690952
23883197
23913824
23933490
23975680
24034922
24037531
24093773
24151081
24220024
24243761
24344637
24401272
24687999
24846200
24990151
25315765
25323858
25365407
25374194
25539863
25546655
25551793
25555948
25617554
25736321
25818583
25849327
25866314
25890570
25921376
25928368
25967359
26022443
26061281
26114631
26177744
26301661
26315535
26493799
26670566
26677848
26823785
26858153
27017342
27156840
27234600
27533245
27703260
27756824
27879313
28043895
28163941
28182693
28195144
28209612
28344185
28352351
28376875
28472799
28518142
28679693
28847661
28894026
28922909
28987542
29051557
29073595
29196166
29228234
29239816
29282223
29339704
29699590
29748374
29888103
29899418
29934328
29940566
30024280
30048990
30101859
30120850
30202956
30275229
30294667
30475986
30595527
30662980
30770602
30784922
30797150
30841464
31172564
31198976
31209059
31253047
31353638
31364002
31432155
31451976
31454892
31534460
31559420
31562571
31571401
31727112
31730895
31960827
32010624
32117757
32143140
32178467
32319715
32382652
32420711
32431097
32528524
32612392
32628850
33024088
33070258
33094798
33160003
33235621
33296708
33405091
33408307
33480235
33615521
33623823
33777194
33834880
33837205
33837645
33842584
33855682
33881681
33905626
33995678
34102952
34126975
34169675
34202311
34204856
34408796
34476924
34504547
34541183
34560256
34565095
34644425
34720652
34752846
34795497
34906151
34996416
35057094
35265620
35344629
35443795
35461070
35549739
35578792
35688320
35757474
35882447
35920362
35982888
36125433
36153326
36201879
36393819
36525138
36576236
36655416
36672844
36967587
37021731
37029342
37114179
37220183
37322017
37326106
37393064
37479189
37781043
37832153
37844011
37852157
37994137
38372101
38452473
38607065
38645005
38729557
38942629
38982059
38992207
38999956
39123803
39364546
39527477
39585648
39635830
39667927
39744939
39784150
39829747
39906804
39984487
39989256
