9851930
9989976
10201887
10430608
10549626
10660480
10679411
10835634
11034352
11054280
11061032
11062499
11076707
11083826
11104518
11120839
11134496
11169097
11259335
11261784
11274165
11380692
11402040
11464514
11477091
11500829
11502220
11521063
11521065
11529488
11581576
11597901
11706042
11717581
11753209
11753215
11778656
11836257
11877429
11896392
11923281
11923412
11971020
11972630
11992285
11996613
12027957
12032143
12040919
12055629
12089142
12110201
12174084
12183533
12234819
12237173
12244136
12324481
12354379
12397216
12424240
12447441
12459484
12467247
12496426
12496438
12518421
12538041
12592402
12595422
12663667
12672055
12691617
12691621
12734376
12803886
12807870
12819075
12831456
12831458
12864815
12869026
12885945
12890349
12897738
12899573
12918124
12942028
12957699
14517278
14554246
14554248
14560104
14561708
14565959
14568952
14578307
14579265
14599981
14600154
14620136
14628483
14653070
14683595
14693986
14715566
14733727
14764599
14768061
14962499
15027902
15040820
15067079
15069085
15081257
15109052
15122530
15147355
15184344
15187438
15190267
15204789
15210803
15214027
15240691
15240706
15240737
15240744
15242529
15247281
15271679
15277575
15279606
15280422
15325794
15345230
15349893
15351720
15356101
15356557
15367917
15373967
15373971
15388451
15450130
15458779
15483194
15494520
15496450
15499542
15514501
15520404
15528333
15537384
15553709
15553710
15557191
15557205
15557622
15565173
15567069
15585830
15585882
15596121
15608698
15611251
15611271
15623538
15626487
15634926
15647432
15661045
15661895
15661922
15671286
15696495
15699133
15701712
15710998
15714580
15725697
15728517
15737196
15743884
15752733
15760459
15778388
15792558
15820257
15833358
15837713
15843537
15843568
15849871
15857937
15864310
15869793
15879143
15879150
15888082
15905502
15905547
15905553
15908446
15912963
15922942
15944297
15946915
15949139
15972679
15972684
15976528
15996191
16002681
16010583
16011126
16044857
16085746
16116224
16116226
16129524
16148103
16154177
16164694
16176655
16177092
16186163
16202385
16210584
16213463
16215326
16219455
16219795
16237099
16239565
16246938
16263085
16266379
16266460
16270639
16272176
16272300
16272348
16277694
16284241
16293141
16297883
16301658
16301676
16303088
16303959
16319097
16322526
16335810
16336445
16343635
16360425
16363507
16364158
16365431
16385628
16388712
16391018
16393954
16394008
16413499
16420590
16424218
16439361
16455994
16456013
16458035
16460678
16469054
16481293
16493066
16514062
16517732
16522744
16537813
16547213
16547261
16567359
16585591
16604477
16609927
16611234
16625053
16629651
16650380
16651628
16670292
16670307
16670331
16670636
16675017
16675071
16697357
16703567
16704122
16706025
16706818
16709864
16717116
16738669
16751410
16751411
16754682
16754684
16757890
16771851
16775326
16782386
16783851
16785240
16785528
16785552
16798741
16803999
16809643
16814255
16818785
16836908
16837493
16849487
16870145
16879256
16885150
16888154
16888192
16916914
16920968
16936080
16940747
16946018
16951362
16952555
16953975
16959897
16959900
16973396
16973891
16982271
16982918
16985495
16988837
17002785
17015691
17015719
17027090
17033191
17034761
17034774
17053832
17055575
17057796
17059695
17061254
17065506
17070884
17082602
17084417
17098818
17100621
17100625
17110607
17113914
17114445
17114467
17114471
17114485
17114488
17117477
17124436
17127267
17130564
17138537
17158793
17160991
17167854
17173973
17180393
17182102
17196259
17196865
17202335
17202370
17217428
17219405
17219951
17223929
17237368
17237433
17239439
17257219
17277101
17277160
17292338
17309585
17309748
17312170
17323249
17328955
17339471
17342418
17353199
17353291
17371856
17381401
17384648
17389503
17389921
17392283
17395780
17404287
17404865
17419716
17420011
17445776
17446308
17449723
17451442
17465679
17466419
17470533
17474083
17475844
17475888
17482427
17507094
17513715
17513782
17513785
17521621
17524268
17529905
17539306
17540734
17545685
17548659
17549384
17553348
17555409
17559944
17560526
17565820
17569868
17579019
17579031
17599410
17614960
17617606
17623651
17626835
17634395
17634514
17657310
17664007
17667714
17675512
17675558
17681703
17683945
17690330
17694680
17707233
17709532
17710226
17785837
17785847
17803912
17846506
17853945
17855767
17872459
17877764
17877801
17878340
17878380
17902130
17905855
17908769
17911638
17914947
17920637
17920684
17921137
17922067
17925445
17925504
17927684
17936578
17936907
17945690
17947654
17947684
17947685
17947706
17947709
17952090
17956942
17967488
17979839
17991289
17992260
17999935
18006062
18025155
18025177
18028374
18029454
18031248
18031543
18034897
18036181
18040078
18044001
18054398
18056968
18060042
18061674
18083111
18086375
18090921
18165267
18172114
18174680
18177342
18178854
18178857
18180278
18180796
18184082
18203139
18203953
18209079
18213697
18222170
18234474
18250450
18252871
18256040
18256356
18256364
18278418
18279792
18279804
18287332
18289078
18292574
18295348
18298826
18304834
18306470
18326860
18334542
18339426
18343502
18359536
18363976
18372043
18375859
18381796
18382655
18384366
18387916
18395849
18403779
18415752
18419766
18424690
18424732
18431362
18434414
18434754
18437214
18442801
18452992
18454672
18480050
18490734
18490759
18493843
18495803
18509450
18523261
18541719
18544275
18549457
18555210
18559343
18565339
18565585
18566426
18606639
18606678
18608206
18615568
18622013
18634318
18641311
18641322
18641349
18644971
18648999
18649875
18650832
18654986
18662331
18669608
18677579
18680520
18684936
18684984
18686098
18694726
18700140
18700834
18701460
18703421
18708593
18718996
18728522
18753256
18755634
18765427
18768894
18773284
18775079
18785283
18785870
18789402
18802645
18804339
18805964
18806258
18809506
18819072
18820644
18820689
18824534
18825409
18826950
18832714
18835160
18845299
18846339
18927069
18936141
18950592
18950646
18958703
18972554
18977229
18981086
18981097
18983635
19000789
19006850
19013492
19025640
19027721
19039062
19046305
19046776
19048480
19057665
19074553
19101032
19103478
19109188
19109197
19115402
19124725
19124727
19126379
19130558
19131114
19131814
19131815
19142898
19144836
19155492
19159017
19161983
19164553
19165543
19166837
19184243
19184989
19187771
19189651
19193240
19200169
19201835
19201895
19201903
19203083
19204090
19215923
19229991
19234168
19238529
19250701
19252480
19254256
19255727
19265160
19270711
19277200
19277526
19279042
19289601
19294383
19295440
19332531
19342691
19362372
19370315
19370406
19373628
19375882
19380025
19390489
19393720
19395541
19398177
19401158
19405031
19406832
19406943
19409098
19412184
19419540
19426173
19428553
19428561
19430824
19434478
19434485
19445990
19447045
19448144
19451898
19459036
19461481
19473079
19473320
19477908
19483297
19494325
19497921
19501120
19501197
19503602
19506249
19508385
19509286
19521662
19522765
19525014
19525022
19528164
19539649
19540594
19542004
19542021
19548630
19559408
19559483
19563534
19564573
19572373
19574428
19575238
19576184
19586996
19590199
19592497
19593403
19595715
19598032
19603547
19614626
19625374
19631641
19635914
19635918
19646345
19646728
19648651
19662206
19664207
19679214
19691982
19695713
19703340
19706440
19710467
19722233
19723506
19734236
19734466
19735472
19740331
19741468
19747534
19748238
19752239
19764566
19772581
19773677
19781786
19786543
19796532
19809161
19811440
19811770
19812209
19823099
19824106
19826413
19828841
19830858
19839752
19841185
19844258
19846874
19846881
19847953
19855398
19864596
19879295
19890360
19892012
19895846
19913922
19915052
19917774
19919859
19923461
19929926
19945173
19946272
19948740
19949083
19953283
19956541
19960069
19965653
20001205
20007931
20011698
20016926
20018613
20018893
20025973
20026833
20028656
20038642
20043889
20051628
20059544
20072847
20100543
20105294
20109504
20109750
20112284
20125114
20128155
20128982
20140009
20145198
20150961
20162551
20164024
20164431
20166865
20169003
20170964
20179153
20182634
20187300
20194715
20197549
20199666
20200442
20207969
20212095
20213499
20214986
20226000
20228668
20230643
20299682
20302880
20306049
20332463
20335569
20345905
20346445
20351099
20357250
20357263
20360853
20360984
20362337
20369365
20370361
20375613
20376038
20384861
20385881
20387463
20400476
20402671
20403143
20404812
20424490
20432233
20435923
20438866
20441697
20442710
20442853
20442858
20450885
20465519
20472010
20472098
20472612
20478276
20493664
20496780
20501938
20505764
20511545
20511556
20511708
20515842
20525286
20525894
20526283
20546703
20554880
20554954
20556568
20556833
20565784
20585036
20586888
20587312
20591432
20593266
20593273
20595685
20596538
20596831
20598754
20599492
20599915
20600022
20600759
20608903
20610040
20610652
20616112
20617171
20619890
20628516
20631129
20631306
20631308
20634907
20637112
20637206
20642685
20643919
20646617
20649577
20654686
20660289
20664577
20665200
20665542
20665938
20670634
20675592
20676742
20686699
20689135
20692533
20700758
20707930
20709956
20711470
20714791
20716763
20732324
20798608
20799043
20800895
20801528
20802145
20804821
20805788
20809521
20810248
20814545
20826579
20826748
20829523
20843518
20844199
20844472
20847811
20848273
20851927
20861358
20863319
20869044
20876532
20878353
20880542
20881006
20888880
20941750
20946245
20946675
20951794
20956019
20959459
20964862
20971208
20971456
20972769
20976181
20978888
21037101
21039068
21042588
21042837
21045807
21050341
21071337
21078302
21078906
21085613
21087216
21092115
21098223
21098233
21098741
21104157
21109260
21112482
21125213
21125645
21129170
21148032
21148557
21148800
21151968
21152039
21152870
21153329
21159925
21167252
21168541
21186609
21189260
21191086
21199260
21203418
21203467
21205004
21211341
21220426
21221123
21226138
21236243
21238472
21262374
21273555
21282367
21295571
21298446
21307647
21336404
21339365
21349366
21350356
21352462
21352907
21356084
21363926
21368092
21368176
21377387
21377973
21382485
21385948
21387177
21390520
21392041
21392794
21393102
21393555
21402551
21402890
21403649
21403869
21406030
21412052
21417682
21418040
21420934
21425583
21434346
21455984
21457942
21466684
21468605
21473897
21490391
21492167
21492746
21492934
21493800
21497800
21498664
21499439
21503675
21506806
21513697
21518510
21529994
21535770
21543208
21543283
21543518
21553150
21562054
21563198
21570752
21571100
21593379
21601883
21602844
21616060
21617699
21622863
21628465
21628500
21628510
21632720
21633411
21653234
21664961
21666244
21670738
21673343
21674704
21677444
21678541
21683771
21685327
21698364
21699766
21700474
21701768
21712022
21712422
21722522
21730023
21730052
21730072
21738462
21738466
21752456
21752694
21756853
21756882
21757189
21765618
21772666
21784973
21789730
21794086
21802510
21816600
21826665
21827663
21829592
21835267
21841835
21842208
21849156
21852034
21857663
21863370
21864902
21865549
21872420
21877248
21880694
21881005
21887505
21890216
21897371
21899586
21906464
21911501
21918188
21923667
21936536
21940669
21943186
21945041
21949133
21950140
21952248
21955045
21955082
21962237
21965665
21968286
21968712
21974804
21977230
21981997
21984151
21990308
21990957
21994253
21994256
22001396
22002164
22005564
22019135
22021612
22030478
22031950
22032785
22037282
22038822
22039371
22042868
22056950
22062220
22063738
22070100
22073274
22087162
22092567
22095717
22099205
22101700
22118570
22138522
22139376
22140087
22145357
22156348
22158869
22160309
22166855
22173161
22174696
22180778
22188870
22196451
22207578
22209940
22230402
22233438
22234926
22238372
22246136
22251522
22264349
22266601
22272328
22277994
22280204
22281426
22283566
22286521
22291190
22301006
22301067
22302035
22304774
22307794
22312125
22314134
22330023
22330637
22346785
22354914
22357629
22360682
22361489
22363519
22368279
22377454
22387222
22387524
22387540
22393779
22394415
22394636
22396536
22414145
22419537
22426228
22427642
22427667
22427755
22428454
22429552
22433852
22436317
22442690
22443485
22447954
22448747
22450316
22461698
22468087
22470535
22472794
22474023
22476320
22485159
22489868
22491257
22493489
22496605
22496641
22499954
22507831
22511870
22516259
22522429
22525209
22528050
22532030
22532668
22533660
22535679
22537289
22537674
22542815
22546503
22555057
22562737
22564908
22575970
22577387
22578853
22582345
22582869
22583372
22586037
22586114
22588329
22608210
22613713
22615562
22615780
22627090
22634888
22644107
22649203
22654663
22655058
22662179
22672741
22677551
22679734
22684724
22685674
22700321
22704122
22707952
22717291
22721904
22724018
22733747
22736917
22737602
22737905
22743248
22749378
22749731
22749779
22750431
22751446
22760779
22761186
22761329
22763977
22772413
22775464
22776094
22778396
22788664
22807450
22808256
22812678
22819719
22829921
22832252
22832327
22842069
22842477
22842850
22846756
22849695
22850250
22857799
22869019
22870324
22872782
22879460
22890596
22892989
22898816
22903029
22906770
22908333
22915113
22917910
22923219
22925919
22927211
22927965
22931089
22932793
22934260
22940059
22940633
22948021
22950036
22952638
22956579
22957757
22960012
22960171
22962435
22964360
22964479
22970235
22978822
22981705
22981800
22983353
22984080
22985132
22985959
22994543
22995661
22996399
22997500
23000830
23014495
23019216
23023391
23027874
23028952
23029192
23035361
23036528
23036692
23045603
23053976
23055522
23059427
23059983
23060524
23065289
23070967
23071313
23071439
23071817
23072373
23072581
23076739
23080196
23082119
23084080
23084751
23085424
23086480
23087182
23091640
23108090
23116637
23121301
23121518
23127653
23129427
23144170
23146386
23148306
23153039
23165960
23170831
23185615
23188427
23193438
23203928
23207150
23209321
23209800
23213355
23220408
23223360
23234315
23239925
23239997
23241898
23246157
23250811
23251812
23261363
23262974
23264896
23275600
23280522
23284726
23289411
23289617
23296709
23311163
23318418
23318601
23333931
23334216
23335792
23338716
23339927
23340441
23340447
23343679
23345333
23352867
23353651
23356143
23365087
23388509
23390517
23402610
23402753
23402995
23403315
23408095
23414695
23417289
23423259
23426570
23434667
23436141
23437263
23439691
23441224
23455503
23455702
23457630
23470644
23471986
23475791
23483427
23512062
23512249
23514217
23518600
23529856
23532269
23536892
23548127
23554896
23555560
23555964
23559071
23562812
23563488
23565226
23574143
23574398
23575666
23583403
23589575
23592986
23595505
23600947
23612802
23628899
23633568
23633661
23636320
23638128
23639307
23645013
23650378
23651260
23658628
23662405
23665022
23666058
23667111
23667715
23673286
23674823
23677049
23677465
23690665
23690990
23691015
23696886
23698118
23706953
23711713
23714175
23716300
23720768
23721397
23722163
23722538
23725130
23727604
23734265
23734789
23738004
23739309
23739343
23747880
23748786
23750414
23752129
23761639
23766695
23772028
23774581
23776175
23776177
23776545
23786414
23790335
23791745
23796347
23799152
23802631
23803172
23805294
23811547
23811849
23813326
23816536
23817427
23817579
23821954
23824215
23825132
23825389
23826669
23828138
23833936
23833971
23842750
23849248
23850770
23861935
23861949
23864765
23872113
23874727
23879541
23880187
23885814
23887873
23888080
23888605
23890253
23892373
23897118
23898332
23900586
23905422
23910802
23921128
23940714
23941760
23947144
23951048
23952047
23952219
23956359
23957339
23958499
23967741
23970162
23971939
23974322
23979888
23980810
23982147
23984978
23985305
23985798
23994484
23997213
23997219
24005609
24006943
24007200
24007779
24011152
24015844
24022569
24025421
24028551
24028589
24030146
24031018
24031881
24036412
24039030
24043886
24044965
24049665
24050190
24058413
24058779
24068346
24068665
24069659
24073361
24073372
24074256
24074743
24085443
24091132
24093105
24099731
24100389
24101501
24103259
24106112
24108365
24111943
24113769
24114613
24120675
24121074
24121213
24121260
24126111
24137239
24142728
24144680
24146036
24151602
24155397
24157085
24157922
24165011
24169261
24172224
24177366
24178299
24180619
24188011
24188583
24194546
24199847
24205331
24211974
24218452
24227629
24231443
24232001
24239845
24244013
24248858
24250621
24252748
24259392
24265315
24269486
24269697
24275652
24277079
24278275
24282567
24290604
24291243
24295404
24297182
24298898
24307174
24310172
24310924
24312681
24315204
24321786
24324707
24325722
24334457
24337704
24339336
24342620
24345077
24346141
24352680
24359024
24362470
24363427
24363762
24365597
24376096
24376595
24376657
24380872
24391131
24391503
24394214
24405591
24415303
24420921
24423688
24423728
24424498
24432369
24434153
24443993
24444085
24446182
24447403
24448240
24452475
24457123
24459463
24460643
24461398
24462946
24463331
24464844
24467851
24471857
24473904
24486576
24489101
24493819
24507560
24508388
24508537
24508784
24512642
24516606
24518707
24524443
24526448
24527095
24531997
24532577
24532584
24532589
24535275
24549946
24556681
24566961
24587659
24588082
24594974
24595131
24598674
24602493
24605078
24605772
24606459
24614850
24615033
24618279
24621048
24621334
24625920
24630524
24630969
24633052
24634571
24643469
24643522
24645312
24650252
24656836
24657730
24659688
24661005
24661526
24667851
24669820
24669869
24673192
24678770
24680857
24680899
24681253
24685231
24685700
24688705
24688739
24690400
24695807
24696235
24717912
24719322
24719525
24719558
24722640
24723367
24727508
24729619
24732131
24733511
24735481
24741979
24751148
24758933
24766820
24767309
24769793
24771071
24773607
24779014
24783428
24788682
24798572
24802390
24803744
24808360
24810405
24812060
24812346
24813219
24816367
24819356
24820765
24821721
24824124
24830583
24832747
24835276
24841888
24842252
24842522
24845156
24846569
24846769
24851022
24858944
24859056
24871487
24879320
24882274
24882373
24894085
24895101
24902807
24904290
24905408
24908317
24911202
24911280
24915051
24915786
24918749
24926370
24928866
24934366
24937603
24939379
24944008
24945347
24953658
24954167
24966466
24971461
24973090
24973452
24998486
25001929
25008860
25012660
25015829
25015957
25019244
25022365
25023285
25024388
25027624
25034527
25036103
25036518
25037631
25045815
25047844
25053598
25056632
25064435
25070188
25070848
25074978
25084512
25085021
25101057
25103966
25106729
25108428
25108557
25109435
25109569
25109571
25111887
25116953
25118783
25119909
25120576
25123824
25129462
25130439
25135647
25136402
25139109
25146018
25149064
25153517
25158302
25160604
25173351
25173984
25175864
25179302
25182168
25182709
25187802
25188232
25196431
25203747
25208763
25214976
25218433
25218901
25223881
25224175
25224694
25225511
25225669
25227105
25232250
25233690
25234820
25237008
25239812
25239813
25239913
25241065
25242730
25244079
25263281
25268544
25269506
25274031
25276218
25290620
25290654
25294957
25309746
25316132
25316186
25318894
25324930
25327457
25331070
25332099
25342286
25348021
25355240
25359217
25359392
25360749
25365308
25367751
25371197
25372283
25375037
25375408
25378591
25388285
25390332
25394365
25394369
25400741
25400780
25402554
25403387
25404055
25405531
25408546
25417755
25427560
25427905
25445441
25446779
25447440
25448706
25449673
25451085
25465099
25466266
25475726
25476977
25477998
25478796
25479716
25479725
25482673
25484053
25486089
25493077
25496217
25499607
25499923
25503582
25504431
25505274
25510256
25512010
25516666
25518930
25522268
25530164
25536171
25542811
25548274
25549946
25550915
25555213
25555874
25559179
25559892
25562174
25563849
25567426
25568203
25572736
25573805
25576596
25577343
25587856
25590839
25592377
25595264
25601391
25604147
25627272
25632747
25640528
25652569
25652858
25655081
25659198
25659267
25664044
25675790
25683300
25685945
25692136
25697138
25701505
25705851
25705893
25706930
25706977
25707286
25708982
25712260
25716072
25716539
25716994
25719242
25720378
25722071
25729624
25732404
25747352
25748337
25751957
25757594
25769921
25772012
25780044
25780291
25780418
25782989
25784622
25790769
25791323
25791482
25794175
25794609
25801121
25801433
25803856
25810567
25810745
25811237
25823227
25825441
25826492
25831081
25833062
25836976
25838224
25839444
25840913
25843059
25846584
25850855
25853857
25854990
25860573
25862641
25867219
25869127
25870755
25872171
25873755
25873761
25874566
25876455
25877353
25877424
25879306
25880347
25887709
25894679
25896146
25898017
25907170
25908385
25908843
25914040
25917044
25920454
25927023
25932102
25932161
25932184
25939419
25941931
25942429
25948215
25948473
25957253
25957268
25957996
25962427
25964086
25973000
25973005
25973040
25973094
25973756
25975246
25976039
25977307
25978623
25978818
25985583
25986658
25989356
25994604
25996526
25997427
25998620
26002587
26003830
26004773
26010811
26020106
26021803
26023918
26028151
26030867
26032186
26033363
26037075
26038301
26043567
26043978
26048276
26052716
26054879
26063617
26065621
26065826
26072083
26078314
26080076
26081084
26082435
26082489
26086415
26089865
26090662
26090712
26097006
26106158
26109305
26113297
26115624
26116862
26123747
26130764
26139217
26147469
26153766
26155304
26157066
26158864
26159724
26159925
26160169
26162692
26165843
26167073
26167076
26172853
26174031
26175492
26177128
26177212
26177520
26181630
26184807
26184970
26189595
26195767
26196892
26200444
26201318
26202808
26202921
26205614
26206271
26208141
26209013
26214583
26215541
26217083
26221339
26222045
26224481
26229403
26232429
26235355
26236050
26238371
26247732
26248657
26249756
26254559
26254779
26261595
26272311
26276130
26276875
26278073
26279421
26279422
26279435
26283920
26288016
26290459
26294670
26298161
26299699
26299839
26310831
26312747
26312770
26317345
26318106
26318197
26318748
26319313
26320630
26320741
26324774
26329314
26335962
26336989
26341626
26344417
26345468
26345801
26347404
26348276
26349060
26355761
26359091
26359094
26360329
26362992
26364141
26364961
26370079
26371821
26386401
26392012
26394068
26398934
26399972
26412235
26416975
26419931
26423661
26424181
26424893
26429534
26432169
26435041
26435700
26436391
26437797
26442297
26453923
26462624
26466961
26468152
26473200
26475038
26490558
26492950
26494508
26495802
26498350
26500105
26505972
26507165
26508631
26510582
26512658
26512959
26513680
26515416
26517491
26522355
26527544
26534745
26536706
26547738
26550291
26550448
26555554
26556957
26564000
26568059
26579632
26582088
26582142
26585410
26585510
26588247
26588249
26590162
26598674
26607348
26607471
26608531
26616876
26617709
26617842
26620692
26620764
26622306
26631064
26636884
26639190
26639663
26640075
26640957
26643908
26644971
26649297
26651944
26655402
26655640
26655705
26655905
26656467
26668635
26671088
26675260
26686767
26687466
26688820
26699475
26701820
26707779
26707811
26708162
26708990
26709642
26709781
26710072
26718771
26719855
26722488
26724567
26729092
26731269
26740596
26742900
26744383
26754542
26762400
26769562
26770978
26771084
26772151
26774366
26775799
26777563
26778788
26781175
26787722
26790303
26801484
26802439
26803521
26806574
26807022
26808548
26812205
26818343
26821752
26823124
26827181
26828664
26830904
26831104
26831416
26838370
26838598
26849209
26853108
26853914
26857094
26860973
26862758
26865412
26865625
26867315
26870615
26872921
26875093
26878867
26879142
26881113
26883456
26888251
26888390
26889220
26889229
26896420
26898650
26901241
26901645
26905942
26907088
26907800
26908827
26909866
26909897
26916920
26917360
26921863
26925925
26930562
26930594
26936125
26936827
26940205
26943993
26944017
26946956
26949123
26952810
26956469
26956766
26959040
26961544
26961545
26962463
26965104
26971344
26972078
26973817
26976286
26988770
26989734
26992429
26994314
26997759
27002851
27005845
27011232
27021078
27022195
27025255
27027358
27031871
27033791
27036010
27036629
27038715
27038922
27039209
27044335
27049570
27050713
27053419
27057441
27057457
27057550
27059733
27069792
27070323
27090571
27091427
27093924
27100622
27104338
27107073
27107867
27112199
27118139
27118638
27121537
27123062
27132023
27135544
27142675
27142878
27145782
27146354
27148868
27149666
27150852
27151970
27155792
27156126
27160740
27164829
27167824
27172151
27173197
27173235
27177773
27179304
27182339
27183587
27183589
27187237
27187369
27187797
27188726
27193049
27197307
27197977
27207509
27208023
27208407
27215071
27216346
27224242
27224911
27225947
27228163
27235343
27235587
27242527
27243216
27246103
27249055
27250627
27252945
27255374
27256622
27261609
27262815
27266354
27270216
27271273
27273624
27277810
27278131
27279424
27281059
27282560
27286259
27289452
27290609
27292124
27293313
27295076
27302095
27307558
27309732
27310139
27314522
27321991
27323819
27339100
27340831
27343691
27347929
27349785
27350800
27354597
27357505
27358057
27358258
27359332
27362560
27363391
27371649
27373668
27380627
27391331
27392183
27408716
27411287
27412936
27413111
27416075
27418354
27423012
27430277
27431018
27431331
27442627
27444346
27444640
27448767
27450002
27452656
27456665
27458431
27459393
27460076
27467577
27467924
27468689
27468961
27470352
27477353
27478307
27478779
27485186
27485280
27491828
27497609
27503317
27508930
27510283
27511884
27519154
27526043
27526865
27529233
27530516
27535280
27537874
27539497
27542278
27545207
27546562
27548265
27550942
27551155
27554055
27555296
27557632
27558948
27559544
27563672
27563891
27566210
27568862
27569284
27569563
27571579
27573239
27573568
27574922
27577261
27584057
27585667
27591966
27595889
27599658
27603404
27605009
27607584
27609575
27615723
27619995
27621106
27622031
27627966
27628304
27636754
27638937
27638938
27639573
27641447
27641666
27643515
27646627
27649507
27659561
27664853
27669113
27670746
27676214
27680684
27681173
27682003
27685627
27685793
27689757
27692393
27694040
27694932
27696326
27701733
27703496
27706798
27707937
27711141
27713159
27714571
27715456
27718095
27720227
27731393
27732877
27736941
27738712
27744428
27748869
27752144
27756890
27760212
27762043
27769858
27769864
27776340
27777559
27779218
27783847
27788674
27793087
27794001
27795867
27796360
27797716
27807045
27807703
27813491
27813832
27816788
27821296
27829992
27834881
27837433
27838370
27838962
27843005
27844284
27845144
27849204
27855303
27859308
27859734
27861595
27865937
27868072
27875107
27876618
27881712
27882228
27890371
27892755
27895422
27903427
27909407
27909766
27911090
27916090
27916228
27916733
27920126
27922677
27923915
27924523
27934908
27939812
27939857
27941071
27943385
27981756
27981790
27982096
27986454
27986929
27990284
27993530
27994953
27995407
27997892
27997926
28000223
28004841
28011878
28011980
28013342
28013346
28013347
28024504
28028753
28028951
28033732
28038359
28041958
28045026
28056977
28078040
28079228
28087860
28088520
28088526
28089357
28089910
28093813
28095348
28100331
28101570
28106157
28108421
28111143
28112185
28115037
28115850
28119924
28121465
28123896
28132836
28135708
28137827
28143556
28146272
28153604
28160299
28168301
28175960
28176142
28179495
28182789
28185389
28191863
28193829
28197212
28198368
28204817
28213269
28214833
28220810
28222157
28222760
28223539
28235036
28235185
28235660
28241747
28241791
28251686
28254553
28254693
28255201
28256509
28256612
28259445
28259968
28260013
28262619
28262750
28272417
28272553
28273337
28283953
28284355
28286252
28288804
28288845
28291959
28293065
28293399
28296189
28303957
28315999
28322133
28322346
28324409
28328972
28330785
28339054
28339850
28341672
28346354
28347875
28350671
28356195
28356284
28356391
28359050
28367982
28368327
28368946
28374824
28376744
28377603
28386044
28390871
28402258
28404943
28407320
28408791
28411360
28412504
28412855
28415024
28420166
28421060
28423670
28424490
28424738
28432254
28434923
28447579
28450472
28452703
28455065
28455603
28465253
28469079
28471051
28471658
28472797
28474063
28478506
28481357
28484456
28485782
28487240
28487429
28489052
28489816
28489974
28490734
28492546
28493563
28494464
28495615
28498464
28499247
28502093
28505514
28512854
28521455
28525945
28528202
28528741
28529452
28534936
28535426
28536249
28536433
28539656
28539968
28542370
28542817
28547529
28550386
28552908
28562749
28571793
28578348
28578651
28579235
28584078
28587577
28593178
28594279
28600286
28601590
28609714
28611823
28618428
28619138
28619997
28620993
28623125
28623271
28624894
28630066
28630139
28634033
28638086
28638224
28639050
28641579
28645307
28645524
28647362
28655763
28655852
28656527
28658622
28659923
28662506
28667885
28668488
28669384
28670364
28670376
28681194
28683454
28685413
28689797
28690033
28690233
28703296
28707976
28710255
28712049
28712401
28713916
28714001
28724211
28724396
28724768
28729359
28733463
28734896
28736216
28738820
28738878
28744451
28744636
28746278
28747667
28749716
28750349
28752362
28753906
28759049
28761155
28765537
28765923
28771725
28771774
28776644
28776958
28778443
28778579
28782532
28783551
28783736
28785099
28785380
28786047
28791395
28791487
28791506
28794612
28801363
28801798
28803924
28804793
28805489
28808299
28808786
28810574
28815177
28815730
28817116
28819109
28820065
28822766
28827130
28830942
28831287
28832712
28839246
28842322
28842949
28846670
28847267
28848607
28849025
28849116
28849148
28849618
28851597
28852734
28854431
28855621
28858111
28858723
28858846
28860634
28861075
28867282
28868036
28869081
28874687
28875676
28879051
28881826
28883468
28885615
28887522
28888669
28898202
28905155
28925171
28927120
28927423
28930057
28930149
28931847
28934735
28943439
28943944
28945461
28946139
28947357
28947376
28947785
28949380
28950845
28957799
28958207
28958208
28963650
28964818
28965571
28966674
28969526
28972887
28976036
28976923
28977918
28978017
28978536
28981091
28982115
28982864
28987944
28991224
28994737
29016688
29017152
29017971
29019078
29020088
29028772
29029441
29032115
29036356
29038769
29039510
29039542
29040945
29051178
29055077
29057806
29062588
29062589
29066305
29067115
29075306
29075930
29077524
29079202
29080695
29088464
29089449
29097792
29099761
29100037
29103998
29104078
29107071
29111459
29112008
29112935
29113305
29113806
29115440
29115455
29115619
29128406
29128611
29133417
29136779
29137283
29137928
29138821
29142263
29142761
29146239
29147073
29150625
29150694
29150769
29153518
29154742
29156775
29156820
29157809
29157986
29161739
29178911
29178967
29179209
29180692
29180999
29187284
29190550
29190754
29193143
29194423
29201195
29206292
29207048
29207360
29207618
29207635
29207664
29209566
29215742
29217983
29222167
29223854
29227824
29227975
29228698
29230705
29233104
29234386
29239332
29241031
29246004
29250125
29250126
29250957
29253610
29257249
29257294
29257348
29259041
29268190
29269727
29274168
29274625
29276944
29278400
29278662
29281012
29281615
29281684
29285133
29285168
29287085
29291934
29292152
29298445
29300367
29301276
29307523
29309503
29309990
29310108
29311940
29312537
29315763
29318184
29318480
29319180
29321363
29324628
29326885
29328946
29329595
29335857
29338742
29341132
29343281
29343453
29348414
29348888
29353005
29353412
29359143
29359608
29360809
29363726
29365334
29375207
29377126
29380370
29382328
29384065
29385192
29386427
29387725
29393419
29396891
29399096
29399127
29403489
29404307
29407964
29411777
29415757
29417448
29426327
29426925
29427996
29436632
29437671
29438224
29440514
29441018
29441825
29441927
29442025
29445009
29447234
29447283
29452695
29453396
29471030
29472103
29472602
29474381
29476961
29477914
29480340
29482767
29484368
29484383
29484442
29484999
29486776
29488614
29490296
29493564
29494148
29500224
29500244
29501867
29502561
29507585
29508184
29510084
29510469
29511268
29511434
29512709
29512786
29518316
29518899
29524303
29525270
29532872
29534643
29535629
29535712
29535976
29540576
29540770
29545858
29547450
29547503
29551284
29551349
29553572
29556233
29556281
29559582
29560134
29565474
29566186
29566747
29568370
29570670
29570822
29589070
29593748
29597004
29604956
29606967
29611132
29619063
29619899
29620142
29620267
29622164
29624745
29627845
29630120
29630125
29634982
29636416
29637002
29637027
29637049
29649410
29653364
29653689
29654209
29656686
29661181
29663491
29663933
29667734
29669317
29670828
29671417
29673059
29673358
29675369
29675728
29678610
29679017
29681442
29684816
29686054
29690521
29697865
29701897
29704988
29710512
29717937
29720226
29720937
29725271
29728859
29736208
29737518
29740052
29740218
29743985
29746926
29748639
29749463
29752068
29753770
29754966
29755012
29757592
29762851
29763588
29763643
29763644
29763880
29765402
29767672
29773099
29775453
29775649
29779787
29780528
29781535
29782315
29787520
29788922
29790024
29794440
29798160
29799035
29803914
29804125
29807331
29808547
29842860
29844864
29844986
29845194
29845266
29845292
29845394
29849490
29850615
29858051
29861179
29861832
29864452
29869715
29875467
29877088
29877788
29883691
29883722
29887944
29889119
29890216
29890551
29894476
29896109
29896271
29900929
29901082
29901164
29904116
29907783
29910175
29913461
29916535
29921378
29922279
29922617
29923152
29924447
29925508
29926753
29927028
29927962
29928340
29931961
29932157
29932600
29934223
29940584
29944647
29946821
29947337
29950238
29954581
29966657
29973318
29977458
29982285
29986455
29988587
29990871
29991025
29996939
29997146
29997297
29997311
30001721
30005060
30007438
30008389
30008464
30013439
30015897
30015957
30016632
30022981
30026098
30026944
30029898
30031708
30031930
30032721
30036952
30040860
30042683
30043729
30046125
30046376
30047580
30053391
30055563
30056893
30058023
30063916
30066873
30069596
30071285
30074177
30077653
30081006
30091492
30093453
30097850
30098292
30100024
30104241
30105859
30107164
30111215
30112425
30113863
30114636
30115563
30118525
30119213
30119221
30121899
30123107
30128028
30130298
30132861
30134799
30134809
30138900
30139928
30143913
30143934
30145653
30159587
30160595
30170763
30170968
30171950
30173051
30179651
30181583
30186181
30186353
30187880
30189157
30192824
30193155
30194878
30194936
30196285
30200338
30200495
30203151
30204392
30206272
30208782
30211669
30212741
30213077
30214578
30216179
30220001
30220172
30220173
30221655
30221670
30221732
30223643
30225556
30226538
30226786
30229811
30229834
30229838
30231673
30233666
30233718
30233729
30236124
30238832
30240693
30240881
30242887
30242897
30244246
30245693
30246289
30246296
30253213
30254017
30257328
30257355
30261464
30267989
30270727
30272511
30273064
30276527
30277836
30280787
30287405
30287499
30288341
30288388
30288860
30299441
30302814
30307962
30309485
30310102
30311146
30317640
30321456
30328509
30332800
30333099
30336978
30337931
30338912
30341559
30344669
30348734
30353127
30355052
30355931
30365084
30365119
30367515
30372882
30372902
30374194
30379176
30384868
30385233
30385503
30386214
30394314
30396359
30397349
30402800
30405876
30407111
30414341
30414431
30419930
30421129
30421643
30424767
30439422
30443300
30445996
30449310
30453089
30458182
30459606
30463495
30463650
30468503
30471852
30475644
30477744
30479570
30480521
30481307
30482200
30483725
30485844
30497069
30497076
30501397
30501882
30506107
30507657
30512209
30516493
30521962
30522479
30522866
30523761
30528467
30530672
30530865
30534206
30536340
30536833
30537409
30537800
30539014
30542285
30550933
30552382
30552619
30553868
30554160
30555556
30562386
30565728
30569118
30569516
30569830
30570395
30571233
30572907
30584891
30589437
30590319
30594449
30595046
30598636
30608918
30610044
30610591
30610955
30611783
30613015
30613303
30618088
30626470
30626473
30628018
30632076
30636642
30637814
30637903
30639993
30641993
30642042
30645708
30646748
30647960
30650348
30651761
30657415
30657577
30663793
30663809
30664156
30664173
30664707
30664982
30666520
30669620
30671980
30672380
30676698
30678325
30680297
30684342
30687544
30689560
30689633
30694581
30696900
30701576
30701601
30707146
30710046
30710662
30710793
30713767
30715406
30716318
30723536
30726291
30729207
30733282
30734877
30734970
30737662
30738832
30747229
30756214
30756299
30756376
30763641
30764893
30774831
30776150
30776912
30782259
30783468
30783843
30784177
30784390
30784935
30785016
30785200
30786671
30788579
30788737
30793463
30793936
30794438
30794829
30794874
30794925
30798978
30799593
30806632
30807577
30809230
30811736
30813673
30814309
30816448
30816669
30819254
30821572
30827308
30829214
30830879
30836660
30838705
30841475
30843525
30847567
30847938
30850734
30853417
30853520
30853600
30854106
30854968
30857550
30857636
30858122
30863013
30873131
30873554
30877882
30880023
30881312
30881595
30883606
30884890
30890031
30894511
30896303
30897575
30897694
30900780
30901382
30901678
30901719
30906223
30906281
30909920
30911939
30913372
30915370
30915756
30915760
30919048
30919207
30921699
30922122
30922233
30922374
30924423
30928727
30930249
30936996
30953818
30954023
30954991
30957795
30957973
30959420
30968609
30970514
30972059
30972168
30972742
30975731
30976167
30977640
30978539
30986645
30988709
30989725
30992392
30995477
31001118
31001563
31001923
31002842
31002986
31004566
31004640
31010163
31015526
31016532
31017254
31018808
31020719
31024570
31026585
31037573
31044181
31049139
31054361
31057724
31063017
31065010
31066476
31066732
31068809
31071173
31071395
31073284
31074547
31074668
31075559
31076532
31077206
31077645
31077717
31078159
31078925
31081070
31081244
31082340
31083239
31084273
31088634
31089440
31089650
31090056
31090304
31096703
31101239
31108165
31110312
31114202
31115023
31119834
31121415
31121820
31123407
31123414
31125703
31131263
31132191
31134076
31135705
31139084
31140426
31142385
31144313
31149350
31151525
31152701
31153054
31153376
31153885
31158461
31163250
31163699
31168342
31172809
31173169
31173183
31173204
31175027
31178418
31180798
31182932
31182969
31182999
31183391
31185757
31190084
31191027
31191309
31195367
31196168
31196626
31201585
31206609
31209174
31210322
31210335
31210339
31214162
31214204
31220697
31220774
31222667
31225947
31226360
31228815
31231385
31231582
31238737
31241712
31243816
31247943
31253838
31253871
31255797
31255931
31255993
31256136
31257518
31258683
31260721
31261506
31263109
31271872
31272469
31274341
31274380
31275998
31278284
31281226
31281453
31281713
31283217
31287789
31288151
31288981
31293572
31295018
31297873
31299241
31302461
31309100
31312385
31314026
31314904
31316302
31318049
31318982
31319868
31332706
31333656
31336238
31337655
31344555
31345099
31346169
31352326
31353205
31355149
31355602
31356155
31358003
31358689
31361069
31361168
31362164
31363123
31364129
31365550
31368063
31372925
31373750
31374144
31376096
31376214
31376360
31378906
31378910
31379864
31386827
31388087
31391207
31391499
31392383
31395343
31396341
31402320
31402870
31402944
31410300
31411318
31412243
31418620
31419076
31421423
31421545
31422866
31427442
31428642
31429552
31431733
31432123
31432177
31432995
31439374
31440160
31440938
31442443
31442508
31442584
31443599
31444671
31446815
31448992
31451099
31452237
31452696
31456484
31462144
31466778
31467416
31468571
31476305
31476693
31477211
31477403
31477445
31477895
31478134
31480890
31484704
31489459
31489644
31489801
31493667
31495009
31495827
31496773
31497551
31504964
31507142
31507429
31509504
31511637
31520992
31520995
31521276
31525576
31526441
31526499
31526567
31535397
31537875
31539144
31539158
31541083
31543344
31545785
31545873
31551937
31552681
31557474
31557909
31559899
31560926
31560997
31561304
31561751
31564895
31569771
31572805
31574193
31578573
31582017
31583048
31585233
31587886
31588189
31588340
31590042
31593304
31594427
31595149
31597445
31598849
31599382
31599428
31608008
31609969
31610207
31611272
31611735
31616301
31616320
31618484
31620132
31620141
31623197
31624922
31626971
31630796
31632562
31636246
31638207
31638229
31640653
31641986
31645125
31645185
31646595
31649671
31649967
31654684
31657123
31659155
31662521
31662647
31663304
31664222
31667140
31671112
31677982
31678277
31678284
31678414
31678553
31681945
31683033
31690518
31692098
31696221
31696457
31697008
31698051
31704499
31705388
31706880
31707400
31707448
31708733
31709615
31711688
31715293
31717470
31718931
31720079
31721657
31722525
31724242
31726135
31730993
31732529
31733121
31733580
31735662
31739000
31744490
31746021
31746367
31746424
31756421
31759058
31760017
31760331
31763742
31764760
31765699
31766635
31769063
31769066
31771292
31772831
31773674
31775332
31780371
31781182
31784084
31784404
31785241
31785408
31786271
31786654
31788011
31791382
31791577
31796334
31796857
31796867
31798456
31802426
31803007
31805278
31806961
31811349
31814225
31816891
31817671
31817787
31825075
31825448
31825792
31827178
31827674
31827690
31831723
31835323
31835609
31837991
31843260
31845052
31845693
31847111
31847381
31856347
31859422
31859817
31861525
31862453
31862462
31862508
31863867
31865244
31865425
31865791
31867739
31872600
31872639
31874581
31876072
31877182
31880115
31884387
31885603
31886295
31886297
31889961
31889967
31893612
31894007
31894666
31898754
31912804
31914643
31916038
31920554
31931595
31931639
31933540
31933895
31934034
31934590
31936430
31938089
31938201
31938420
31939007
31947538
31949658
31952223
31955065
31955534
31956356
31957804
31957861
31958320
31959173
31960464
31962161
31966360
31966705
31966801
31971040
31972325
31972423
31977025
31979980
31982429
31983426
31986326
31989925
31991373
31994847
31994900
31998444
32001267
32003008
32005665
32007503
32007631
32008145
32014819
32023704
32023919
32026322
32028672
32032617
32033079
32035159
32036210
32038265
32038655
32042729
32046119
32046403
32047957
32048261
32048561
32050430
32055600
32057181
32057259
32057894
32058145
32059341
32062450
32064872
32066304
32068951
32069473
32071389
32071680
32073611
32074942
32077825
32083631
32083808
32084554
32086097
32087217
32089069
32089647
32089779
32090669
32094226
32095158
32095984
32096822
32097101
32099448
32099901
32101857
32104151
32104222
32104238
32114357
32116705
32117792
32124161
32124969
32125673
32130574
32135028
32139322
32144444
32144747
32144792
32147431
32148791
32148958
32150408
32151962
32158256
32158495
32158615
32160960
32162777
32166675
32169129
32169518
32170544
32171705
32172066
32173390
32173651
32173863
32186061
32186776
32194422
32195020
32199211
32199351
32205424
32206297
32209170
32209460
32210480
32210720
32212827
32221312
32222586
32222695
32223496
32226380
32231714
32233670
32236896
32237519
32239395
32240615
32241891
32243898
32244040
32248810
32249624
32253843
32256726
32256787
32259551
32269560
32270855
32270948
32272095
32272395
32277683
32278794
32283380
32283542
32285313
32285591
32291602
32291814
32291890
32295141
32296403
32298435
32299958
32300366
32301731
32308451
32309315
32312954
32315938
32317924
32319548
32320335
32320792
32323096
32323754
32328059
32328942
32330842
32335193
32338995
32340172
32344244
32345778
32346474
32349318
32351566
32351672
32354736
32356088
32357521
32357531
32359123
32359778
32361192
32361708
32366737
32375035
32377306
32378734
32384667
32388485
32388684
32388770
32391019
32391647
32397494
32400124
32401923
32403975
32410875
32411792
32416454
32417325
32418911
32418959
32421725
32424165
32424768
32425800
32429220
32429710
32433038
32433207
32433918
32434116
32436368
32436614
32437795
32438368
32438504
32439945
32441737
32445868
32447047
32447154
32448367
32448982
32449438
32455124
32457419
32459842
32460188
32464206
32468028
32468034
32468045
32468498
32472295
32473847
32474021
32475915
32486097
32488348
32493316
32494918
32500512
32500859
32504162
32504709
32504751
32505463
32508567
32508811
32509163
32512990
32513051
32523673
32526286
32526705
32528295
32529819
32530324
32532087
32533604
32535227
32535239
32536835
32537000
32537742
32538139
32540784
32552358
32553077
32554157
32558672
32560481
32566578
32567013
32572761
32576172
32576879
32579053
32579133
32580932
32580945
32581510
32581788
32581806
32585604
32585605
32587324
32592180
32593975
32594336
32595744
32597476
32606871
32607919
32609480
32612008
32616896
32619512
32619809
32621930
32622697
32623837
32625244
32626927
32627010
32633336
32634549
32636840
32641971
32645395
32648572
32650475
32651307
32652366
32653342
32654051
32655778
32657248
32658599
32662520
32662527
32665906
32667865
32670458
32678947
32679197
32687156
32688280
32693013
32693120
32694567
32695117
32695212
32695290
32698512
32702524
32703338
32706450
32707760
32708841
32710952
32712618
32725514
32725973
32726591
32726660
32729095
32732870
32733409
32733481
32734565
32735017
32736053
32739049
32739154
32745117
32747720
32751118
32753695
32754015
32754280
32755994
32756014
32756048
32757169
32757377
32758573
32758588
32760205
32760682
32761488
32761843
32763359
32764765
32765484
32768653
32776158
32777313
32780740
32781974
32782494
32784904
32787472
32790491
32790743
32793243
32795896
32795899
32796317
32799375
32800556
32802180
32806763
32808884
32810620
32819237
32820776
32822111
32823238
32826878
32841225
32841709
32846221
32848725
32848745
32849904
32850002
32853444
32853749
32855531
32855724
32861066
32863955
32866059
32866662
32867835
32869573
32871240
32871246
32871478
32874136
32875703
32877976
32879080
32881263
32884282
32884993
32893702
32896556
32896641
32898417
32899943
32901834
32901894
32905811
32913400
32914937
32915230
32919189
32921982
32924710
32926257
32926903
32926926
32927915
32929325
32929778
32930944
32931797
32932194
32932915
32933167
32933722
32939611
32941923
32944799
32945486
32950783
32953731
32953795
32955050
32955161
32956769
32958053
32961144
32963747
32964428
32967147
32967285
32967565
32967743
32972755
32973091
32973783
32974162
32975614
32977259
32979189
32981274
32983129
32985666
32988406
32989649
32993399
32996043
33002459
33002664
33005241
33007372
33007730
33010113
33013197
33013286
33013378
33021613
33030140
33035419
33035580
33039603
33040333
33041816
33042124
33045567
33046755
33047839
33049095
33050324
33050676
33053467
33055214
33057840
33060562
33061523
33061830
33062035
33063931
33072072
33073533
33073966
33079297
33079704
33080424
33080468
33081347
33089108
33093575
33098506
33099123
33109721
33112414
33113002
33114004
33121337
33123130
33125461
33126443
33127391
33128793
33131091
33132187
33132755
33138336
33140555
33142452
33146403
33152909
33155240
33159115
33162346
33164233
33164433
33164545
33164948
33165670
33165681
33167098
33172060
33173992
33174011
33174138
33178204
33179321
33180213
33181267
33182026
33182038
33182043
33182056
33182070
33182074
33185801
33185814
33185843
33187652
33188466
33188510
33188836
33199070
33200614
33202583
33209878
33212213
33216117
33223957
33229758
33230811
33233960
33236160
33238792
33240419
33244226
33246036
33247673
33249742
33251259
33254423
33254826
33262815
33264646
33268762
33271211
33271940
33276561
33278446
33282294
33287126
33287916
33290148
33290158
33290968
33292210
33293985
33294123
33301917
33308900
33309485
33314123
33318075
33323555
33324395
33329561
33335727
33336149
33336463
33339337
33339376
33343522
33344657
33348310
33352273
33354275
33355374
33360370
33362240
33362762
33368719
33368965
33369167
33370338
33375267
33376370
33376394
33378037
33381249
33382900
33383282
33383446
33383564
33384551
33386789
33388347
33389386
33390110
33390886
33394221
33396586
33397103
33404578
33410606
33410769
33418303
33420764
33421016
33421596
33422341
33429196
33431658
33433478
33433547
33435756
33436266
33440307
33440393
33444776
33446670
33446690
33453127
33460615
33460825
33460871
33469517
33472324
33472906
33476981
33479186
33479745
33481008
33482280
33484002
33488933
33493985
33495514
33498871
33502274
33503444
33505220
33505499
33505592
33506105
33510368
33512337
33512996
33516663
33519799
33520106
33523585
33523607
33527026
33528653
33531194
33531683
33534395
33536347
33536742
33539718
33539913
33540416
33540826
33542720
33545202
33549727
33556340
33556874
33557133
33559423
33561643
33566259
33575076
33578174
33579365
33581128
33581132
33582002
33583793
33584736
33585082
33592404
33592958
33597886
33601314
33602880
33603344
33607128
33609619
33610575
33611840
33617946
33621094
33626003
33628116
33628178
33628189
33628315
33628591
33629321
33629328
33633304
33636320
33638773
33639054
33639133
33641435
33641969
33643054
33644146
33644593
33654889
33655893
33657523
33659363
33666891
33667517
33668835
33669782
33671673
33673673
33673857
33679417
33683856
33684692
33687621
33687909
33687949
33688227
33688248
33704926
33708118
33709562
33710529
33725236
33725255
33725636
33727039
33727772
33728029
33729587
33730389
33730981
33742464
33744886
33745852
33746598
33746976
33748044
33748121
33749522
33752066
33752705
33758309
33760150
33760172
33762947
33763070
33763148
33767586
33767774
33769524
33779331
33786576
33786624
33787393
33788081
33789141
33790789
33791803
33791807
33792844
33797542
33798288
33798291
33801658
33802409
33804176
33809902
33810882
33813367
33814208
33816466
33817304
33817403
33830504
33832376
33838887
33839491
33841142
33842587
33846227
33846230
33846258
33847701
33849528
33850093
33855084
33857397
33857660
33858242
33859062
33860064
33860870
33861738
33868227
33868293
33872850
33877243
33887419
33887539
33892155
33894036
33897431
33899956
33900898
33901556
33902056
33902534
33907310
33907436
33908564
33909363
33910419
33912181
33923020
33925033
33928762
33930279
33930521
33930845
33931988
33932524
33935744
33938125
33939072
33945431
33948088
33955317
33958376
33958642
33959665
33962830
33965378
33969603
33971268
33971494
33977594
33980662
33982771
33982783
33986676
33989718
33990548
33990976
33995003
33995087
34000276
34003380
34004238
34007295
34007327
34008755
34010002
34010266
34012471
34014269
34017384
34017408
34017507
34017508
34017577
34020266
34020396
34021567
34021857
34022297
34025258
34025417
34025643
34025672
34026821
34029560
34031144
34032295
34032546
34032975
34034564
34034779
34042266
34045880
34047945
34051223
34051372
34051593
34054541
34055060
34055311
34061266
34061587
34062069
34068193
34072812
34072916
34073556
34076786
34076840
34076894
34077834
34078799
34081253
34081998
34085163
34090938
34092750
34093197
34093546
34093588
34094031
34098107
34099337
34099570
34100377
34102644
34106260
34109422
34110366
34111616
34111666
34112781
34113349
34114347
34116287
34117115
34118309
34119822
34120022
34126448
34132350
34134693
34135984
34136124
34139379
34140078
34146541
34149728
34156689
34156842
34160729
34162132
34162568
34162680
34162749
34167455
34168482
34171331
34173813
34174279
34174335
34174589
34177611
34178136
34180348
34184086
34185099
34185112
34185707
34186282
34188032
34190522
34191053
34192627
34196587
34197778
34199606
34203931
34204506
34206009
34210334
34212053
34212684
34215697
34215771
34216140
34217831
34218381
34218389
34223915
34227443
34229178
34234503
34235623
34236532
34244900
34245564
34246209
34249260
34250656
34253365
34258628
34259317
34260072
34261477
34262700
34265410
34267521
34268687
34271086
34271168
34279173
34280838
34282120
34282358
34284014
34285657
34287094
34289428
34290146
34294787
34296586
34296787
34298398
34299224
34306185
34309775
34311537
34315042
34319391
34321536
34321866
34322125
34329731
34334784
34336610
34337939
34339079
34339751
34340153
34341172
34343528
34345264
34347266
34348653
34349830
34353086
34354407
34359943
34362603
34363204
34364580
34366843
34366849
34367139
34367191
34370469
34376755
34381368
34382520
34384831
34397115
34403878
34403896
34405526
34405715
34411492
34416031
34416243
34416273
34418356
34419138
34419512
34421084
34421655
34422075
34426115
34426178
34428767
34429343
34430721
34434653
34435136
34435541
34439462
34445142
34450167
34450235
34454025
34457118
34458257
34458929
34462520
34463846
34466029
34468896
34469785
34471054
34475327
34477272
34479599
34481870
34482462
34486757
34489150
34491516
34491653
34498273
34499321
34500040
34500285
34502140
34502346
34504172
34504585
34504953
34507068
34508751
34509269
34510370
34515203
34516974
34517275
34534191
34534743
34535891
34539840
34540671
34543116
34543583
34544967
34551303
34557761
34563632
34563661
34568976
34572149
34573046
34573559
34576878
34580414
34580887
34581696
34582722
34583098
34583273
34585114
34585338
34588497
34589401
34589510
34590407
34591732
34592238
34597787
34600080
34603071
34603465
34605740
34607227
34608922
34610452
34624322
34626426
34630092
34630618
34631699
34636046
34643000
34643849
34645466
34649308
34650645
34650664
34651657
34652137
34652636
34653689
34655103
34655744
34658894
34659265
34659506
34660305
34660669
34663169
34663855
34673087
34673136
34675215
34676874
34685529
34687491
34688043
34688467
34688804
34689333
34689394
34689797
34690766
34690786
34691019
34691222
34692851
34694121
34698458
34703210
34704575
34712628
34712659
34713984
34714650
34715573
34717665
34718325
34719837
34721432
34721647
34727285
34729976
34732321
34733114
34734089
34737150
34741869
34743973
34743981
34745132
34746034
34747270
34753029
34760017
34760247
34761703
34766845
34767138
34768129
34769252
34771068
34771442
34773930
34780278
34781040
34783973
34784389
34784980
34789577
34795785
34796041
34801584
34803484
34803702
34804360
34806444
34808223
34812595
34814947
34822994
34825387
34829655
34829669
34829995
34830071
34838942
34841696
34843079
34850055
34853718
34855754
34859077
34862872
34863710
34865233
34865329
34865586
34866215
34867331
34871925
34882370
34884442
34884634
34885671
34887360
34887730
34888257
34889045
34893207
34896108
34899611
34899921
34900687
34903438
34905501
34906293
34909039
34912331
34913150
34915277
34915325
34915671
34916609
34923420
34925319
34929310
34933712
34943005
34943807
34943932
34944363
34950433
34953035
34956584
34959070
34961414
34964259
34964444
34965485
34966805
34970076
34973529
34975477
34980192
34980736
34982175
34982504
34984827
34988203
34990082
34991980
34998030
34998273
35002381
35002613
35002723
35011304
35011620
35014685
35017318
35020096
35022533
35023943
35025762
35026404
35027892
35030388
35034101
35034883
35035240
35035839
35037682
35040474
35041917
35042170
35044701
35048917
35049137
35051295
35051765
35058774
35059042
35062863
35063752
35064469
35066371
35066822
35069835
35069982
35070875
35071595
35082159
35083095
35083285
35085745
35085773
35087537
35093760
35095858
35096875
35101458
35103734
35107023
35109870
35114774
35117826
35119365
35121106
35125964
35126160
35126807
35128637
35131544
35132413
35135563
35138518
35140704
35148668
35163130
35163308
35163799
35169163
35170388
35173453
35173480
35176320
35178157
35178456
35180397
35182700
35185540
35185559
35186490
35189522
35190709
35196982
35198063
35203628
35204171
35204204
35204289
35205801
35208698
35209787
35210810
35211182
35212223
35217365
35219259
35221008
35222667
35224159
35226709
35227470
35231818
35233999
35234268
35234314
35237256
35238277
35238667
35244185
35247140
35247500
35247611
35248826
35256715
35257279
35257543
35259711
35261579
35263537
35272244
35272550
35276304
35276460
35278458
35279514
35280422
35281916
35294724
35294925
35296330
35297296
35297314
35302172
35306017
35307617
35310024
35310035
35310196
35312296
35318070
35319164
35327577
35330409
35333405
35340867
35345353
35345995
35346043
35346242
35346972
35347959
35349724
35352469
35352794
35355867
35364100
35366176
35367454
35370644
35370674
35370707
35370734
35371076
35373347
35381564
35385441
35386692
35386703
35386914
35390759
35392782
35393774
35394127
35396219
35401188
35402075
35402314
35402885
35403567
35404176
35405301
35405432
35410404
35410795
35411633
35413206
35419168
35422784
35422920
35427564
35429042
35430261
35432371
35433873
35437426
35439332
35439472
35447899
35451930
35453452
35457248
35459439
35462333
35462935
35463063
35463988
35464242
35464417
35464826
35468924
35474613
35484567
35484716
35488217
35488354
35489123
35498148
35500224
35500869
35502170
35504204
35504331
35506157
35506641
35508125
35516842
35522137
35522725
35523778
35526742
35527665
35528518
35530141
35531720
35531876
35532888
35536057
35539637
35541913
35546499
35553305
35558158
35559389
35568112
35568203
35571243
35571621
35572554
35573151
35573947
35577151
35577786
35578102
35578873
35579180
35584745
35597178
35597360
35598011
35600111
35600552
35604113
35609523
35613516
35614038
35615581
35616773
35617845
35618228
35621844
35623174
35623305
35623361
35626012
35628464
35630568
35633067
35633920
35635150
35647205
35647304
35648750
35650158
35652241
35660678
35661585
35663944
35663959
35666872
35667541
35667544
35668155
35668917
35676565
35680841
35681486
35683033
35685625
35687299
35690810
35692100
35696068
35696803
35699749
35700569
35704145
35706530
35707959
35709651
35710041
35714682
35717806
35721857
35722155
35728726
35729656
35730673
35736860
35737007
35743253
35745411
35752350
35755773
35756999
35757501
35757727
35761415
35761836
35761872
35764517
35767946
35769208
35770920
35774596
35775122
35778649
35781221
35781783
35785730
35787402
35791467
35791473
35793105
35793597
35795279
35795847
35798718
35799788
35805952
35808143
35809331
35809639
35809814
35809864
35811022
35812397
35817233
35819372
35820429
35820449
35832126
35832490
35834936
35835172
35836757
35836884
35837037
35837232
35837292
35840613
35841426
35843304
35843375
35844541
35845572
35845591
35852995
35853810
35857154
35860039
35860690
35862709
35862717
35865100
35865878
35867029
35867263
35868549
35872863
35874106
35874667
35878660
35880271
35883634
35889786
35890148
35891967
35892549
35895245
35896747
35897135
35897640
35901530
35901910
35910856
35911120
35913538
35917097
35921773
35928716
35930089
35930194
35933803
35935245
35940536
35941971
35944026
35945352
35947554
35952491
35952514
35952646
35955552
35958028
35959866
35960478
35965792
35966200
35966335
35976115
35977521
35979800
35982604
35983008
35983075
35984706
35984906
35986700
35989413
35990849
35992691
35993243
35994955
35997173
35999073
35999253
36000146
36003065
36013390
36014544
36015156
36017323
36017888
36018281
36032146
36035416
36037656
36038040
36039734
36040529
36046903
36046956
36047112
36047132
36048566
36051545
36052873
36055546
36057104
36059845
36062368
36065267
36066991
36067883
36070663
36072299
36075182
36075274
36076559
36077023
36077357
36085197
36087162
36087844
36088982
36090098
36090969
36091667
36091684
36097345
36097366
36102304
36103858
36105322
36107305
36108390
36113897
36114541
36117859
36121773
36125161
36125615
36128844
36135817
36136452
36139761
36142342
36142893
36146897
36148071
36151570
36152840
36155057
36157500
36159330
36159584
36165200
36165427
36166114
36172386
36176709
36177044
36178164
36179995
36180997
36182039
36182732
36182735
36183169
36183949
36185691
36186733
36188596
36191347
36192087
36193153
36194354
36199552
36199554
36203339
36205548
36208550
36209684
36209830
36211223
36213989
36214996
36219868
36221434
36224342
36224753
36225571
36227676
36228366
36230117
36230476
36232715
36232769
36233127
36237235
36237600
36238295
36240652
36243117
36246240
36246974
36247184
36249426
36252484
36260448
36261775
36264772
36265612
36266216
36267557
36270256
36271527
36271575
36272174
36272692
36274481
36277597
36279667
36281200
36282897
36287175
36288613
36288911
36291919
36293061
36293468
36293555
36294673
36301036
36301039
36310616
36311358
36312733
36312990
36312992
36319441
36320043
36326099
36336009
36339251
36339594
36339704
36341565
36344802
36346016
36346061
36350155
36354668
36355111
36358363
36360622
36361652
36364730
36366480
36368696
36369944
36372042
36375245
36379093
36382932
36384680
36389716
36400339
36401285
36402251
36402426
36408278
36409648
36414090
36417489
36419946
36422271
36422579
36423715
36426935
36428186
36428497
36430244
36430509
36431983
36435290
36437825
36438475
36438853
36439213
36444618
36445068
36450338
36451220
36454439
36459036
36462310
36462956
36464762
36471944
36471973
36472010
36472742
36474430
36474570
36479843
36480273
36481528
36482445
36495029
36495622
36497041
36497484
36502997
36504132
36504472
36506333
36509260
36511422
36511725
36511726
36511727
36512326
36514696
36515042
36517045
36520071
36523959
36527875
36528079
36529079
36535201
36538851
36539634
36541204
36545872
36546873
36548483
36550905
36552516
36555168
36555322
36555773
36557742
36559006
36559051
36561989
36566563
36566881
36566971
36571654
36573053
36574533
36580158
36584452
36585554
36585924
36587557
36587880
36588003
36591949
36592787
36594066
36594412
36594593
36601662
36601753
36603009
36603105
36604713
36609953
36610153
36611692
36613563
36613673
36615637
36617836
36619207
36619655
36619717
36623411
36625758
36627098
36627886
36627935
36634215
36639569
36640559
36641024
36646160
36648243
36649752
36650620
36653304
36657737
36658449
36660224
36660616
36669621
36669722
36672605
36675101
36678520
36679931
36682300
36683687
36684659
36685394
36685552
36690085
36691481
36691639
36691817
36698311
36705251
36705301
36705406
36706933
36707633
36709911
36712602
36716646
36717511
36717915
36719418
36719541
36721803
36722465
36724838
36728697
36732683
36734500
36736224
36738614
36740984
36743916
36745209
36745245
36746228
36746866
36748219
36750423
36753665
36754162
36756190
36761010
36764277
36765551
36765977
36766838
36768553
36768559
36771448
36772833
36781714
36793340
36794148
36794950
36798617
36801437
36801998
36803990
36804541
36806039
36806346
36806672
36808291
36808429
36809677
36812867
36813181
36815217
36815254
36817265
36819569
36822092
36822094
36822178
36827055
36830701
36831722
36835218
36835281
36836906
36836952
36839287
36840831
36842233
36842235
36845637
36846195
36848772
36856180
36856441
36857178
36858407
36862159
36863618
36865741
36867547
36870421
36872241
36872332
36872850
36873048
36876076
36876136
36877597
36879557
36880448
36881963
36882022
36882079
36889110
36889151
36890438
36891396
36891454
36893927
36897262
36898573
36899833
36899887
36903542
36905405
36911656
36913116
36915050
36916084
36916091
36916404
36916435
36917917
36920907
36922478
36923097
36923528
36925075
36929861
36931173
36932197
36933491
36934130
36934667
36937865
36942972
36944415
36945827
36946366
36949755
36951082
36951146
36951266
36958211
36958376
36958440
36961438
36964741
36965689
36967091
36970761
36970795
36972863
36973754
36978183
36982452
36983716
36985229
36986437
36987398
36988786
36989784
36990039
36990977
36993324
36996741
37001347
37001682
37002715
37007789
37010732
37011720
37012092
37012873
37012890
37013030
37017858
37021078
37023955
37028272
37028620
37028769
37034342
37037513
37046028
37050869
37058370
37058754
37059259
37061009
37061805
37062434
37064439
37064758
37068337
37070797
37075562
37075875
37075883
37080368
37080847
37081918
37082688
37083049
37085277
37086827
37087336
37087872
37087900
37088669
37095032
37097031
37097685
37098322
37101603
37102696
37105395
37108174
37115449
37119283
37124037
37126915
37128910
37129119
37131693
37132060
37137264
37141577
37142241
37143211
37145127
37147026
37148522
37148926
37150251
37150279
37151606
37153546
37155468
37158366
37159856
37164255
37165735
37166885
37168122
37168866
37169474
37173696
37174552
37177863
37178812
37178865
37186199
37187734
37188940
37196559
37196773
37196867
37197666
37198077
37199152
37201697
37202185
37205167
37207880
37210763
37219624
37221488
37223101
37227481
37229322
37230196
37230220
37231959
37231994
37233925
37234157
37234634
37235964
37236046
37239362
37244180
37244377
37251186
37253919
37255290
37256416
37257043
37257791
37262315
37267300
37268256
37268931
37273916
37287037
37287697
37290013
37292256
37302147
37304288
37304412
37314341
37316401
37327586
37328582
37330637
37332141
37334734
37335026
37336008
37341064
37341906
37343367
37344864
37345131
37346294
37348228
37349530
37351818
37352811
37355063
37355064
37364329
37370894
37372610
37383215
37383489
37385782
37388083
37388107
37390564
37392658
37393231
37396730
37401258
37402080
37403423
37403576
37406563
37413932
37413934
37415908
37416172
37421777
37424151
37424158
37427328
37431006
37432553
37434932
37435031
37436145
37437686
37438548
37438583
37442281
37443143
37443803
37450639
37451160
37451839
37453619
37455140
37456847
37459905
37462743
37466537
37468052
37468270
37475083
37477381
37480622
37482253
37482260
37483406
37483830
37484804
37487070
37488153
37488827
37489175
37491974
37492748
37497554
37498374
37500967
37502541
37506138
37506317
37515333
37516222
37516223
37518354
37519229
37521036
37523213
37526181
37526282
37527595
37528634
37528661
37534324
37536032
37542250
37545346
37545827
37548853
37551177
37551407
37552110
37554278
37556718
37558018
37558466
37561259
37562093
37563282
37567009
37567012
37567451
37571378
37573970
37576399
37593020
37594720
37603180
37604789
37606106
37608040
37621619
37624269
37624928
37626919
37627502
37628072
37628686
37630200
37633241
37634821
37642581
37643486
37643860
37644784
37647443
37647787
37649466
37650558
37651270
37654434
37655684
37658354
37659762
37661037
37661242
37661404
37663051
37664703
37664927
37664986
37666221
37669705
37672039
37672856
37672972
37675629
37676534
37682077
37689273
37689682
37690527
37690574
37691112
37699102
37700342
37700846
37700852
37703835
37704044
37715383
37715390
37715400
37717713
37718198
37718444
37719375
37722590
37724117
37726250
37730152
37732575
37732723
37733613
37739105
37739521
37744341
37747799
37749607
37760603
37761139
37764644
37766966
37768050
37769495
37770986
37771504
37771649
37772812
37773705
37774797
37776050
37778523
37778741
37782858
37783098
37788083
37788908
37790514
37790926
37792782
37798448
37799387
37804654
37805041
37807317
37809486
37810727
37811125
37811274
37811432
37811593
37811617
37813830
37816045
37817319
37819496
37820669
37820918
37821278
37822185
37824601
37828881
37840453
37843010
37844099
37844897
37846082
37851930
37852336
37856510
37856989
37858252
37860323
37861789
37863130
37863258
37865352
37866744
37868646
37871970
37872355
37872565
37879571
37880668
37882236
37882709
37885279
37890205
37894998
37896221
37898288
37898909
37899401
37904102
37904680
37904689
37909750
37910337
37914064
37915574
37916380
37917302
37918584
37919391
37927413
37930390
37930487
37931537
37938219
37938926
37943572
37946803
37947916
37949329
37949424
37950138
37952834
37953787
37954597
37962954
37964189
37964842
37969224
37970545
37975259
37975358
37976699
37979455
37980746
37980806
37982922
37984750
37984910
37990304
37991487
37994277
37994415
37995571
38001481
38001534
38001779
38003543
38003615
38006400
38007427
38016342
38017376
38018571
38018683
38024861
38027703
38027866
38030024
38031247
38031901
38032526
38034686
38040552
38041694
38041701
38043010
38045060
38046987
38048996
38049817
38052785
38057485
38058560
38058793
38062806
38062827
38069009
38070351
38072293
38072552
38074148
38076631
38077393
38082032
38084034
38087003
38095803
38100213
38102579
38103347
38103365
38103391
38104671
38105294
38108063
38111933
38112465
38114119
38114218
38116198
38116448
38117373
38125163
38125341
38128179
38128497
38134593
38134862
38141404
38142641
38143162
38145855
38147289
38147361
38151596
38153125
38154151
38154523
38154525
38156588
38157380
38158465
38159178
38159472
38159556
38159820
38160395
38160699
38163133
38164486
38165230
38165941
38169331
38176156
38176271
38176464
38179300
38180344
38181931
38181937
38183122
38183448
38184025
38184503
38187676
38191758
38191877
38192670
38199193
38199482
38203215
38204244
38218010
38218011
38218390
38218501
38218505
38218891
38228230
38229319
38229980
38230104
38230792
38237221
38239075
38239137
38239865
38240248
38242263
38242336
38242402
38243258
38246265
38250834
38254914
38262148
38263038
38266447
38270303
38270817
38270835
38273754
38273974
38276990
38278026
38278497
38279493
38280480
38284254
38285279
38287405
38288747
38296729
38299145
38299349
38302938
38303998
38305705
38306598
38308971
38309092
38309095
38309407
38315263
38316670
38317065
38318762
38323817
38325603
38325797
38326029
38331105
38332381
38334064
38335655
38338140
38339021
38340777
38340939
38342289
38345562
38346377
38348278
38350216
38350758
38358584
38359267
38363110
38365106
38367924
38369620
38372079
38377781
38378809
38379280
38379331
38379585
38380017
38380574
38382229
38382728
38384464
38386282
38387681
38388914
38390523
38395428
38400893
38402460
38403153
38409569
38409728
38414016
38415550
38415918
38417185
38417368
38417603
38422177
38423243
38426248
38428570
38430181
38431537
38431805
38433829
38434364
38442584
38445291
38449454
38451226
38453906
38458463
38460440
38463226
38465433
38467082
38467595
38468280
38476283
38479435
38480500
38482590
38482886
38484898
38488011
38489082
38489084
38489889
38491103
38492118
38493721
38493723
38493745
38494253
38496427
38500620
38501412
38501503
38503151
38504301
38505967
38507020
38508727
38511260
38511558
38512029
38513080
38513573
38513575
38518135
38518649
38518665
38520296
38520481
38521012
38522525
38526868
38527574
38531201
38535779
38538987
38539817
38539827
38542434
38546058
38547218
38547998
38549133
38552431
38554019
38557861
38558098
38561095
38564154
38567413
38568683
38572108
38574930
38579915
38582475
38582986
38583012
38584532
38586011
38589925
38591083
38593669
38597275
38598717
38604509
38606218
38612423
38612870
38613253
38613882
38616295
38618995
38621733
38621907
38621908
38621926
38621947
38621975
38625635
38625640
38626545
38626873
38635560
38636398
38636574
38636801
38640721
38641964
38644995
38646639
38652315
38652726
38652958
38654826
38655837
38657455
38657551
38658185
38660059
38661384
38670405
38677166
38677350
38683122
38684579
38688144
38688684
38688816
38690048
38695037
38695373
38696874
38697410
38697601
38701926
38702178
38703309
38706134
38709282
38710550
38713160
38713814
38714229
38714270
38715610
38718729
38725137
38726711
38728187
38731727
38732552
38734811
38734936
38735649
38740168
38745325
38755468
38757029
38760646
38761152
38761477
38761876
38762408
38763013
38763325
38764116
38766306
38773900
38775003
38780010
38780721
38783703
38785795
38786177
38788361
38788404
38789583
38790097
38790098
38790263
38790951
38791080
38791489
38794163
38795791
38797271
38797377
38797378
38798254
38799145
38799439
38800857
38810846
38811394
38812104
38814228
38819759
38824434
38824786
38824834
38824980
38828789
38829670
38833115
38834834
38836660
38836739
38841464
38844873
38850784
38850786
38851985
38853347
38853478
38857232
38860759
38862662
38867628
38870340
38870883
38874156
38878954
38880063
38881906
38882150
38887554
38888378
38891725
38891768
38892524
38892647
38895321
38897124
38905846
38906371
38910256
38910274
38910483
38915862
38917587
38917588
38917754
38919260
38920075
38921627
38922800
38926382
38928791
38930793
38931349
38931862
38935074
38936707
38938877
38942665
38942824
38943739
38943836
38945100
38945457
38952315
38957035
38964156
38964626
38965133
38966547
38971330
38971811
38972238
38972239
38972486
38974021
38980228
38981149
38990396
38990698
38991382
38992819
38996718
38996953
38998101
38999898
39000094
39002707
39002930
39006190
39008025
39013775
39014275
39017977
39019111
39021940
39025856
39026223
39027534
39029138
39029270
39033184
39033964
39035974
39037263
39040275
39041129
39041132
39042556
39046369
39047883
39051052
39051080
39052650
39053682
39055804
39057053
39062973
39067063
39067830
39075517
39078887
39081874
39082076
39082359
39083929
39086264
39089558
39091500
39091599
39092445
39092535
39094757
39096618
39101143
39101927
39103024
39104473
39108263
39113860
39114922
39121928
39123292
39126792
39129048
39133675
39133777
39133958
39139567
39139945
39142620
39144974
39147001
39151778
39152116
39153557
39158930
39166408
39166450
39169447
39170709
39180803
39181281
39181282
39181359
39182545
39183433
39184823
39185307
39187362
39190378
39191120
39203572
39203718
39207074
39207079
39217861
39217915
39218334
39219265
39219424
39220494
39220679
39221252
39222487
39228020
39228386
39229581
39230870
39234911
39241516
39241520
39241524
39244994
39245241
39248482
39249174
39252568
39255926
39258172
39262708
39263577
39265964
39266214
39267766
39268777
39269166
39271176
39272608
39276055
39276234
39276863
39278904
39283309
39285614
39290498
39291282
39292432
39294473
39294631
39297558
39298074
39306178
39307798
39316687
39317112
39318313
39322069
39322086
39326591
39329114
39330225
39331354
39332072
39334517
39334800
39335657
39337442
39340148
39340778
39342323
39347855
39350139
39350416
39351765
39352392
39357728
39358228
39363106
39373320
39376599
39379083
39381066
39383838
39387397
39388907
39389477
39390599
39390633
39391701
39392113
39395773
39396403
39396589
39397405
39399126
39399475
39400011
39400032
39400777
39401827
39408233
39411685
39413938
39414176
39418721
39418818
39419734
39420131
39423623
39424263
39424766
39424974
39426465
39426577
39427417
39428183
39429784
39435975
39437527
39439043
39441358
39442985
39444612
39447411
39447660
39447826
39450988
39451550
39451555
39452118
39453113
39455413
39455728
39459513
39459627
39464340
39475763
39477928
39486110
39486133
39486178
39486562
39486943
39488053
39489394
39490235
39492544
39500085
39502938
39503044
39504830
39504860
39507268
39507974
39508038
39510137
39521227
39521237
39522313
39523490
39527308
39529796
39529995
39537046
39541017
39541843
39543935
39544009
39545064
39548566
39549462
39549469
39549881
39550828
39552449
39556255
39557428
39557429
39560852
39561584
39563215
39563658
39564921
39566389
39571243
39576034
39580135
39580436
39581339
39589179
39591495
39594083
39594450
39594541
39596635
39598325
39599671
39599901
39602008
39602956
39605791
39609525
39612567
39613802
39614314
39614528
39615709
39616171
39617220
39617843
39617988
39619532
39625335
39626068
39627019
39631102
39632208
39635531
39635846
39639764
39644602
39644790
39645143
39645607
39647467
39647934
39648693
39650161
39657408
39662270
39662580
39662954
39668002
39670511
39670742
39672030
39672344
39673685
39674446
39675265
39677283
39680335
39682780
39690361
39694535
39695387
39696684
39701472
39701764
39701902
39702373
39702602
39704848
39706046
39706402
39707121
39708455
39708583
39708983
39715879
39716795
39720873
39722483
39724736
39727376
39730994
39732713
39733879
39735438
39735680
39740202
39742136
39747465
39749747
39754795
39755051
39755761
39757276
39757690
39757930
39759015
39760528
39764470
39764999
39765652
39778656
39780269
39787954
39791155
39793229
39793782
39798687
39800032
39803606
39808652
39811933
39814295
39814317
39815014
39819414
39823706
39824843
39827465
39827709
39828155
39830652
39838521
39845784
39847949
39852551
39853914
39855027
39855434
39856662
39857373
39860009
39861071
39861077
39862242
39862637
39864778
39869189
39870009
39870886
39871962
39873265
39873724
39873859
39874846
39877388
39878812
39879705
39879901
39884184
39885144
39889879
39892170
39892308
39894191
39907428
39907520
39908585
39909274
39910535
39910919
39911825
39914690
39915492
39918424
39919350
39920713
39922089
39922145
39923325
39929433
39929590
39932646
39939519
39950827
39951898
39951973
39952453
39952622
39953172
39953423
39953596
39954170
39962465
39962468
39962509
39962902
39968463
39970710
39971085
39971138
39973880
39975062
39976020
39978444
39978698
39984399
39987982
39988050
39991674
39993692
39998227
39999939
40002063
40002326
40005048
40005451
40009289
40010048
40010305
40010549
40011076
40015209
40015537
40017602
40020381
40020518
40023593
40027483
40028530
40029057
40029236
40033742
40033806
40036177
40041755
40042369
40042793
40050294
40052633
40053057
40054305
40056515
40056656
40057166
40060897
40064059
40065904
40069492
40070863
40071202
40072079
40074178
40075107
40076792
40078139
40080977
40085192
40090429
40093948
40096961
40101421
40102851
40106033
40107493
40108019
40112603
40112766
40113518
40114662
40116872
40118973
40118974
40119011
