1336709
1347935
1377002
1384667
1423318
1591732
1679931
1684850
1686725
1716362
1762941
1803324
1958596
1975675
1999338
2190855
7485740
7493140
7513540
7519049
7520267
7520269
7522538
7523212
7546836
7547235
7597286
7599041
7640047
7640208
7657383
7657384
7674092
7680893
7718890
7728149
7735557
7786603
7818283
7835097
7883779
7905277
7927946
7956364
7963669
8013000
8013783
8033152
8053493
8064888
8064890
8076351
8094008
8102535
8111386
8118823
8162331
8174043
8239076
8242631
8283348
8331291
8392475
8401536
8427784
8522328
8527388
8535090
8541113
8554149
8608980
8640724
8649785
8664051
8666367
8679004
8679443
8692233
8718514
8721679
8721685
8747929
8761369
8780740
8814449
8814703
8824725
8825920
8829627
8843005
8869100
8910896
8932338
8937773
8944328
8977035
9000573
9010231
9031070
9037893
9038605
9038623
9047394
9054624
9059327
9067756
9071910
9099970
9113074
9120719
9208900
9221812
9242456
9259397
9284922
9290950
9290953
9301456
9309118
9329586
9337692
9337693
9338102
9343165
9365836
9376195
9408754
9416838
9430782
9434825
9441778
9443036
9459157
9484829
9516972
9529927
9533034
9533755
9546059
9546285
9559293
9569050
9579562
9582015
9586287
9600210
9620551
9649138
9661661
9662253
9680114
9681828
9703286
9704919
9713990
9723023
9723024
9723038
9724087
9764816
9769950
9769951
9792154
9798205
9825836
9840184
9844609
9850064
9862519
9885984
9893667
9917132
9921983
9973923
9989828
10072601
10073663
10073665
10073676
10087941
10095448
10096970
10190489
10190503
10206274
10207667
10323080
10323217
10326590
10329038
10337991
10360788
10360791
10368694
10381517
10383705
10398121
10407675
10408787
10416986
10416987
10432928
10448303
10450752
10477429
10484976
10484981
10486318
10508562
10517501
10528923
10534768
10557071
10557074
10564948
10564952
10580847
10589764
10592324
10598144
10606081
10606174
10612810
10616528
10619258
10626796
10629631
10656431
10667431
10669552
10673626
10674013
10678366
10686936
10700868
10704738
10718211
10718212
10719363
10732753
10735503
10735605
10757120
10782411
10786679
10825146
10832938
10867151
10880552
10931684
10942797
10945493
10954869
10955731
10974636
10987229
10993958
10999741
11004671
11004672
11023613
11025381
11027425
11044641
11050663
11051239
11051374
11053922
11061602
11083071
11090962
11092975
11093059
11096420
11097227
11106801
11121242
11135438
11139324
11146230
11159753
11170280
11173149
11174479
11185522
11252305
11284033
11289122
11289281
11293726
11295080
11302339
11309337
11315715
11319797
11325447
11327534
11328534
11358831
11369655
11370630
11403041
11406645
11420676
11435310
11437099
11439364
11454518
11461092
11468183
11484788
11498785
11519857
11520573
11531258
11535556
11550287
11553863
11555595
11559534
11562177
11577014
11604067
11606370
11668479
11668501
11669339
11677115
11682648
11703325
11704866
11720475
11743649
11759829
11764090
11793443
11793474
11799138
11801559
11807984
11835680
11839095
11841384
11857392
11861406
11872638
11875779
11878574
11891537
11893247
11900880
11902578
11920788
11923604
11936585
11960007
11992381
12006527
12007217
12019170
12036299
12039466
12060398
12071807
12076704
12082016
12105992
12109862
12110502
12110621
12112314
12120703
12127401
12144684
12149228
12165459
12169206
12175345
12175696
12176837
12194754
12203794
12209590
12238774
12243811
12243922
12269992
12365037
12379854
12386822
12394187
12406399
12409262
12438652
12445682
12447653
12452772
12452773
12457032
12471212
12492368
12492369
12492370
12496062
12505256
12530090
12543796
12550754
12550757
12556232
12581894
12584563
12592393
12606140
12619102
12619104
12619105
12619106
12619107
12619108
12619109
12619110
12619111
12619112
12619113
12619114
12619115
12619116
12619117
12619118
12619119
12624785
12628849
12642870
12644821
12650907
12659718
12670525
12673364
12673679
12676907
12684392
12696070
12699063
12710683
12714698
12734658
12745272
12751374
12751955
12766905
12777996
12782576
12792793
12810261
12820330
12823203
12837275
12840112
12841124
12853350
12854888
12870229
12872257
12875622
12882083
12885464
12886318
12890146
12915879
12917637
12931731
12935924
12958068
14531287
14566852
14580228
14581362
14583457
14603341
14639659
14647431
14654539
14673037
14676802
14678961
14680398
14693375
14697642
14722922
14732923
14734461
14740296
14744758
14745430
14756543
14758132
14760384
14767535
14969745
14979369
15041222
15052934
15055300
15064494
15064503
15069679
15074392
15099937
15115677
15121773
15133292
15138484
15138854
15149862
15158001
15161345
15161352
15161373
15161374
15173255
15221786
15221790
15251941
15251969
15254976
15257941
15257943
15258697
15273281
15281320
15288541
15329912
15347601
15350302
15368100
15381368
15388813
15448009
15450401
15450416
15450681
15455376
15457096
15482572
15502225
15527327
15538112
15545967
15557758
15564288
15574780
15580553
15603511
15606307
15609317
15611505
15618958
15630097
15642401
15644269
15645489
15650765
15656799
15710230
15713227
15717000
15723564
15729700
15732191
15735124
15741061
15757248
15797331
15802278
15816639
15818805
15819981
15824188
15838728
15878142
15894260
15899386
15902285
15905205
15906354
15913393
15914282
15922892
15923430
15925506
15925988
15942101
15951970
15958551
15965904
15976115
15977174
15993272
16003749
16005868
16007211
16007576
16012732
16024113
16025287
16033918
16039051
16061860
16103055
16103461
16105905
16110022
16131817
16169062
16172461
16177659
16187738
16187785
16202123
16211227
16213358
16229746
16238441
16259369
16271749
16278824
16287156
16289503
16293976
16312222
16314841
16331344
16333835
16337994
16339756
16353134
16356391
16356835
16362795
16364249
16364768
16365016
16416221
16435911
16437137
16447252
16448675
16458448
16475613
16489069
16492679
16494995
16499995
16507123
16524972
16525684
16527608
16537709
16542006
16542834
16551709
16611260
16614397
16631474
16633321
16644204
16682429
16711514
16736287
16737921
16750598
16760301
16772121
16785766
16786124
16793127
16810312
16818615
16818665
16835507
16864176
16872365
16903935
16907706
16917930
16938577
16938579
16941491
16941637
16958302
16965961
16972754
16989164
16996204
17000754
17007547
17013801
17041903
17059853
17066464
17085196
17088904
17096342
17096406
17108106
17113725
17119852
17126995
17133269
17164278
17171684
17208332
17214366
17214514
17214516
17214517
17215851
17221157
17224268
17245700
17259658
17284368
17289876
17301252
17301692
17306604
17311302
17312781
17317953
17318340
17326708
17334176
17343214
17361558
17369586
17369843
17378523
17388661
17401424
17401425
17426443
17427234
17428325
17433223
17441198
17449902
17471156
17472350
17474797
17486638
17488735
17496437
17504517
17537232
17541742
17545525
17562439
17565818
17567834
17572079
17575133
17599946
17607506
17622940
17624591
17624602
17638400
17641416
17656254
17668284
17683073
17692090
17693666
17707273
17715673
17721920
17764544
17785079
17854663
17881637
17908957
17909070
17914575
17920683
17932356
17934643
17938203
17954263
17982131
17982487
17982676
18006756
18021719
18035414
18049450
18068527
18068537
18094375
18094376
18161655
18181179
18200038
18208484
18225585
18230133
18230179
18242117
18246963
18248785
18262501
18271932
18272203
18296270
18300021
18313840
18314481
18314620
18318116
18336951
18337559
18337610
18340660
18341636
18348286
18363031
18367114
18381604
18383208
18386191
18393224
18393238
18402691
18403774
18411428
18411429
18411430
18418864
18422993
18425359
18426989
18439086
18451213
18462472
18465328
18465330
18474303
18476495
18497077
18507046
18513854
18528419
18544968
18555592
18559976
18561747
18572327
18596741
18617062
18622497
18628487
18639569
18647660
18648627
18656278
18656689
18669439
18689542
18706692
18725321
18725978
18728663
18762572
18775979
18781614
18786438
18789822
18791921
18794156
18798306
18818700
18818704
18830930
18843282
18937320
18937971
18949611
18949740
18954551
18986312
18997737
19012332
19015259
19020536
19025975
19029147
19030178
19046423
19046801
19048115
19052714
19065760
19065769
19074170
19084934
19091625
19096302
19099573
19100509
19100519
19114327
19125417
19127094
19127115
19147582
19151620
19155291
19158830
19171829
19178978
19188171
19193430
19222838
19224462
19261598
19270646
19276375
19287463
19336573
19338683
19366907
19367287
19373781
19375154
19376640
19384064
19397439
19403344
19414295
19419935
19423538
19430562
19451596
19461506
19468865
19473449
19473450
19486858
19499352
19500100
19521721
19523860
19524575
19541936
19542078
19543899
19558663
19565339
19577857
19596263
19602465
19608020
19608668
19619279
19623649
19625214
19643813
19643983
19657731
19661141
19662811
19665069
19665071
19671334
19682377
19701813
19702643
19707196
19711436
19714488
19717094
19718455
19730444
19739123
19759556
19764997
19787241
19794264
19797907
19800766
19816195
19817901
19826045
19837266
19850740
19851859
19862502
19876867
19877175
19887606
19909015
19911701
19918835
19930417
19934603
19940524
19944185
19950227
19954513
19955396
19959073
19996217
19996219
20010306
20017945
20018398
20021639
20021828
20023260
20025891
20032382
20040103
20048189
20062014
20075707
20082853
20082880
20089604
20110284
20127014
20127253
20127977
20137853
20142599
20169661
20182602
20190805
20193843
20193851
20200430
20219441
20229506
20233468
20234365
20300207
20301891
20306449
20308654
20309662
20362235
20371694
20385474
20389250
20398418
20425836
20436704
20443677
20449797
20453538
20466735
20482849
20491788
20496166
20501846
20504317
20504346
20512840
20520810
20522432
20532484
20538734
20544840
20551268
20552298
20553493
20558835
20563922
20564066
20572016
20575032
20586629
20592345
20593220
20615891
20630574
20634494
20658636
20661249
20661450
20661667
20662834
20681799
20682393
20683407
20697090
20734458
20738310
20738752
20805372
20815042
20850924
20861852
20861914
20870288
20875869
20876940
20878066
20886596
20936707
20963481
20963515
20966084
20967502
21038427
21045690
21051533
21054160
21060032
21061796
21071676
21073496
21094160
21103049
21107729
21112961
21113594
21115003
21115891
21116856
21118481
21120662
21123835
21129811
21135152
21140221
21146886
21156242
21159183
21159612
21167021
21173142
21191409
21192060
21195855
21198757
21205967
21212030
21223253
21225465
21232794
21252575
21275969
21286777
21296169
21305319
21317445
21319261
21323513
21323870
21323968
21331359
21343334
21345075
21348641
21357744
21357788
21365326
21370130
21373875
21376395
21386967
21403619
21413016
21418946
21428456
21445348
21448430
21465532
21467160
21468597
21473292
21475450
21475903
21477265
21478095
21480561
21483000
21484931
21488255
21503581
21503588
21505135
21508389
21512767
21513535
21514041
21517233
21519010
21521181
21528007
21535297
21536413
21545224
21546086
21552211
21556366
21559393
21562711
21570352
21597770
21598212
21601526
21616106
21617227
21623257
21625223
21625792
21654706
21665181
21665182
21665183
21667122
21668955
21674128
21688173
21695702
21700777
21703421
21704230
21706156
21713341
21720382
21720999
21735667
21741128
21745313
21747090
21760703
21760996
21761402
21768053
21779516
21784522
21786572
21791238
21804386
21808882
21810023
21810437
21823831
21833626
21837677
21838531
21843334
21864926
21869931
21880462
21886589
21903770
21914463
21921327
21943018
21946351
21952824
21990067
22002975
22004116
22022528
22026427
22038701
22038927
22040862
22052707
22052810
22055991
22057359
22065914
22075982
22077405
22077486
22090360
22096025
22099172
22114738
22116280
22117044
22118929
22146521
22149137
22150124
22150335
22154617
22170717
22172840
22178231
22180176
22184967
22186996
22187033
22189267
22194206
22203015
22216294
22233476
22249977
22261445
22265402
22266861
22267755
22275381
22275998
22282309
22289634
22292621
22293932
22294769
22297721
22308293
22311583
22319594
22331725
22336942
22351035
22353881
22357201
22367371
22381680
22392042
22405092
22420423
22431589
22455664
22459764
22483234
22493413
22498492
22502699
22505350
22507745
22525470
22534715
22545084
22550420
22551440
22559303
22562509
22568511
22575263
22576012
22592801
22593484
22596227
22613405
22628563
22631671
22633876
22647487
22647615
22652532
22653586
22653678
22655279
22668018
22669776
22675170
22675488
22688387
22706378
22707033
22729912
22737080
22740959
22744426
22747700
22754205
22759751
22763759
22768103
22768805
22773013
22811390
22825821
22829934
22844323
22845047
22851211
22866089
22886134
22886512
22887876
22887998
22899882
22901123
22901309
22911296
22917926
22919278
22920207
22933333
22955915
22961628
22982087
22991139
22994752
23009112
23011884
23013791
23029043
23034890
23053941
23056559
23068099
23079576
23092908
23110309
23113120
23121011
23124483
23125046
23128792
23144158
23161690
23162292
23165352
23165797
23167333
23168175
23170979
23172776
23175693
23184052
23200676
23200980
23219661
23224642
23225982
23228226
23242803
23244159
23255406
23259501
23269799
23272046
23287532
23297687
23315874
23319685
23355100
23361940
23364678
23369851
23386643
23387809
23403321
23406297
23408911
23409163
23412385
23412905
23422071
23423487
23435014
23435461
23469205
23470568
23483183
23492839
23515929
23519249
23525797
23531339
23532381
23534750
23543587
23552518
23558569
23568549
23570263
23571737
23573956
23580068
23583669
23586029
23595658
23613880
23614766
23620080
23624687
23624782
23625637
23639785
23640975
23649769
23653000
23661019
23664366
23664447
23675098
23702729
23703846
23708211
23716179
23723442
23723465
23729685
23733769
23741403
23742673
23794094
23799110
23800698
23803369
23817105
23818355
23821376
23821658
23826404
23835706
23836017
23836507
23851502
23880140
23880211
23886144
23887291
23894400
23922104
23930239
23936455
23948750
23965232
23973262
23982177
23983256
23994684
23999628
24001612
24005049
24014294
24036547
24038464
24038938
24043769
24045667
24046089
24051696
24053468
24064928
24065105
24068557
24078161
24078450
24081673
24107801
24112103
24113472
24114315
24115240
24117128
24145651
24145670
24158910
24163806
24169260
24172824
24182354
24195060
24198462
24212482
24217197
24232458
24241960
24248532
24260330
24264229
24266512
24271138
24283248
24332043
24336192
24337371
24343843
24344754
24356563
24366688
24369748
24371653
24373500
24374662
24374933
24375191
24376578
24378760
24379271
24381225
24382691
24395704
24415659
24417973
24423178
24423316
24431303
24439230
24439231
24440483
24443225
24446292
24448834
24449472
24462521
24463159
24469904
24470056
24478183
24481542
24486587
24488880
24489544
24489863
24493299
24495481
24501221
24504419
24506545
24509157
24512488
24522546
24523612
24526178
24534481
24535903
24566897
24570956
24586820
24590827
24597984
24611901
24615009
24619868
24623239
24625245
24625788
24630986
24634504
24639781
24641375
24651021
24657665
24659575
24665023
24674866
24677579
24679006
24684350
24690081
24696834
24700732
24702488
24706533
24722400
24722541
24725250
24729566
24732641
24736457
24742936
24743222
24743655
24753184
24757317
24760004
24761875
24761888
24764719
24768217
24768477
24770931
24775443
24782034
24786892
24787013
24803582
24810334
24818791
24821728
24823795
24829203
24831771
24836762
24836763
24852242
24853176
24861525
24866151
24868540
24908601
24909177
24909504
24916693
24918944
24919155
24924261
24924774
24926616
24929325
24936644
24947187
24957073
24969046
24974868
24975017
24997154
24999452
25013160
25015562
25029526
25033756
25034526
25036404
25040077
25040181
25040820
25041017
25041856
25046107
25051299
25051409
25052705
25057921
25059482
25060098
25086664
25088195
25093836
25098371
25102761
25105366
25105660
25108461
25125257
25130056
25135238
25135451
25149524
25156865
25169478
25169539
25177931
25181402
25184754
25186767
25196205
25197357
25200035
25201062
25203442
25220666
25223734
25223755
25223899
25226867
25231260
25249451
25275037
25275295
25280564
25284491
25284618
25287991
25292094
25293557
25299233
25307991
25313908
25315281
25316267
25316818
25333414
25337237
25339039
25339994
25349305
25351767
25358520
25362357
25379018
25385265
25387813
25391375
25393000
25398078
25398538
25405759
25408652
25412851
25422255
25428385
25430047
25436609
25437714
25464386
25487151
25490678
25504633
25509187
25509356
25512709
25527155
25530302
25537146
25537218
25537220
25539912
25555420
25564201
25573202
25584008
25588639
25595558
25596702
25597471
25603536
25605158
25605197
25605254
25609485
25612309
25612911
25621025
25621298
25629980
25634208
25641428
25653076
25672981
25691460
25693086
25696844
25705224
25716545
25734904
25735654
25736369
25747431
25754580
25762628
25765855
25766353
25768405
25770298
25773284
25787918
25801242
25801700
25807269
25819169
25835179
25839701
25842498
25842826
25842861
25847421
25854391
25854408
25860933
25871546
25875736
25880213
25886164
25886176
25889195
25889455
25896519
25901683
25907361
25916844
25921167
25923085
25925845
25935255
25935441
25945745
25952993
25958320
25961778
25981898
25985938
25994230
26001956
26002555
26003292
26005655
26011298
26014290
26021170
26022239
26024390
26034701
26036258
26045840
26045851
26049273
26056802
26059825
26063617
26064201
26084614
26086041
26095926
26099726
26101242
26106001
26123119
26140185
26160192
26166714
26170120
26171916
26185030
26185311
26188904
26191259
26194887
26200835
26209050
26215675
26226484
26230955
26238069
26241176
26248031
26254388
26260781
26271412
26272063
26290144
26299666
26309559
26312160
26312831
26312837
26315382
26320449
26341700
26353976
26382048
26400160
26400171
26402821
26403419
26414098
26414189
26416416
26420962
26425688
26426381
26427666
26437693
26439224
26449693
26451982
26452166
26472209
26477306
26482041
26489500
26491944
26514544
26519348
26525204
26530486
26553387
26553592
26555776
26556035
26563132
26565591
26582795
26585234
26585943
26586531
26601720
26617924
26618902
26619844
26620706
26646755
26656232
26663043
26666818
26671300
26672768
26675982
26676339
26681051
26682919
26684585
26685928
26689115
26691054
26692154
26692951
26693057
26695918
26696550
26701415
26701625
26703669
26717387
26722315
26723900
26733670
26743471
26754533
26771088
26775696
26780934
26781615
26785263
26806567
26813759
26813760
26823150
26837699
26847329
26851439
26870891
26871476
26879698
26881646
26891131
26899019
26909997
26910472
26916894
26925680
26928246
26954070
26956143
26956429
26975930
26980051
26982726
26991344
26991699
26992948
27003724
27005777
27020587
27020606
27032384
27034379
27034505
27036047
27041575
27053289
27059324
27061924
27069256
27081179
27081505
27085458
27092879
27094348
27101868
27105536
27107065
27115383
27115384
27115385
27115386
27120784
27124102
27129168
27132513
27133825
27134073
27141010
27141080
27147571
27148581
27152024
27157990
27160020
27165350
27166782
27167113
27167196
27174363
27179933
27182622
27186304
27197205
27218649
27223485
27223487
27227383
27234536
27239089
27242894
27248473
27248819
27252594
27262228
27265061
27270786
27275664
27280975
27282582
27283772
27286260
27292869
27297285
27303212
27308354
27312428
27322458
27323394
27323823
27328919
27342962
27345657
27351128
27369359
27374106
27374712
27375016
27398116
27412263
27414035
27420405
27431420
27431572
27443517
27449973
27463065
27463284
27466356
27470445
27480870
27486974
27496084
27499097
27501768
27501770
27503997
27514406
27516001
27521330
27528217
27528400
27528736
27532290
27533080
27536319
27542210
27545002
27550854
27551116
27556692
27576846
27579625
27582538
27611608
27611742
27611952
27615555
27619989
27621308
27626065
27626311
27630122
27639846
27640185
27642012
27644661
27646734
27652322
27659536
27663899
27678008
27680515
27680605
27683180
27686405
27693855
27696251
27702651
27702824
27708434
27714481
27721307
27724982
27740632
27742075
27744260
27749915
27751354
27755861
27759562
27765352
27768124
27776972
27780855
27803158
27813088
27815305
27819720
27821766
27821812
27825110
27837441
27840695
27846614
27852141
27859003
27861885
27863768
27866339
27866833
27871254
27879444
27880943
27885271
27888558
27889902
27891503
27898708
27900000
27901479
27907203
27909343
27911979
27913434
27918441
27934876
27939982
27957778
27959731
27959765
27984487
27984642
27991926
27995947
27997337
27997533
27998224
28002632
28003275
28027118
28027556
28028119
28031746
28033105
28039262
28059098
28059768
28077799
28078112
28091804
28099251
28101350
28106906
28107180
28114597
28121262
28124295
28130034
28132886
28137790
28145225
28148293
28166664
28178280
28179045
28179588
28184992
28188630
28190247
28191499
28199840
28210099
28222664
28225682
28229579
28229968
28230820
28235487
28240049
28246192
28251968
28254861
28258055
28258440
28260929
28264936
28265066
28270529
28275206
28279309
28281901
28285689
28296509
28301507
28318026
28336930
28345329
28350084
28351583
28359080
28360149
28364582
28369138
28369373
28373458
28375484
28384067
28385779
28387325
28387921
28393355
28408749
28418900
28421464
28425245
28427187
28427202
28427204
28430579
28446506
28452926
28453411
28454424
28458254
28459200
28469092
28469388
28472496
28475293
28475508
28477316
28477317
28477877
28479246
28486781
28487787
28494520
28499219
28499267
28500233
28509937
28527473
28527674
28536640
28547957
28549767
28550191
28551630
28554075
28557976
28573494
28577130
28586030
28605616
28605617
28605619
28608976
28614910
28637689
28638459
28649645
28652265
28653879
28656264
28664940
28676915
28679301
28679689
28679691
28681140
28687222
28691153
28709693
28714006
28714514
28718729
28739746
28744014
28746984
28754073
28754818
28756477
28767039
28767562
28772290
28776759
28789369
28790110
28791403
28799801
28813624
28819011
28834365
28834809
28838393
28840050
28843398
28856073
28856550
28861920
28864397
28867679
28869600
28872635
28886272
28888994
28899058
28901493
28902083
28903342
28904012
28910164
28911001
28912668
28926144
28928856
28930868
28935426
28959337
28960258
28971451
28971906
28973705
28976149
28978051
28978265
28980058
28988289
29016571
29023799
29025599
29026176
29039119
29053175
29058986
29063062
29069792
29070607
29074593
29076966
29079594
29079597
29085461
29085664
29088763
29089978
29099487
29101206
29103024
29114260
29125599
29126407
29132330
29135520
29137250
29139064
29147214
29148539
29156679
29158805
29167767
29168598
29170254
29181861
29187446
29189820
29192130
29192272
29196411
29217530
29225165
29232178
29249799
29261364
29269520
29277758
29279027
29281902
29282038
29286111
29286614
29286914
29291215
29291383
29298682
29300620
29302583
29308633
29312530
29313943
29319823
29323666
29324801
29330202
29330617
29333597
29338567
29343974
29348863
29367587
29367758
29367998
29368980
29370655
29371207
29375708
29375876
29392648
29394005
29399192
29416773
29416795
29419674
29422776
29423041
29427417
29434452
29449409
29451912
29454261
29456550
29460960
29466950
29467486
29468637
29471073
29471084
29479097
29482350
29489434
29500733
29511347
29522268
29529297
29537649
29543677
29560751
29564827
29564829
29565482
29568386
29572005
29572122
29572430
29581140
29581837
29581845
29587485
29602769
29608185
29616097
29618932
29620173
29620196
29632819
29634976
29648492
29649018
29651325
29651718
29655027
29657615
29658252
29661169
29662640
29666004
29687302
29687846
29696732
29702195
29707124
29714670
29725898
29730572
29731921
29731965
29737433
29740198
29741809
29743724
29746440
29749584
29749796
29750247
29752319
29755129
29760565
29764856
29769261
29769598
29775997
29777913
29780774
29783665
29785653
29785775
29786075
29793878
29794145
29844131
29845068
29853601
29854570
29858379
29860059
29862874
29871934
29872345
29882679
29885057
29885407
29888503
29893337
29900037
29904909
29908419
29921694
29928384
29937183
29941397
29941676
29946184
29951581
29956783
29957069
29980405
29994072
29997966
30008754
30021014
30035249
30042151
30042819
30045945
30048458
30054425
30059832
30072235
30073996
30076369
30082886
30086334
30087719
30089130
30089598
30096626
30098763
30099074
30099178
30102306
30110634
30112858
30115697
30116199
30123132
30124118
30126368
30126398
30131529
30135483
30140169
30143034
30146126
30146365
30149877
30155914
30165392
30171088
30172241
30174725
30180862
30181917
30183082
30192230
30196239
30205729
30209161
30212483
30216591
30224644
30227397
30229283
30239254
30240537
30255938
30256066
30265285
30271603
30279957
30285883
30287880
30288482
30291345
30299350
30306263
30309383
30309854
30310509
30315623
30317074
30322319
30338509
30343103
30343213
30349649
30350198
30350349
30352075
30352134
30359636
30367486
30373884
30407916
30409772
30414230
30442727
30458197
30460326
30466751
30467244
30489338
30514802
30515607
30526087
30531145
30535478
30535581
30537212
30542790
30548163
30553462
30553611
30554333
30562757
30563882
30577483
30580883
30582853
30588330
30591959
30592087
30594749
30596752
30603043
30606076
30606176
30607672
30610102
30610160
30613473
30614587
30616092
30616520
30626249
30630526
30631542
30631578
30634138
30635634
30636898
30643076
30651364
30655613
30659026
30662044
30664637
30667081
30669647
30686012
30687640
30696354
30696584
30709381
30710454
30712002
30714987
30719141
30720243
30723127
30740686
30742011
30766968
30770327
30774760
30774775
30774815
30776175
30779094
30783078
30784913
30792212
30794721
30796655
30798634
30806788
30816478
30820346
30820786
30823646
30833364
30836431
30838093
30840781
30843662
30851334
30852355
30862120
30867754
30871527
30873587
30885352
30885723
30886117
30887755
30898612
30899200
30899304
30900104
30900772
30908539
30914417
30927980
30929389
30937530
30941510
30944658
30948244
30963592
30968394
30971355
30972814
30974190
30975914
30977208
30981688
30988165
30989234
30990221
30993195
31015202
31016814
31028217
31041842
31043658
31046065
31048320
31049827
31054911
31055723
31060593
31062529
31080868
31081129
31083348
31088835
31088907
31092438
31092812
31095781
31097096
31100334
31105275
31105705
31110156
31116024
31119730
31120902
31123786
31124283
31124563
31128065
31132650
31144295
31145688
31148360
31151164
31152665
31169221
31173230
31177126
31179560
31199501
31201607
31203995
31204947
31207701
31207703
31216325
31216622
31217894
31221662
31226417
31228622
31232967
31246118
31263054
31268585
31269435
31275382
31276706
31278009
31281482
31282927
31289209
31289210
31291449
31293648
31296581
31316092
31316614
31316750
31321083
31321604
31325764
31340630
31340981
31350530
31357239
31358900
31359406
31365877
31366114
31366730
31367336
31369573
31377432
31387111
31388924
31390152
31391192
31393631
31394872
31395065
31395785
31399545
31407494
31414564
31417310
31425802
31428295
31428721
31430519
31436390
31441045
31444400
31447067
31452792
31454863
31464368
31464370
31471586
31477813
31478981
31478983
31480804
31481512
31485255
31488557
31490007
31497354
31500291
31509758
31516572
31518438
31527074
31534534
31537689
31541927
31544704
31547867
31551407
31558321
31564192
31571107
31578743
31581548
31588562
31612033
31619231
31628423
31631150
31637877
31657972
31660579
31664085
31686737
31689990
31691804
31692772
31692929
31695837
31699989
31711466
31719050
31719169
31721533
31728854
31729120
31729463
31737202
31741107
31742675
31744167
31748977
31749828
31762593
31766274
31776228
31776983
31777536
31778928
31780660
31780779
31788124
31792264
31804006
31817717
31819692
31821389
31822380
31824279
31827503
31829441
31839337
31844270
31844556
31851316
31856443
31857572
31871844
31871924
31876640
31877751
31881331
31883435
31889631
31895498
31898094
31898539
31898864
31900123
31913924
31924585
31939190
31943144
31956380
31958463
31966627
31968253
31978118
31980600
31983017
31983162
31986125
31988438
31991488
31991614
31992951
32000721
32001373
32002654
32002804
32005111
32007736
32012149
32015093
32015491
32016984
32023774
32025000
32027746
32030889
32034282
32034480
32045981
32060420
32061310
32061548
32062672
32064880
32066305
32076486
32079537
32080210
32083300
32083570
32087070
32089220
32113989
32116712
32130732
32150865
32156018
32156073
32158625
32161023
32164171
32166848
32169874
32170402
32175330
32185220
32187703
32187847
32193389
32193467
32194690
32194736
32196516
32203095
32207313
32212199
32213968
32218835
32223488
32229792
32232506
32233050
32234152
32234756
32236967
32238876
32239370
32257467
32266641
32268084
32269126
32272775
32277542
32280037
32287321
32297247
32299384
32301350
32310940
32313423
32323793
32324779
32332925
32346068
32346712
32355760
32355765
32356355
32358077
32362171
32380172
32382660
32383811
32406493
32412177
32414002
32416097
32419782
32420253
32424519
32436611
32450216
32451170
32455687
32457483
32457520
32460015
32468587
32482751
32484602
32485079
32492656
32492903
32499530
32504186
32506786
32532104
32535722
32545367
32546626
32551999
32552660
32557628
32560038
32569759
32571901
32592343
32592449
32594568
32601264
32609349
32611648
32613269
32620097
32621334
32630614
32642724
32643812
32651972
32658383
32660851
32663767
32671623
32675277
32683791
32684626
32685475
32685741
32694238
32703491
32704022
32711437
32714499
32722340
32724153
32724429
32726539
32729661
32730593
32739866
32742376
32743640
32743759
32744690
32747829
32748433
32751805
32752620
32753898
32759975
32760007
32766142
32769036
32770099
32770960
32780611
32782541
32785787
32789496
32797678
32799124
32801318
32801341
32801762
32802943
32816950
32818633
32821748
32825230
32833105
32848827
32851091
32858135
32861170
32862455
32862873
32864042
32872120
32873702
32875577
32876735
32877671
32882831
32886187
32888145
32889036
32896505
32899294
32903909
32908255
32910383
32914010
32920697
32921957
32927274
32929406
32942535
32944629
32944630
32945487
32953734
32966936
32971129
32972771
32978231
32982282
32984917
32988919
32998877
32999047
33000282
33001991
33015533
33024147
33051313
33051812
33053575
33055209
33057635
33060089
33080624
33087830
33096424
33098216
33122580
33134183
33134795
33137095
33138793
33144694
33147142
33154093
33163847
33163904
33163985
33164579
33178750
33183999
33189884
33194065
33194542
33194757
33196012
33198130
33200377
33203919
33204162
33208228
33211826
33214693
33216732
33216890
33221858
33225656
33226141
33230179
33234482
33236159
33239613
33243093
33245408
33246647
33247178
33247697
33249291
33257846
33262834
33269748
33272697
33275947
33279959
33290961
33298101
33299560
33300245
33301036
33309268
33310890
33314017
33314730
33317922
33319852
33323544
33323826
33325154
33325634
33327514
33330629
33333693
33336725
33347393
33351476
33356494
33359019
33363700
33363824
33367701
33375991
33378012
33391264
33391418
33399480
33409623
33414134
33414393
33425404
33425890
33427498
33445456
33449224
33449813
33451973
33454902
33457005
33483624
33486841
33489866
33491154
33495869
33499365
33511952
33514515
33536192
33544795
33546249
33553389
33555293
33557266
33563889
33564192
33569305
33600210
33602681
33603488
33603772
33604233
33610131
33613692
33615752
33620775
33622270
33622989
33624422
33627797
33628731
33633026
33634999
33637564
33649166
33661424
33663585
33673859
33677472
33678118
33679144
33683975
33694273
33706682
33718018
33718183
33718561
33726775
33735891
33745946
33753878
33759598
33767783
33780049
33782505
33789615
33790580
33792631
33797953
33798656
33810361
33818021
33822961
33822973
33844639
33845248
33859071
33867306
33868791
33876327
33879103
33883929
33885911
33889023
33899789
33900379
33904352
33907694
33915913
33919505
33920322
33926488
33938208
33942214
33945616
33948021
33954816
33956533
33959414
33959694
33963002
33968663
33968785
33970096
33985476
33987243
33987408
33988304
33989438
33990091
33992829
33995590
34004336
34007049
34010493
34012291
34017087
34031188
34032749
34037458
34044650
34049842
34063609
34065345
34066331
34066756
34070291
34073316
34077778
34078654
34079753
34083505
34084225
34086865
34088750
34088837
34107377
34121230
34124046
34127506
34132777
34133388
34148055
34153306
34164277
34174984
34175504
34178618
34181170
34182597
34188519
34190520
34192651
34198491
34200790
34218582
34233584
34233959
34234806
34236050
34240179
34255353
34261406
34264855
34266904
34270331
34273903
34281219
34282771
34285062
34285380
34289655
34291682
34294873
34299056
34301750
34302605
34315763
34325986
34328246
34334649
34344882
34351647
34359836
34366328
34366423
34376372
34381423
34386081
34389799
34391748
34393505
34397726
34403063
34404905
34405395
34408439
34416907
34421886
34422118
34433584
34433970
34440884
34441352
34445161
34445495
34446762
34450259
34452612
34478609
34496723
34497363
34497762
34500495
34503094
34505757
34521099
34527851
34528544
34528662
34530752
34532128
34532467
34537545
34538072
34539758
34540351
34540492
34557222
34560882
34568352
34569598
34576266
34580516
34583309
34584128
34586743
34591432
34595994
34598317
34599296
34601169
34603310
34610339
34625038
34625931
34627261
34629881
34630515
34635074
34635775
34639121
34647439
34647981
34655190
34659550
34660315
34669159
34673573
34675114
34675373
34676052
34689087
34690091
34692401
34709361
34709507
34710245
34713298
34717674
34725206
34727807
34729050
34732238
34737209
34743076
34743450
34745095
34754447
34757142
34760688
34762129
34768775
34769213
34771529
34771553
34771559
34771656
34771665
34773090
34778250
34779146
34780712
34785767
34786492
34790354
34792696
34793697
34798839
34806851
34809800
34812534
34813121
34826422
34830747
34834551
34838338
34843402
34856153
34860572
34862243
34862824
34863587
34865212
34866036
34866350
34871733
34876602
34877770
34878954
34885025
34885220
34893110
34895923
34902987
34904743
34906214
34906512
34909835
34917611
34924820
34926267
34931562
34932198
34937321
34937948
34940820
34941867
34944936
34950877
34951009
34953598
34956360
34957666
34962972
34963807
34967559
34975158
34976720
34977100
34986057
34991725
34994652
34995174
35003302
35005121
35016432
35023452
35025619
35026842
35030298
35030630
35033575
35033608
35034043
35043155
35043946
35045962
35047821
35050731
35053544
35054285
35058939
35072374
35072516
35073573
35074230
35075200
35082295
35083527
35083778
35083818
35084091
35088582
35090167
35092378
35093873
35096627
35100698
35101379
35103816
35108372
35114947
35116455
35116695
35117817
35122027
35122028
35123410
35130959
35132678
35150083
35163828
35165262
35171439
35172133
35173185
35174643
35179215
35180531
35181378
35190375
35197752
35200387
35204775
35211418
35216740
35218075
35226388
35232817
35235808
35236053
35237000
35242623
35251293
35251978
35256783
35266256
35267450
35269416
35277463
35280362
35280756
35286522
35288759
35290266
35297213
35304872
35306447
35315319
35323988
35328276
35331964
35332311
35338673
35340160
35342850
35344507
35344582
35348191
35351459
35352025
35356917
35367201
35368662
35371985
35377946
35380714
35381145
35383291
35390143
35392296
35393784
35395835
35396345
35399106
35399143
35400008
35401171
35401671
35417275
35419288
35420690
35435331
35438902
35444951
35446794
35450798
35458469
35466759
35477123
35479302
35489185
35489754
35491653
35498386
35503707
35505580
35511646
35511670
35512188
35527329
35536754
35538119
35551107
35551110
35552454
35557033
35563554
35567389
35567779
35571038
35574352
35577980
35582925
35594781
35596977
35598358
35603034
35606358
35609991
35612815
35619328
35620479
35623679
35625568
35626039
35626649
35635631
35636055
35645146
35651938
35654360
35655142
35656070
35658479
35667517
35668302
35672254
35672291
35679752
35689561
35692096
35693277
35698921
35700150
35701440
35701533
35703957
35705773
35709138
35719104
35725469
35725923
35731312
35732666
35737165
35737407
35737408
35740488
35740610
35740649
35740679
35747847
35751366
35753528
35759659
35762927
35763353
35767244
35768267
35768433
35771720
35776848
35779323
35780096
35780773
35786616
35797016
35802645
35802772
35805147
35812732
35816664
35819196
35820297
35835991
35837095
35837383
35845182
35846098
35847579
35869277
35869818
35871485
35872366
35879233
35883535
35883598
35884443
35884448
35884510
35885641
35892903
35901354
35902728
35920317
35921289
35924157
35927263
35935605
35935965
35938033
35942891
35953760
35954327
35954380
35957663
35958506
35961859
35971249
35971601
35972384
35974365
35975690
35981147
35982446
35983648
35985681
35996546
35997095
36002660
36005054
36007102
36017858
36039053
36045334
36053203
36059262
36059664
36065989
36069815
36071247
36072013
36075047
36077736
36085319
36087189
36089905
36092312
36107118
36112962
36116599
36117041
36117108
36119488
36119510
36119511
36123588
36124964
36128143
36129137
36135171
36139679
36153247
36166584
36167255
36167829
36169893
36171565
36172359
36176752
36180435
36181537
36190964
36194647
36197410
36198274
36198537
36202685
36206476
36218325
36219266
36221953
36225622
36238360
36238683
36248191
36248764
36251447
36253711
36256461
36262972
36264169
36264490
36265223
36265889
36281401
36288643
36290859
36296536
36301721
36302256
36305094
36308711
36311816
36311969
36313700
36315007
36320308
36323304
36329109
36333506
36345800
36346122
36346676
36348001
36351964
36355424
36374307
36382415
36394085
36397669
36403175
36410939
36413407
36419756
36420184
36429016
36433934
36437356
36439483
36440695
36441045
36441214
36449602
36450137
36453575
36458434
36471402
36477655
36479077
36485102
36485136
36497403
36499753
36503478
36510487
36518309
36522487
36524293
36525028
36525166
36530526
36531241
36545710
36551611
36553570
36555140
36563059
36563883
36568387
36568519
36574363
36579453
36579622
36582540
36583000
36591909
36599110
36600315
36601958
36604421
36604691
36605468
36609632
36612026
36618808
36619267
36630200
36637878
36655582
36657266
36660245
36661413
36661736
36672841
36674747
36689646
36689862
36692041
36692074
36699863
36708564
36711648
36711871
36713848
36725119
36730675
36735768
36735909
36739824
36745547
36747876
36749725
36750709
36760264
36763853
36765703
36766853
36773404
36773668
36779909
36788081
36789815
36792084
36794567
36795079
36796534
36797243
36797268
36798689
36800249
36806581
36807649
36807650
36809053
36810856
36814558
36816942
36822563
36824134
36829544
36833388
36841672
36843983
36853312
36855778
36856940
36860196
36860655
36864384
36877634
36879351
36892252
36906277
36908221
36910346
36918558
36922358
36926116
36929788
36940176
36940410
36945617
36949957
36961831
36964217
36970920
36971051
36973138
36974826
36990618
36990622
37006065
37006273
37007549
37011004
37012416
37023617
37024846
37029364
37029683
37031678
37034005
37038985
37041128
37041626
37042869
37064157
37065257
37067391
37072703
37076289
37076395
37078412
37078708
37081749
37083525
37088806
37091148
37093763
37095494
37101199
37101567
37102302
37113088
37125127
37133731
37139024
37139921
37140445
37140954
37159554
37161532
37163614
37163715
37175937
37181950
37184985
37189770
37193700
37194615
37206196
37223539
37236033
37236507
37239075
37246175
37247280
37255422
37261522
37266578
37268465
37289476
37289478
37293351
37300745
37304756
37308557
37312528
37313982
37314136
37318904
37327702
37337284
37339263
37339484
37339579
37341203
37344660
37345120
37347719
37349159
37352385
37352403
37355363
37356294
37356458
37356984
37366281
37369741
37369845
37370821
37373225
37379264
37380630
37382471
37384219
37385845
37391803
37406453
37422593
37425585
37425718
37427135
37434813
37435002
37435040
37435228
37440313
37441266
37441428
37457016
37483430
37497753
37500307
37500626
37501500
37505914
37508646
37509476
37511329
37522755
37525904
37528644
37531077
37532830
37537630
37537667
37538036
37540457
37541389
37544307
37553514
37558684
37559592
37559636
37559881
37560228
37565929
37568609
37593116
37593416
37604640
37605254
37609627
37612638
37628868
37639153
37645609
37645796
37646663
37647854
37648962
37650627
37653074
37655432
37658148
37658234
37666990
37666991
37672936
37680633
37683111
37686565
37692491
37692509
37693555
37696786
37697274
37704564
37712717
37715966
37719989
37731390
37732185
37738460
37739292
37743495
37747019
37747813
37748270
37754531
37756582
37759468
37759818
37763132
37766562
37770618
37771083
37774058
37774068
37777824
37779685
37787291
37792064
37793871
37794678
37796679
37798292
37811917
37812042
37812599
37816584
37823008
37832364
37835441
37835510
37839402
37840069
37840151
37840519
37846894
37848946
37851120
37851898
37858047
37865506
37873210
37875973
37876556
37877748
37877779
37878531
37878888
37881491
37886163
37890328
37894716
37894764
37904553
37904990
37907595
37909012
37926558
37926876
37930190
37937506
37938093
37942552
37951208
37968991
37970196
37981695
37983092
37987115
37991919
38001699
38002884
38003936
38010733
38015519
38017337
38019903
38023229
38024632
38024667
38030304
38031025
38031755
38031760
38037073
38047081
38047587
38049834
38050059
38052186
38063316
38070598
38071953
38083865
38095907
38096363
38096805
38096950
38098502
38106140
38107067
38117861
38126250
38132447
38143763
38147236
38153859
38164123
38177134
38181584
38182151
38190345
38195541
38197078
38218680
38222005
38223534
38229755
38230850
38237562
38238849
38238975
38242891
38252059
38254847
38255960
38270700
38271745
38294664
38300383
38308422
38316675
38318814
38321554
38330261
38331350
38338673
38341302
38342156
38344324
38346271
38351430
38355749
38356461
38375203
38378617
38379097
38379328
38380548
38385281
38386541
38392212
38394494
38398394
38409229
38409586
38409598
38410480
38412388
38413253
38417666
38423375
38423379
38429210
38431700
38433979
38434910
38439876
38443436
38444004
38447012
38447451
38455404
38457554
38459566
38460248
38460798
38463349
38466858
38470482
38476373
38482738
38487343
38496764
38502251
38502829
38508444
38511425
38512505
38516899
38519438
38526643
38532476
38535517
38539518
38546638
38546693
38549229
38551033
38555766
38559022
38566216
38566314
38569880
38571438
38577139
38592011
38594116
38617260
38622369
38622424
38624056
38634119
38643353
38646877
38666907
38670091
38670879
38677009
38679547
38685100
38686583
38696200
38702444
38702830
38708593
38731819
38737272
38743086
38743206
38744822
38745917
38746214
38749849
38752369
38753354
38755420
38759318
38764296
38765410
38765899
38768424
38773723
38776912
38777834
38789333
38790205
38796530
38801208
38803860
38807682
38813716
38813981
38820492
38823763
38825256
38832214
38836758
38849603
38856690
38863730
38866964
38868979
38872053
38878125
38883163
38884125
38890297
38890407
38892462
38896352
38900156
38900212
38902320
38906885
38908000
38908277
38918516
38920737
38924867
38926874
38926972
38927876
38928318
38933650
38939511
38947384
38953139
38954907
38956684
38959335
38981022
38983993
38991177
38997261
39001430
39001691
39003380
39005167
39007051
39007733
39009483
39012217
39017822
39019326
39019959
39021553
39037971
39040185
39041683
39044692
39046056
39047382
39052000
39060302
39061962
39062707
39066480
39067934
39074355
39082342
39085957
39086589
39087065
39089654
39091612
39097602
39103840
39115724
39118525
39127699
39128004
39128337
39133963
39139286
39140716
39140857
39148095
39153927
39156705
39160638
39161195
39163733
39164170
39173723
39179735
39187692
39188277
39191772
39191994
39196052
39197898
39199557
39212645
39217196
39217529
39219882
39230950
39231752
39235515
39236289
39237877
39239510
39242607
39251494
39256983
39257174
39258211
39258234
39259678
39261343
39261919
39264591
39272147
39272927
39279246
39279707
39282132
39282821
39285519
39289671
39296452
39313297
39317423
39319553
39322633
39323997
39324446
39327848
39328078
39328365
39329956
39341197
39349613
39352794
39358429
39373023
39375483
39382626
39383878
39393313
39393354
39394554
39400388
39415294
39415516
39415918
39418036
39418038
39423944
39424488
39430483
39432092
39436921
39437708
39440241
39443355
39443370
39443700
39449732
39450536
39451031
39457497
39457663
39463991
39477439
39488600
39494088
39497415
39502104
39510702
39510708
39510710
39519042
39519400
39520074
39522069
39523521
39527463
39529767
39531992
39532066
39536285
39542753
39548077
39551719
39554167
39556303
39562552
39567206
39567320
39572322
39596246
39597086
39626942
39627346
39628102
39629784
39634561
39637685
39639563
39643218
39644031
39644032
39644062
39645526
39649276
39650061
39659584
39665206
39666195
39673796
39678362
39681089
39682089
39682267
39686898
39690539
39691246
39691999
39692923
39692933
39694330
39702904
39709652
39727015
39727229
39731938
39734593
39735888
39736248
39739376
39743256
39744115
39747710
39749497
39749499
39749516
39755503
39757328
39760438
39768557
39774325
39780207
39788694
39789538
39792433
39797946
39800270
39801239
39804531
39808796
39809662
39810221
39812318
39814695
39818283
39820649
39830995
39837367
39838079
39840171
39840379
39840587
39843434
39843568
39851967
39853269
39858058
39859407
39862074
39863109
39864054
39868745
39870629
39872719
39873146
39873732
39873981
39880909
39883441
39891677
39895904
39898462
39900989
39908432
39909041
39913257
39916426
39919462
39921582
39928773
39929723
39930150
39940804
39946151
39947084
39948069
39950267
39953363
39962599
39963439
39964763
39966827
39967707
39969773
39978233
39980520
39986022
39993798
40002239
40002579
40002862
40009500
40009784
40011351
40019487
40031975
40033809
40035191
40039878
40042734
40044674
40045309
40047370
40051502
40052122
40052999
40059001
40059232
40059525
40060699
40066944
40076854
40076972
40078172
40079077
40079250
40085954
40085959
40091081
40092919
40101138
40102292
40104745
40111422
40113013
40113043
40115325
40117484
