11370630
11528512
12939657
14684701
15324320
15736220
15761962
16114047
16365259
17182369
17431922
17609671
17637751
18292212
18634775
19142959
19353588
19530185
19663851
19903181
20410354
20556892
20871597
20959455
21063684
21204238
21211247
21558811
21567929
21610222
21643019
21646640
21986963
21990121
22065540
22069181
22310392
22367405
22496164
22574117
22607287
22740388
22855598
22922031
23250869
23463580
23613309
23686138
23906991
24092572
24377560
24398967
24466311
24488880
24662128
24675753
24734328
24823795
24893616
24983500
25189640
25209878
25218545
25325303
25573302
25983622
26117585
26208975
26470833
26695686
26882220
26890356
27028492
27063419
27146432
27351625
27359057
27485918
27798044
28054174
28293528
28403071
28420484
28522440
28690486
28849221
29048125
29130604
29140732
29180475
29236513
29341488
29454790
29477592
29481901
29486400
29763931
29885760
29956121
29956718
30190462
30283353
30419764
30428345
30447004
30453078
30563971
30641908
30643195
30719810
30850703
30910837
30924587
31025362
31050217
31102921
31124563
31144617
31204706
31333354
31420900
31493739
31553905
31557339
31594044
31682841
31927310
32034739
32067224
32106310
32168425
32447427
32476798
32619460
32687624
32762550
32856845
32881366
32953416
32989231
32993587
33126320
33159086
33222005
33294441
33471964
33622322
33633173
33674599
33906487
33906607
33920782
33964467
34321610
34345299
34370013
34391748
34401172
34583755
34612143
34629465
34703865
34727195
34827731
35102612
35124850
35130400
35222588
35480110
35586895
35587747
35593033
35595744
35711055
35801529
35831859
35898185
36009586
36190964
36389801
36468373
36856110
36863510
36873253
36919456
36970727
37006060
37070724
37150829
37158316
37182847
37205354
37247083
37257258
37308177
37364687
37432020
37451587
37453019
37601671
37729434
38002937
38190960
38281558
38357259
38406547
38476086
38481282
38509096
38528613
38585642
38685112
38720594
38746214
38791062
38933706
39023169
39049717
39117733
39152811
39157603
39234254
39364398
39409174
39910461
39915463
39929723
