9858816
10343122
10404087
11319797
11550287
11585734
11920588
12875622
14732927
14734228
14760085
15066318
15175114
17047653
17626635
19423161
19876867
20842728
21048031
21344162
21672615
23386643
23828567
23913810
24387276
24488880
24534481
24730526
24742294
24983500
25794170
26799587
27671304
28128397
28379612
28403886
28639399
28743687
28857253
28978663
29230693
29405730
29412778
29474580
29482641
29625110
29750302
29803931
29845295
29864904
29904939
29966969
30010111
30016766
30106095
30118890
30127921
30127981
30193732
30216569
30279010
30316927
30420492
30472379
30541897
30643007
30849274
30867410
31015368
31081944
31105851
31129247
31210297
31232491
31332036
31432138
31549851
31564201
31652459
31663517
31678571
31749884
31819485
31852961
31901156
31908524
31978409
32009796
32067207
32210621
32248369
32304229
32412786
32416102
32493915
32759975
32764992
32773110
32818670
32841514
32848417
32889036
32901838
33400379
33589576
33683827
34007135
34077761
34103010
34115613
34121368
34135078
34188235
34314802
34480734
34494506
34565015
34897340
34953598
35012518
35020242
35039758
35073920
35138524
35281863
35316908
35512496
35519003
35614413
35760009
35867729
35871358
35908104
36118078
36314251
36451215
36631448
36656267
36801509
36845660
36874617
37173692
37228027
37310655
37452786
37650871
37802724
37864123
38145290
38415554
38746214
39549053
39929723
