1495147
1532241
1645965
1679928
1829807
1834975
2057914
2119471
2216464
2509723
2514128
2516170
2543034
2675230
2842529
3101928
3362859
3477801
3553683
7486690
7629380
7669728
7713147
7972209
8046442
8264643
8433385
8441429
8481906
8494786
8587776
8761930
8779308
8857945
9028732
9099755
9259409
9401721
9406817
9532611
9597690
9597691
9831445
9857185
10440101
10556217
10573186
10650153
10771039
10821536
10831935
10861999
10894094
10931360
11147812
11223544
11270618
11325021
11553687
11821035
11859179
11967626
12568913
14672806
14711930
14758546
15077169
15152817
15187385
15187386
15216418
15350822
15383632
15454345
16040756
16209047
16474203
17381488
18072090
18516986
18701308
18795122
19175416
19261681
19355925
19374836
19609055
19686730
20602349
20821325
21552290
21556692
21728718
22197203
22250051
22883144
23336739
23553329
23810392
23911881
24075004
24386191
24613659
24900443
24928951
24999993
25221366
25664835
25765428
26005534
26100673
26168577
26603524
26699998
26939704
27228298
28093646
28123805
28578312
28583910
28688957
28787403
28870922
29312610
29466156
29503244
29532798
29606584
30083019
30188734
30204247
30242093
30350734
30510115
30579796
30664594
30901551
30936083
30938865
30993646
31163324
31256325
31271959
31406350
31469968
31486737
31575452
31738426
31738427
32105622
32201016
32319659
32328803
32329651
32383735
32422171
32521311
32550985
32574723
32841014
32891793
32892574
32914009
32949955
33004339
33148054
33251994
33358484
33409897
33411856
33435412
33467570
33558597
33604102
33611226
33652352
33752169
33785654
33834276
33893941
33994171
34049721
34209967
34213775
34303872
34373541
34534734
34834176
34850167
34906405
35007864
35091545
35108663
35135135
35178549
35201680
35201681
35204520
35231576
35299180
35333737
35334340
35362337
35372074
35406565
35420905
35426680
35587529
35617855
35672677
35716252
35755289
35815302
35843997
35927900
35961071
36066182
36089643
36235036
36410169
36511802
36579526
36606522
36760745
37082579
37121107
37132163
37169628
37262390
37336120
37407529
37738329
37757968
37833601
37910346
37945598
37988282
38029466
38227770
38271867
38322338
38329180
38496071
38586301
39614411
39778327
39823101
39869835
39951654
40030088
40068370
40100491
