7552144
7590733
7762982
7774956
7849708
7927344
8386250
8592324
8661001
8800442
8818940
8824721
9006662
9169136
9242607
9325058
9328481
9365783
9459002
9580671
9803264
9809973
9863590
9924605
9989450
10029074
10205261
10223128
10227394
10340649
10349994
10353610
10363127
10533066
10533067
10570911
10597376
10607950
10806479
10915759
11005204
11013456
11017715
11112665
11129334
11130985
11175345
11179759
11208653
11281455
11329144
11348592
11390358
11437991
11438694
11564212
11675974
11710839
11741833
11829138
11875047
12015165
12111193
12112044
12136010
12205112
12205484
12205640
12226091
12436247
12491945
12766909
12773162
12820960
12853839
14500340
14559897
14561707
14597398
14614311
14633685
14718525
15185396
15236319
15249583
15257730
15541811
15545625
15562827
15595939
15601645
15611338
15624760
15661536
15798777
15912141
15963462
16042315
16043512
16077935
16114042
16115814
16211238
16225402
16286931
16288003
16357142
16412252
16464865
16554133
16627617
16865226
16909113
16912167
16955503
16959613
16977561
16996505
17279540
17287951
17308101
17355907
17376623
17522300
17658474
17693255
18032745
18067135
18198340
18302728
18397877
18411301
18466115
18480009
18772611
18794342
18830229
18949383
19008302
19348060
19357198
19401700
19419980
19609361
19692352
19747374
19854379
19966866
20185476
20371605
20383465
20427478
20547222
20573703
20587805
20616807
20622004
20633017
20658316
20877415
21062901
21212099
21243421
21268779
21309039
21329690
21345208
21383064
21403402
21677170
21765414
21784859
21805467
21828270
21907282
22021912
22025691
22055460
22068588
22125081
22161988
22363451
22490766
22674026
22763451
22791749
22795129
22891340
22951983
23006675
23032259
23144943
23228442
23335988
23349360
23355874
23389244
23401075
23435171
23447678
23475984
23504366
23514105
23661441
23664552
23687350
23696872
23720219
23728315
23749404
23756443
23843608
23846400
23851502
23857276
23878397
23882125
24073910
24077282
24129405
24227713
24270422
24282297
24368778
24477276
24574959
24576459
24599401
24614103
24615476
24633152
24714658
24737435
24770722
24818661
25175012
25209900
25234729
25271321
25360538
25425965
25434723
25548102
25639352
25727005
25742127
25782670
25796537
25807795
25900779
25927202
26000908
26159807
26296742
26318033
26408672
26412398
26449264
26540169
26728384
26795955
26798146
26831717
26873267
26893383
27060308
27345385
27409169
27425891
27494029
27593484
27601261
27754935
27974549
28013293
28031543
28041914
28079897
28087349
28178598
28215400
28222202
28250050
28302097
28400571
28611587
28620021
28637240
28762286
28775826
28800130
28828560
28844017
28887784
28967907
28968464
29052576
29091076
29127155
29185092
29196670
29210524
29221145
29261847
29285181
29294307
29358671
29384404
29396625
29416749
29432982
29476190
29497474
29500070
29501742
29522719
29559472
29608144
29687738
29722913
29803333
29853949
29867896
29875165
29897930
29898392
29924882
29932062
29960980
30001482
30050412
30087333
30185506
30190613
30327302
30341633
30349304
30361061
30396185
30518907
30527742
30575479
30634218
30636904
30696882
30733194
30794603
30814890
30880550
31088250
31173608
31235817
31325707
31335987
31389395
31433805
31439508
31525612
31598936
31645902
31676823
31780742
31850909
31855466
31856217
31927531
31940336
31961824
31975504
32103336
32309432
32313033
32375878
32410883
32418252
32525804
32555378
32566257
32585629
32610114
32617785
32647919
32654957
32655475
32735081
32739207
32775915
32889144
32917966
32927859
33071758
33180365
33298910
33352197
33532487
33575875
33578443
33585271
33597177
33612456
33634104
33767704
33879132
33891611
33902956
33929310
33936036
33957945
33974911
33981751
34135323
34189423
34258163
34259631
34295558
34301883
34365025
34380034
34391197
34422335
34480426
34520980
34535574
34549170
34573383
34593703
34645973
34707679
34728310
34730894
34732708
34739309
34777691
34786536
34860161
34964695
35038236
35072947
35119931
35320707
35361372
35400999
35401609
35645731
35821566
35883484
35961105
35974258
36120601
36142537
36186130
36208048
36284344
36539038
36547785
36732866
37015817
37020385
37054644
37063680
37171398
37207814
37484752
37609221
37661807
37951160
38014839
38107744
38201256
38212374
38224281
38307625
38360839
38373162
38411613
38439608
38577417
38593872
38763768
38890443
39100442
39169069
39211158
39281970
39348490
39360672
39432612
39451177
39492623
39522702
39558452
39596632
39606797
39722056
39730094
39741564
39742639
39901197
39974887
40015654
