1674845
7546221
7547639
7558029
7591959
7601476
7624135
7651821
7704028
7774953
7894481
7916573
7972075
8564946
8619830
8634701
8777431
8789450
8799170
8806680
8824721
8824881
8825048
8828041
8833243
8845853
8933518
8954784
8990012
9006320
9006662
9076719
9108092
9140109
9186374
9210877
9250859
9266734
9285776
9302281
9306341
9321857
9328481
9399043
9399046
9405228
9452050
9463313
9529362
9580671
9647762
9714060
9765616
9772285
9829910
9831664
9928911
9989450
10069705
10096549
10205261
10335945
10349994
10377754
10483779
10491404
10504485
10533066
10533067
10570911
10577937
10597376
10607950
10619258
10633137
10660335
10732801
10735580
10782211
10823953
10827137
10831653
10879050
10891372
10944454
11005204
11017715
11068191
11112665
11115552
11129334
11175345
11185073
11208653
11281455
11336705
11348592
11376696
11390358
11403047
11406664
11437991
11438694
11521203
11564212
11603814
11675974
11710839
11741832
11741833
11781698
11812941
11829138
11836366
11950167
12015165
12037687
12045200
12062115
12097287
12111193
12127687
12136010
12136241
12172553
12172554
12192641
12205112
12205484
12364343
12377981
12417521
12468542
12491945
12504590
12512868
12566535
12679048
12700139
12708469
12711473
12718362
12752578
12773162
12842888
12869586
12884363
12913212
12957289
12970397
14500340
14559897
14561707
14614311
14627686
14641237
14651849
14654943
14718525
14729330
15024740
15093748
15120972
15121792
15178807
15236319
15340059
15466161
15545625
15595939
15611338
15624760
15716393
15757502
15772076
15798777
15851026
15874888
15912141
15937108
15963462
16027168
16027169
16032769
16042315
16043512
16077935
16114042
16115814
16150885
16211238
16237225
16244578
16286931
16322235
16357142
16388022
16391386
16424383
16452213
16464865
16537497
16554133
16595860
16624901
16627617
16636147
16707451
16740698
16757313
16816403
16835931
16877242
16904612
16905638
16959574
16959613
17034546
17077083
17120248
17185137
17245776
17268401
17287951
17373211
17409411
17658474
17671177
17888633
17909474
17975002
18032745
18056446
18085521
18094073
18298802
18302728
18381890
18386375
18411301
18466115
18490101
18568033
18587048
18611938
18650261
18670866
18792920
18794342
18818683
18854862
18958173
18974095
19095072
19143635
19150975
19155472
19176517
19250671
19258292
19259131
19332694
19357198
19401700
19419980
19422538
19443708
19516051
19584242
19590422
19593385
19596836
19609361
19631745
19648120
19695222
19843635
19854379
20033472
20062052
20145209
20146790
20159776
20160076
20169078
20235888
20237422
20404523
20404524
20412061
20413627
20427478
20478529
20530489
20581436
20587805
20616807
20622004
20633017
20639436
20658316
20706560
20818424
20882401
20927644
21036916
21056333
21062901
21079609
21123367
21134130
21205090
21243421
21309039
21329690
21332470
21345208
21383064
21407201
21407264
21418186
21482669
21500191
21533174
21593791
21602892
21613414
21784859
21808151
21868364
21886784
21910228
21949787
22055460
22169896
22287548
22442136
22456611
22490766
22492229
22607231
22628617
22707510
22770663
22791749
22795129
22867869
22903760
22915817
22923640
23006675
23022476
23123587
23144631
23244622
23254740
23265586
23348097
23359422
23389244
23402778
23426956
23447678
23469683
23504366
23514105
23580196
23604129
23661441
23687350
23695213
23732640
23738537
23749404
23756443
23757617
23810393
23818547
23820898
23846400
23867796
23870192
23878245
23878397
23895284
24075384
24296756
24304514
24318044
24372178
24395886
24398473
24444419
24529380
24591652
24606538
24632604
24683199
24714658
24737435
24748662
24770934
24794161
24840834
25088526
25114803
25165580
25185584
25189766
25234729
25281918
25360538
25476905
25550342
25602702
25613864
25653279
25654764
25700280
25724664
25738543
25742127
25782670
25826530
25844891
25927202
26027069
26077033
26257239
26318033
26345496
26352760
26374334
26385560
26391395
26408672
26432869
26540169
26550928
26563443
26693177
26703369
26728384
26734657
26742086
26775702
26824744
26831717
26837766
26868506
26888596
26935540
26975583
26975632
27031579
27048565
27060308
27078846
27098396
27176796
27194594
27216612
27263037
27289491
27380318
27395420
27409169
27493206
27494029
27542907
27595512
27655785
27748010
27751352
27756752
27768862
27776463
27984090
28013293
28041914
28061838
28087349
28092822
28127866
28178598
28202529
28211972
28215400
28222202
28286738
28289099
28302202
28327903
28344003
28613922
28620021
28685940
28695825
28786492
28810331
28816269
28827467
28830860
28888969
28895704
28938574
28967907
28968464
28972182
28973543
29018776
29089812
29122219
29167182
29196670
29221145
29265517
29291576
29308833
29315486
29396625
29432982
29476190
29500070
29509898
29632054
29666741
29669930
29758070
29764404
29766046
29843636
29932062
29966750
30024541
30099761
30115483
30124871
30184535
30190613
30236073
30266989
30297842
30303819
30327302
30508035
30535437
30542441
30585697
30622053
30628968
30677091
30684133
30700906
30774414
30816188
30838931
30872599
30902078
31034819
31077186
31098421
31154346
31176519
31182472
31182914
31207499
31273045
31317616
31327863
31335987
31410193
31420607
31454656
31461347
31505689
31525612
31542468
31591157
31597506
31599805
31654225
31655562
31676321
31783925
31799751
31820275
31847710
31850909
31855466
31856217
31863340
31878201
31927531
31940336
32017698
32034602
32037392
32045362
32063747
32078667
32103336
32193183
32308763
32313033
32342514
32346419
32461669
32502382
32533299
32555378
32604168
32610114
32610380
32647919
32652105
32695431
32705128
32725466
32771207
32781001
32783984
32804443
32871942
32873234
32912901
32917147
32917966
33054857
33074564
33076974
33177398
33210484
33325825
33344249
33401933
33421197
33485185
33517515
33561653
33581549
33623416
33634104
33694273
33742095
33773987
33863288
33888601
33891611
33929310
33987378
34032888
34057840
34083294
34096024
34177431
34198993
34253722
34279736
34422335
34465349
34480426
34481229
34487535
34544857
34561551
34573383
34601081
34741623
34756499
34860161
34876325
34880877
34964971
34985374
35005118
35060563
35093450
35119931
35121635
35142283
35143341
35149865
35151688
35231481
35275792
35288456
35359406
35450293
35625437
35692821
35810047
35810048
35814251
36077111
36181622
36208048
36220392
36229297
36277492
36331254
36348010
36357396
36374318
36388798
36400753
36403891
36453965
36473049
36493622
36510186
36572026
36581342
36586433
36715448
36732866
36733258
36759189
36823378
36842323
36895714
36965015
36979978
37015817
37036518
37041531
37088138
37098579
37144254
37152430
37160904
37173860
37228977
37251941
37271041
37273756
37292722
37293130
37311496
37335208
37431128
37449548
37545094
37679051
37740860
37788104
37792789
37843443
37877150
37892277
37914149
38081750
38081751
38107199
38117060
38212374
38255309
38273422
38373162
38411894
38412945
38505042
38528398
38574666
38590655
38596252
38601768
38603796
38661550
38685184
38715652
38731914
38740392
38822085
38895266
38895292
38895336
38969533
38970490
38993124
39050051
39089178
39095963
39142021
39167602
39187374
39222864
39323690
39383590
39386441
39416123
39514407
39522702
39566655
39571694
39596632
39602293
39654514
39716490
39722056
39792305
39811056
39862344
39867804
39877967
39901197
39902087
39947931
39959682
39962118
40020127
40037376
