7558001
7849406
7870588
8586425
8660980
8661130
9001233
9083040
9252416
9299233
9678333
10679248
11306578
11463825
11821379
14673161
15096518
16872448
19783846
22158538
22389253
23029227
23280334
23775717
23861105
24097336
24498085
25231745
25267526
25311244
25412851
25553291
25706610
25964599
25965570
26303517
26508027
27058230
27152843
27435003
27566151
27776121
28067246
28219230
28395441
28938223
29057546
29199511
29242616
29321554
29516544
29535431
29649018
29991672
30147479
30322915
30334576
30341906
30827760
30842218
31011167
31144421
31504847
31605415
31754743
31826693
31836708
31895624
31992135
32023759
32027245
32150510
32343311
32358566
32525734
32958768
33122737
33137094
33283729
33314767
33330095
33337267
33404690
33414485
33477033
34034558
34183647
34203454
34215620
34469727
34546980
34573985
34581783
34893123
34896936
35041928
35303483
35434831
36129843
36139566
36168520
36586169
36922625
36942631
37403747
37487637
37591942
37665761
37733759
37735430
37975232
38088204
38164756
38311386
38370617
38417135
38883705
39314447
39425009
39814107
39927329
40066790
