16772118
19513072
21514426
21556051
21593191
21651863
22056852
22170434
23201130
23275705
23587173
23826418
24072565
24114735
24699941
25161877
25760688
26000042
26062455
26207029
26998166
27129209
27528424
27588470
27591192
28260026
28657121
28767320
28881292
29021715
29268240
29303411
29575713
29576589
29596365
29630110
29904125
30116193
30146342
30602302
30693031
30914455
31037155
31067633
31186759
31258721
31353228
31646760
31662448
31679088
31870550
31875843
32039034
32103339
32505346
32863949
32899896
33050659
33051417
33133187
33223052
33396624
33487222
33622397
33630978
33665229
33782624
34186008
34257576
34331954
34354374
34488675
34620747
34858987
34992437
35124721
35332135
35516403
35571064
35615976
35671859
35804892
35837197
35866591
35903365
35917055
36069832
36087247
36225317
36292703
36548081
36576436
36628278
36775260
36860312
36930831
37139241
37215954
37284894
37293152
37335710
37377594
37486389
37496990
37535572
37580802
37803076
37848988
37958642
37958776
38009019
38102624
38348716
38370368
38412672
38577722
38634120
38637730
38645409
38690615
38828693
38917963
38949026
39032892
39151295
39214909
39307934
39334908
39353974
39448441
39479352
39499012
39614426
39976649
40049430
40074069
