12093161
12413694
12783858
14506283
15247261
15254178
15494000
15749019
15808506
16160161
16402859
16474402
16537633
16964248
17442268
17651432
17927229
18410486
18590780
18952891
19124652
19671755
20713061
20800574
20816748
20885946
21131231
21138959
21170034
21268065
21305000
21468692
21468693
21745816
21845734
21981925
22361354
22411829
22466611
22514345
22520747
22520753
22621766
22634009
22672935
22750444
22901115
23178935
23348568
23684893
23760561
23775119
23973222
24136231
24141283
24144979
24190967
24335168
24598911
24694308
24719792
24832601
24900381
25003721
25172512
25266658
25358258
25435364
25483066
25509187
25519684
25605328
25634095
25665036
25694600
25695151
25836587
25885523
25894431
25960197
25961918
26017280
26046769
26120032
26175158
26210801
26299963
26365382
26460617
26673319
26678539
26768359
26786098
26950370
26971997
27123371
27123980
27183383
27183903
27302477
27308573
27372520
27374980
27386854
27452404
27477698
27568561
27590858
27632941
27780924
27800609
27829160
27863226
28061330
28108249
28137592
28216017
28246399
28280111
28288134
28406480
28415632
28418900
28495793
28587923
28591556
28621941
28650472
28655758
28656291
28768102
28807012
28900000
29045385
29045389
29045831
29049989
29056420
29056421
29065837
29166018
29168472
29200206
29236775
29249604
29323787
29337966
29343584
29416040
29482658
29541367
29574466
29688809
29748603
29795372
29899379
29967688
30024656
30026332
30182448
30206189
30224337
30344943
30367141
30370059
30474907
30546088
30628051
30647135
30651545
30679505
30679821
30680060
30697058
30786932
30804394
30807924
30842349
30872372
30897496
30905413
30972393
31068665
31114498
31130994
31278054
31502386
31519875
31527801
31653879
31666375
31730000
31775559
31801860
31822558
31934041
32029476
32064169
32064756
32092586
32101223
32115872
32130729
32210275
32282203
32300595
32302140
32440780
32453339
32497973
32587091
32593692
32603670
32781219
32788207
32802178
32802195
32820040
32850836
32884836
32929379
32966862
33006472
33012787
33040080
33063944
33095475
33106424
33127578
33157193
33170804
33207738
33221768
33241864
33251438
33279577
33434305
33437851
33460997
33544460
33584299
33664368
33684824
33768140
33777676
33780361
33827814
33849069
33856059
33869052
33895173
33933455
33963175
33967786
34055773
34113809
34331380
34368006
34469054
34474304
34500587
34518535
34553755
34556124
34558642
34562828
34580281
34644576
34854226
34921745
35005106
35035685
35064359
35114313
35173534
35183794
35322810
35343357
35411950
35414773
35414777
35432716
35523402
35536398
35538032
35593311
35686454
35691827
35696794
35732625
35736959
35753056
35789255
35800757
35821281
35852517
35852892
35931679
35947662
35948545
35955807
36032091
36113266
36130505
36152057
36186590
36243803
36249371
36264362
36273318
36291159
36302555
36332031
36342772
36386139
36428632
36436754
36454192
36466803
36629250
36631899
36669491
36734974
36791810
36812797
36878903
37006049
37014752
37062218
37080417
37081042
37105726
37117185
37127084
37196079
37199589
37257587
37290391
37291217
37333461
37373211
37449524
37488195
37535148
37607592
37748664
37762082
37775071
37789645
37829803
37867415
37874827
37890652
37946202
37961719
38015852
38057857
38082439
38097136
38108838
38123574
38126281
38129408
38130306
38215174
38229971
38254206
38265984
38276639
38279869
38287116
38317750
38374239
38376239
38382779
38387527
38402183
38467635
38468948
38474017
38555840
38573832
38589688
38597345
38602256
38625581
38672118
38702792
38723908
38734583
38735043
38735270
38769122
38788355
38795349
38815879
38879877
38952059
38966570
38974119
39007840
39028938
39066661
39107958
39117072
39128723
39133975
39142713
39173720
39190345
39190377
39193909
39293304
39298085
39310812
39321430
39346543
39346740
39393471
39406703
39412987
39435002
39441669
39488705
39499616
39505147
39522755
39531046
39626929
39651622
39674001
39715932
39767641
39806439
39815132
39821265
39862434
39880128
39885534
39887666
39919828
39921129
39939725
39946796
39985032
39999290
40000422
40000557
40006058
40057674
40087304
40104064
40106350
