9499428
17713478
18003914
18039863
19330029
20123895
20300060
20505331
21095589
21209387
21803287
21828135
21834846
22002947
22056667
22192413
22306297
22377896
22493065
22562205
22570628
22589717
22949634
23028370
23365460
23925944
24058866
24265704
24336022
24465480
24491801
24527667
24561908
25071154
25075093
25075099
25320243
25512285
25552720
26303947
26306033
26431949
26762983
26819089
26944678
26999603
26999609
27106782
27151432
27367247
27384759
27422088
27458035
27533081
27671333
27992400
28102220
28130569
28461566
28529687
28534508
28732206
28970783
28977932
29045832
29073101
29351209
29421189
29483212
29542684
29551674
29632194
29736013
29740925
30006524
30166694
30516825
30628063
30718900
30753822
30987376
31044091
31139021
31221981
31285428
31335488
31495776
31595154
31629465
31685800
31888209
31959746
32071397
32215989
32326336
32679064
32977832
32989154
33033055
33174606
33253789
33337267
33553483
33633164
33852868
34262032
34465286
34526716
34602570
34661759
34667079
34673825
34798044
34824202
34883214
35128450
35346967
35676242
35701672
35788583
35882982
35896254
36309561
36412518
36607616
36813208
36928413
37198323
37288854
37300822
37370727
37454119
37464071
37546969
37679762
37692474
37861693
37933645
37951955
38001607
38214211
38246115
38353647
38424563
38527695
38576048
39060048
39206412
39493372
39707168
39763836
39779477
40065718
40098175
