9843681
10636924
10713703
10849438
11274147
11328862
11340169
11413196
11684704
11859076
11911819
11994416
11994417
12386169
12411320
12496381
12578851
12616499
12618295
12635144
12670394
12799016
12885870
12917349
12920122
14530369
14592821
14623913
14749335
14764585
15138177
15182247
15456756
15652748
15699036
15845902
15850391
15864311
15872091
15970675
16137676
16169499
16285729
16380231
16474842
16582911
16709244
16778192
16887996
17015685
17050525
17060455
17237383
17275330
17326776
17550897
17584603
17590270
17855053
18064043
18094167
18160397
18160398
18295596
18511940
18589439
18642942
18792405
18925966
19009524
19060239
19100858
19207108
19232731
19454683
19533802
19542442
19597340
19747912
20005136
20009105
20011522
20028078
20138987
20141838
20368159
20457609
20561557
20638113
21151158
21178006
21344162
21386095
21490975
21606370
21632469
21647562
21856460
21948080
22133616
22253833
22351766
22432082
22456277
22474331
22534133
22864683
22934252
22956543
23058036
23271736
23325923
23342133
23391492
23435399
23437269
23537630
23825946
23856093
23897818
24332539
24532586
24880064
24905577
24962430
25313137
25356403
25426554
25531316
25539813
25977335
26043137
26163585
26353933
26396925
26990002
27188442
27282569
27438086
27449297
27480083
27707912
27893715
27930920
28053322
28062691
28336434
28446790
28470865
28832024
29097023
29136506
29235178
29285198
29369410
29410283
29532991
29658179
29704636
29991650
30146815
30250888
30297765
30410484
30833082
31072447
31385301
31654719
31888228
31938123
31974114
32079227
32143292
32190703
32277014
32317318
32341385
32380774
32471123
32767384
32992343
32993067
33165749
33574559
33705794
33846812
33994185
34147481
34252536
34617326
35174079
35326399
35443168
35584138
35743776
35752351
35895495
36539521
36541400
36617975
36736910
36876153
37174676
37282474
37403092
37545183
38441379
38565808
39060140
39301900
39589030
39813169
39990418
