10728593
14710191
15228644
15498124
16782017
17584866
18035938
19002718
19906867
20522712
21839498
22007135
22049531
23520166
23770346
24046321
24338711
24523457
24744435
24903752
25075012
25377552
25543087
26072347
26124351
26198291
26253536
26622498
26655899
26722441
26870778
27145366
27159393
27477767
27508026
27527412
27621059
28087600
28143848
28233432
29169284
29345176
29387205
29542815
29717026
29777777
29995950
30006544
30071673
30076714
30185550
30389746
30581003
30607882
30629798
30809300
31038457
31191213
31203132
31239267
31452940
31562136
31574534
31966751
31980567
32004508
32016798
32132179
32154654
32259068
32259632
32342645
32418202
32483144
32534464
33040837
33067561
33128283
33167678
33288846
33313243
33708430
33771898
33875575
34103491
34133928
34200994
34206901
34373709
34532418
34750583
35264012
35271504
35316211
35337853
35499075
35600335
35695662
35794983
35865663
36129367
36166215
36369987
36617735
36753373
36764279
36766725
37097004
37124061
37191285
37244296
37416763
37486100
37534013
37759531
37837447
38092144
38203550
38228141
38573853
38847478
39131391
39514676
39540281
39697755
39886980
