11934854
15073147
15228644
15459110
15498124
16291795
17109192
17513698
17698971
17881491
17983459
18086000
18094729
18202785
18317782
18380533
18513850
18513852
18701503
19098893
19337377
19553626
19700204
19875757
20019880
20140301
20303008
20420808
20501856
20540786
20599960
20702774
20848132
21249429
21343907
21362767
21458805
21468688
21495021
21638020
21640331
21665990
21706043
21743435
22086907
22129133
22147017
22195699
22231433
22292637
22322423
22429695
22433249
22519966
22569286
22592917
22615958
22649102
22670172
22682770
22685266
22692279
22729570
22739211
22776467
22827927
22840423
22841939
22895562
22903062
22915033
22993299
23021322
23029477
23060442
23093658
23093773
23108136
23132244
23149126
23166713
23204297
23216836
23318133
23352645
23374253
23383089
23404364
23536895
23547170
23553563
23554936
23560444
23600302
23637333
23673188
23730402
23745581
23770346
23794399
23848209
23863481
23867971
23884416
23888777
23900206
23954351
23959107
23972394
23976881
24083078
24097272
24114200
24131746
24152156
24155090
24169552
24194905
24330824
24353059
24403492
24595984
24611881
24624789
24625025
24630601
24652518
24671265
24687604
24712925
24766213
24814888
24823635
24850176
24855100
24891362
24913675
24928387
24971577
25122061
25130874
25135429
25213694
25328912
25329689
25414343
25448984
25483406
25488073
25488616
25563886
25589622
25617660
25641131
25648303
25658474
25700976
25714003
25742620
25759071
25768009
25804797
25805644
25860916
25926745
25972323
25977369
26002049
26074693
26079540
26089392
26175939
26200943
26243699
26261495
26269515
26274316
26274923
26284131
26287601
26311411
26325091
26336827
26346498
26372896
26396534
26402430
26414127
26439224
26475697
26476544
26544730
26553653
26563191
26578958
26584565
26592494
26615857
26620922
26622771
26769101
26770433
26823724
26852650
26861159
26861446
26885006
26893674
26938051
27002940
27015364
27028822
27035554
27110129
27116510
27146208
27163696
27175642
27195611
27279347
27327585
27362808
27375487
27449609
27463284
27472224
27541266
27555783
27564462
27578780
27588479
27608888
27627987
27638877
27641667
27732931
27766947
27777493
27779709
27819721
27846231
27913726
27916780
27932624
27975171
27991577
28008154
28042950
28045923
28053194
28078509
28087636
28098292
28102286
28122882
28131600
28147320
28179359
28222438
28230770
28233432
28238531
28241827
28241836
28246395
28252641
28301874
28302689
28330603
28338654
28358369
28377452
28399173
28404865
28424164
28425270
28443475
28504716
28520992
28564590
28587437
28640846
28651835
28652379
28686658
28687357
28710035
28738498
28744693
28811677
28826364
28841807
28849033
28849133
28927665
28938163
28944834
28975998
28984028
28990049
29037991
29043461
29061162
29069797
29076766
29085180
29118335
29137376
29146554
29196658
29218099
29228421
29246327
29251369
29263143
29285265
29330351
29353142
29367761
29378067
29382598
29386057
29386650
29387205
29403376
29410027
29413593
29436641
29437897
29474747
29486133
29507055
29512752
29514082
29533820
29574902
29593418
29607113
29618931
29669735
29693741
29706652
29725086
29731825
29734754
29749553
29756413
29761299
29843550
29866133
29888133
29901792
29904424
29907957
29957468
29958090
29974845
29989583
30003121
30007476
30008907
30015904
30060750
30064229
30075174
30100520
30120860
30183452
30206412
30213277
30215845
30223385
30250022
30253191
30254304
30294253
30310054
30323681
30342949
30362573
30385613
30385772
30393491
30396905
30408478
30429891
30476901
30479372
30483126
30504433
30510452
30555351
30571388
30580148
30584257
30601675
30662269
30670628
30675307
30696066
30718358
30736462
30740671
30755242
30755600
30786776
30806494
30837605
30842454
30851425
30858542
30881041
30886152
30896872
30899133
30909190
30912054
30928097
30935424
30947018
30952738
30952866
30956468
30972298
31023337
31037899
31059067
31064993
31068094
31077271
31081125
31082770
31098995
31117124
31127654
31144303
31173277
31174285
31193034
31193299
31199170
31239037
31239039
31254006
31265620
31268155
31289995
31318171
31322171
31346581
31364104
31370204
31387585
31394786
31400609
31402291
31408201
31427543
31449822
31468685
31469872
31473834
31486713
31486735
31501519
31518897
31524543
31525711
31528310
31545077
31545453
31545934
31546232
31583032
31585904
31586488
31587503
31598402
31602917
31605007
31631037
31633290
31638231
31639291
31644596
31652600
31667686
31673071
31717500
31719795
31728130
31754927
31759628
31766690
31786874
31788092
31799179
31811909
31840004
31840205
31847469
31892982
31908490
31908532
31909182
31922013
31934626
31943890
31957834
31958751
31966751
31974361
31975545
32001672
32003128
32014908
32042099
32043657
32059772
32065361
32084582
32085544
32091151
32103934
32107606
32116289
32122654
32127237
32158203
32165827
32182608
32190292
32195022
32198489
32209654
32217110
32236863
32238141
32238989
32240747
32248186
32270475
32276209
32277427
32281700
32329664
32331433
32347357
32361789
32377747
32382279
32393810
32427128
32430042
32439934
32467996
32473223
32473645
32504788
32506171
32515360
32525044
32549760
32550907
32560565
32572886
32572932
32579471
32584845
32585853
32592723
32602008
32616068
32627090
32660198
32680978
32718338
32721475
32733887
32756011
32760272
32766160
32767322
32776826
32776977
32782604
32787533
32793663
32801880
32805486
32824922
32864004
32876075
32882641
32884298
32899767
32905904
32917003
32936287
32944017
32944400
32961354
32980316
32983957
32997825
33000256
33015767
33022212
33078418
33081836
33116606
33121296
33121336
33135394
33139818
33145353
33146672
33154675
33162828
33186278
33187481
33190376
33195615
33200797
33224312
33230468
33240988
33260695
33280526
33315517
33318617
33330483
33344118
33344666
33362712
33394094
33398131
33499313
33535182
33576890
33585261
33588662
33589929
33590855
33596666
33613033
33631172
33632325
33637885
33640712
33718179
33732386
33737125
33748044
33776483
33788916
33792526
33800431
33808900
33869051
33875575
33888767
33923753
33928595
33947308
33953532
33957117
33958655
33962397
33986189
33987885
33988523
33994507
34012879
34059068
34076977
34079802
34081380
34081870
34092624
34113125
34118146
34136476
34147483
34162144
34200782
34206143
34226531
34247156
34258298
34274912
34285351
34288157
34289832
34306080
34316716
34334080
34336125
34352236
34359722
34370714
34384056
34396445
34411571
34422800
34423029
34430434
34439098
34440447
34480024
34489549
34494412
34497510
34498313
34504569
34519129
34520751
34539892
34545676
34655915
34658294
34659529
34662685
34664319
34676880
34692524
34693874
34696659
34697590
34700050
34703899
34712608
34713920
34717920
34729115
34749352
34751117
34762771
34766845
34778698
34781124
34789921
34795595
34811346
34817293
34826615
34863886
34870494
34873303
34881629
34887365
34902342
34913073
34927541
34975330
34977016
34995339
35026214
35054871
35054929
35059733
35088919
35094168
35096629
35116423
35118493
35142404
35149432
35153764
35163396
35173146
35179989
35203290
35205327
35240953
35243939
35245677
35280749
35291563
35292059
35300896
35326447
35327564
35345660
35351172
35356684
35358280
35411300
35432725
35451767
35467790
35481960
35484885
35491288
35498401
35508720
35514680
35537702
35554780
35570385
35595748
35626012
35637489
35640712
35651811
35669101
35681693
35698607
35722791
35733790
35752346
35755441
35763913
35767183
35785190
35806488
35810168
35813230
35813862
35833823
35846885
35870270
35872107
35892579
35927233
35939045
35949109
35981361
35996666
36002765
36056431
36058132
36063727
36090756
36108749
36110972
36111920
36114523
36114893
36119932
36209373
36213120
36242722
36269045
36314121
36322624
36326960
36330643
36346049
36352312
36355553
36388961
36419008
36427586
36443270
36460813
36467048
36474631
36479622
36484007
36546420
36577327
36579659
36599929
36617199
36628291
36635928
36672695
36720310
36730310
36781858
36806740
36809184
36833207
36870372
36878143
36878916
36879181
36883729
36906615
36941544
36941584
36988414
37003640
37018867
37020848
37024643
37031603
37055531
37056396
37065775
37079092
37095964
37103476
37131823
37144078
37183363
37189449
37189572
37190125
37191285
37203406
37207908
37215144
37226251
37234708
37235058
37236551
37250977
37263461
37282950
37302288
37327051
37342032
37382725
37392242
37415174
37428639
37431428
37437834
37449990
37487254
37511521
37523935
37525844
37549238
37550790
37563788
37569543
37571296
37592783
37594134
37601859
37647140
37673198
37697303
37713737
37728844
37752569
37756415
37777781
37813625
37820565
37829051
37839765
37859604
37863950
37877615
37883817
37893095
37894852
37921969
37924452
37925947
37936208
37957027
37964226
37967683
37975481
37980977
38001101
38020087
38029740
38030054
38035560
38049938
38053655
38064974
38083911
38089454
38089766
38104099
38139123
38150891
38164357
38169627
38203230
38228617
38238614
38247171
38270707
38289614
38300447
38301244
38307238
38315899
38317607
38320636
38321003
38329638
38342808
38401852
38403172
38403349
38429756
38459188
38467852
38472174
38492245
38506034
38536659
38551033
38555838
38582513
38589413
38600061
38601630
38603854
38605811
38636926
38653358
38695641
38709526
38730456
38737443
38739522
38760803
38762695
38763043
38768671
38781857
38797268
38814384
38820941
38821164
38829380
38835070
38842166
38885771
38886281
38933650
38951469
38953570
38955027
38955795
38984951
38986362
38995444
38999967
39000466
39014193
39014261
39031804
39066954
39069579
39085670
39087477
39092767
39119942
39167334
39168850
39174921
39193067
39212399
39227639
39237822
39250301
39260311
39263641
39269562
39273697
39292955
39309801
39322771
39329304
39337657
39342431
39363305
39376029
39382410
39431288
39433507
39435259
39457390
39467683
39488565
39490651
39500082
39507446
39508875
39510134
39516839
39524790
39542186
39543829
39596828
39604998
39606802
39615227
39619441
39628692
39629971
39647590
39706241
39725699
39730176
39735999
39753390
39765005
39766291
39789173
39814186
39814733
39826665
39839674
39850522
39855042
39862443
39864964
39888575
39930728
39971940
39978272
39987641
40002404
40008489
40010744
40020629
40021802
40025232
40045186
40083323
40111354
