818972
1426409
2066108
4599888
4615643
6766700
7591282
7604013
7660122
7674328
7729959
7759077
7837390
7903582
7911705
7915601
7923076
7937876
8012368
8268940
8270255
8401520
8499917
8521303
8599582
8634692
8652274
8674032
8707293
8730290
8758207
8768845
8855222
8863170
8952541
8956040
9106522
9121264
9137812
9166471
9215674
9239471
9256442
9290699
9309130
9327728
9360526
9399049
9399050
9399847
9458097
9523203
9624531
9652757
9681857
9765616
9778462
9820032
9829912
9923846
10205047
10213691
10232606
10326868
10326959
10353251
10408561
10408776
10454237
10475065
10487688
10491320
10523847
10533030
10535903
10554035
10567493
10579999
10619258
10635329
10697963
10722357
10740003
10766184
10807693
10830910
10857749
10878820
10897333
10928913
10932304
10942118
10942119
10973499
11043307
11054685
11081202
11090961
11154273
11171960
11175344
11190567
11257211
11265673
11285365
11292862
11309459
11313969
11331612
11354926
11406557
11409863
11420685
11475579
11483638
11493991
11504942
11536052
11550286
11585776
11641274
11705642
11705643
11793370
11821960
11840338
11850829
11850836
11865071
11908068
11921283
11929809
11967908
11987242
12016154
12032852
12036906
12048197
12076276
12086861
12114475
12114494
12114495
12124175
12205091
12209156
12359370
12381710
12393546
12414898
12484247
12488577
12490973
12543802
12584999
12607603
12609565
12624160
12644949
12682018
12682336
12684640
12692265
12710686
12839965
12853837
12883707
12944410
14500363
14531799
14569078
14601609
14604959
14636579
14668739
14706840
14722919
14726398
14755727
14767077
14965365
14973063
14985465
14987375
15026807
15062033
15094462
15100736
15177666
15181450
15300977
15343513
15367802
15457516
15601820
15608663
15608669
15611064
15611513
15642664
15771820
15776016
15809750
15824735
15870918
15883706
15883708
15883709
15904470
15905696
15908240
15921386
15935760
15956968
15958567
15975138
15991006
16101382
16117884
16142346
16163267
16322231
16356869
16407833
16407835
16483185
16488999
16502427
16507982
16531988
16585181
16652107
16707008
16713574
16841375
16856496
16862177
16884327
16884328
16925945
16928739
16951198
16954163
16969113
16977322
16981244
17001320
17006605
17010341
17060462
17067398
17067582
17069461
17100286
17102087
17102089
17102617
17134554
17153484
17218907
17245122
17264095
17268895
17285548
17297680
17325032
17343577
17437055
17482131
17486080
17526729
17537157
17598225
17598890
17671433
17680521
17688370
17696210
17898043
17906660
17919893
17922902
17932373
17954272
17967880
17973242
17997830
17998805
17998935
18031321
18063061
18095884
18209888
18212329
18219317
18223282
18297059
18323857
18359287
18389622
18394552
18416845
18423895
18434768
18446368
18464292
18481984
18523483
18583945
18598947
18607865
18717335
18751708
18780286
18794106
18813354
18818511
18830218
18836305
18836774
18948595
18950731
18957870
19030229
19061835
19145771
19162062
19208735
19215943
19216840
19228690
19238077
19243301
19252526
19270817
19280651
19288063
19321474
19340311
19352613
19399650
19401348
19402056
19411751
19473641
19493342
19541835
19574279
19602254
19620968
19623534
19649731
19657325
19661301
19671042
19690016
19694021
19755989
19764026
19799085
19806577
19814753
19862527
19878677
19933033
19996202
20026589
20034980
20049704
20068160
20075985
20125055
20137853
20145706
20205103
20221685
20225241
20300531
20368728
20375333
20382704
20388653
20420027
20431476
20560986
20599784
20632125
20637892
20679489
20833332
20844582
20863722
20864688
20865287
20952280
20964835
20978319
20980436
21151099
21204227
21233420
21304051
21384277
21415706
21424937
21454469
21463266
21488287
21493813
21547579
21556796
21570297
21594475
21620305
21630273
21632985
21685897
21715564
21778301
21822960
21853002
21942715
21951530
21962529
21972040
21982469
21993671
22020339
22022277
22043236
22084938
22125026
22177731
22180573
22286099
22299048
22357542
22357874
22369643
22415670
22440786
22516261
22517515
22642103
22649212
22649785
22673568
22705278
22763871
22799452
22825683
22876660
22931246
22946750
22952429
23065727
23072324
23074928
23141280
23159849
23174235
23178531
23203444
23223005
23257898
23258107
23298237
23314974
23318261
23327821
23338840
23353819
23361940
23387829
23395608
23397066
23403324
23455319
23473032
23501055
23538339
23552698
23558940
23588815
23591012
23626751
23632291
23644888
23673869
23720934
23730213
23772956
23797537
23797538
23842656
23848205
23872148
23874892
23881929
23886708
23902947
23922894
23961993
23966149
23970118
23982691
23990666
24002598
24063232
24067370
24145437
24149047
24149212
24166983
24195061
24201123
24298056
24301059
24308012
24335534
24344197
24362914
24394472
24421394
24446253
24491803
24518179
24581539
24678776
24727139
24729484
24779271
24810689
24820910
24886840
24899725
24915993
24969085
24972088
24998140
25027579
25069792
25078357
25097537
25159823
25166285
25184583
25298778
25310726
25361009
25391617
25427934
25490036
25499220
25500545
25501229
25533676
25589003
25617309
25661653
25683602
25732088
25738382
25749518
25750939
25760590
25773797
25805832
25818778
25853938
25866969
25915846
25987131
26018559
26084024
26093619
26191297
26224408
26247998
26304926
26325097
26341373
26486078
26497655
26506913
26620126
26677673
26735018
26735336
26751167
26758419
26833124
26841847
26884551
26920352
26943772
26973243
27029034
27034144
27051783
27057652
27069690
27196060
27324785
27329246
27345783
27345980
27358011
27460078
27488520
27530247
27581016
27581364
27617348
27623354
27682873
27709157
27733136
27749408
27777301
27811928
27836247
27845047
27851921
27902314
27902963
27997827
27997886
28036268
28052007
28082722
28089774
28089820
28099933
28103578
28114281
28235946
28329682
28346230
28352799
28368407
28394947
28469506
28503092
28533271
28534376
28574654
28578000
28580172
28591624
28624320
28632992
28643803
28646318
28689235
28701475
28710479
28723401
28731045
28765116
28790514
28803235
28849724
28853079
28853884
28868236
28893800
28905789
28925400
28952225
28969028
28976497
29018234
29033184
29053101
29075773
29084058
29097620
29124493
29169846
29172931
29229903
29264567
29294023
29340905
29373688
29425832
29435132
29452935
29463811
29507391
29525880
29562667
29595810
29619618
29650462
29654110
29662646
29720560
29749453
29795717
29813026
29845253
29848019
29860716
29891534
29911000
29941223
29949369
30006056
30006568
30026228
30040896
30105106
30118736
30122763
30140042
30149673
30194449
30234140
30236207
30257392
30314704
30334008
30338240
30372397
30413999
30463876
30477447
30518623
30522901
30523454
30540463
30553971
30581339
30635121
30655088
30731206
30801039
30815591
30826187
30911550
30945137
30946460
31017404
31068970
31123085
31161410
31176917
31234811
31268155
31321740
31337753
31375625
31383958
31436504
31505717
31528828
31539241
31556451
31564905
31575731
31588531
31620170
31625068
31628435
31638449
31773698
31804827
31810986
31814735
31887796
31928714
31959630
31996412
32023483
32076485
32101665
32106822
32127406
32179488
32183943
32184044
32209418
32284789
32291411
32292566
32303605
32304124
32308426
32325871
32356150
32399915
32460592
32467322
32487141
32513235
32537867
32552305
32671223
32725274
32739800
32742360
32756923
32792353
32817424
32869749
32875077
32912113
32924118
32936333
32943729
32948771
32987061
33004005
33067352
33069779
33121461
33219891
33261909
33309718
33329393
33372609
33400184
33444648
33445856
33471715
33509760
33540838
33558088
33647481
33675279
33777203
33798411
33799686
33828526
33851686
33854630
33947839
34002003
34080067
34094835
34135317
34174286
34196564
34230460
34242624
34290272
34301760
34359798
34431623
34459035
34462545
34494499
34504344
34537235
34575959
34586601
34589381
34594359
34628056
34631576
34638033
34656901
34686682
34712359
34719159
34720947
34789838
34851479
34853600
34859295
34863886
34893759
34923986
34937752
34998175
35035522
35074541
35100672
35142155
35159281
35169254
35176127
35205407
35231578
35240916
35245321
35295813
35304467
35344835
35357972
35388293
35408930
35414787
35441425
35448166
35469800
35502282
35505422
35624190
35637958
35666812
35677644
35734542
35749470
35774415
35834099
35855304
35875079
35918249
35937460
35983982
36036061
36051068
36216795
36242985
36310638
36316043
36321775
36324386
36358771
36414792
36509068
36515470
36536448
36617168
36650918
36678900
36708612
36715412
36722139
36722140
36739418
36749883
36764760
36765568
36813772
36816596
36831657
36835292
36936415
36980176
37069149
37080144
37176098
37183204
37224698
37277388
37337409
37362405
37445575
37450072
37459490
37506952
37555195
37563971
37564981
37582767
37587253
37699425
37720877
37762376
37777750
37833251
37852032
37922696
37933774
37955759
37979962
38010527
38014447
38058039
38072043
38076884
38115281
38153453
38181661
38199162
38201462
38257395
38304003
38332991
38344311
38360997
38464138
38478885
38519492
38564827
38599011
38616993
38618953
38618956
38666933
38706378
38719914
38740899
38753939
38755248
38808246
38809766
38822188
38824681
38843385
38901088
38914169
38914543
38915206
38921041
38969834
39038959
39050705
39069722
39166457
39207123
39282259
39286037
39294077
39320914
39359666
39362887
39369320
39382421
39389955
39448203
39483225
39524464
39549334
39588063
39592433
39603372
39605894
39693386
39753207
39757325
39809053
39809638
39834300
39850947
39874294
39932789
39937911
39945572
40005423
40016765
40038412
40059686
40100169
