10828064
12374799
12522152
12727582
14514722
14610273
14611643
14645531
14681216
15081430
15242606
15309683
15350218
15583131
15639021
15656989
15686619
15799971
15841204
15883153
15888480
16006511
16081417
16083423
16172412
16204408
16263722
16301342
16388597
16428287
16467131
16669787
16709664
16775035
16788137
16816365
16832045
16949040
17018027
17190791
17194447
17392271
17848561
18521183
18550644
18591455
18809789
18955660
18956300
19228968
19244242
19347040
19361385
19363035
19609280
19644017
19739668
19767402
20813867
20921400
20937822
21107632
21131289
21178395
21220314
21355052
21520334
21530900
21704025
21768522
22080857
22119528
22294159
22701532
22791335
22910560
22934535
23059770
23195681
23250415
23300475
23376100
23386621
23427142
23451271
23940364
24239489
24555568
24616460
24803536
24821705
25003007
25113964
25145935
25171174
25205925
25206073
25321950
25362046
25477473
25739019
25749374
25803323
26126716
26241057
26662201
27009335
27011246
27025876
27066579
27082544
27170636
27400149
27765018
27840899
27911840
27916052
28102214
28237360
28282258
28422281
28489665
28522431
28770829
28969021
29176664
29196535
29202451
29237822
29392534
29459793
29563998
29667910
29777907
29846116
29904119
29930759
30410865
30497409
30797499
31022353
31085334
31132985
31207112
31561038
31656913
31816312
31821324
32068261
32127623
32131390
32174132
32319364
32675854
32790646
33046244
33048843
33051000
33315986
33503173
33604334
33682442
33744230
33964204
34204757
34229479
34253593
34315884
34720057
34869948
34967279
35024321
35150137
35442829
35649473
35691270
35759027
35813203
35867836
35894282
36151370
36212467
36262391
36292952
36373794
36550268
36618969
36662229
36733226
36780970
36941827
36970204
37029785
37071482
37079337
37307465
37383948
37544354
37652923
37692528
37694147
37719376
37779914
37793538
37818405
37895227
38269409
38561786
38599542
38719954
38722741
38885324
38961847
38979610
39033662
39131382
39190707
39280633
39300342
39441469
39601946
39674642
39710744
39737691
39855050
39975357
39984435
40112213
