12515852
12642508
12719438
12905707
14608358
14616768
14769928
14967840
15070779
15081430
15110905
15292344
15309683
15465913
15639021
15696009
15796898
15808806
15841204
15907795
15930150
15948903
15998707
16083423
16467131
16688122
16761023
16775035
16788137
16964266
17018846
17084706
17182532
17194447
17308320
17360470
17360471
17488636
17634397
17651736
18312414
18701621
18703016
18755144
19016006
19240212
19330605
19340547
19401467
19587141
19633012
19690383
19706464
19875813
20061383
20181799
20513278
20927043
20931534
21118716
21187068
21196779
21236712
21249167
21434893
21486947
21499270
21613417
21641543
21660484
21670282
21704025
21764813
21807898
22114204
22200850
22342722
22549242
22550170
22961153
23054253
23285264
23315868
23387299
23453970
23517227
23576762
23594824
23665031
23673010
23744318
23885063
23962426
23993962
24039833
24518042
24655003
24811174
24821705
25113964
25266424
25313067
25542968
25805816
26349538
26422504
26728390
26732173
27011246
27314050
27727489
28096417
28314693
28414128
28743496
29384416
29392534
29459793
29667910
29846116
29848507
29921588
30723408
30765526
30931564
31044551
31318316
31382627
31496133
31647304
31736353
31786261
31928473
32003683
32579473
32828240
32956652
33376515
33394730
33491560
33719576
35158718
35670456
37285722
37481568
37530086
37881876
38034706
38670586
38764295
39041741
39135202
39363579
39798916
