7586754
8226929
9205106
9505170
9733573
10077531
10330495
10654605
10748202
10751174
10847723
10963668
11180802
11262227
11274170
11729105
12399317
12469206
12591239
12612606
12648100
12668639
12702582
14975722
15121182
15282335
15517620
15601467
15659486
15703844
15892713
16339193
16510589
16703618
16973609
17166916
17289346
17454147
17988238
18060046
18086577
18097596
18790633
18838463
18838960
19074881
19225568
19287097
19398721
19422288
19653308
19756656
19885916
19951692
20074638
20087418
20107508
20413689
20453882
20457670
20462515
20491588
20534975
20565980
20664938
20681444
20682799
20710043
20716939
20840354
20923554
20976520
21109017
21244856
21259057
21262207
21321190
21321938
21336184
21443457
21479970
21570720
21713770
21752258
21899945
21929743
21971039
22023617
22046319
22046489
22062135
22085926
22173107
22270359
22272766
22388478
22438568
22572818
22700866
22778029
22846569
22873724
23065334
23134367
23144318
23334328
23434763
23444360
23499309
23499310
23533594
23551536
23553522
23648512
23656646
23673642
23708097
23709755
23772371
23809337
23845395
24002087
24012543
24023545
24080828
24301659
24326514
24337439
24348261
24373193
24416131
24422117
24451367
24599775
24607930
24634143
24659666
24713700
24718611
24773279
24859686
24866848
24931170
25010833
25057074
25092896
25152462
25197350
25212236
25401739
25422594
25451226
25483966
25495387
25511451
25618247
25627001
25656424
25677507
25721714
25749569
25794425
25815728
25864198
26036628
26049140
26054493
26070541
26108893
26204899
26214410
26242865
26452989
26515145
26537990
26628978
26671912
26940255
27001213
27005318
27005891
27420949
27450065
27492485
27524218
27574028
27626678
27687586
27732335
27836544
27863006
27928227
28199399
28199987
28343033
28371069
28379384
28411110
28426731
28528193
28576832
28618940
28628032
28628035
28665926
28670380
28789400
28878630
28922973
28988845
28992081
29116339
29129025
29147753
29152652
29402200
29454608
29481978
29526736
29552441
29626750
29715461
29884440
29889892
29935254
30008830
30012084
30015876
30032164
30074215
30127962
30246918
30266753
30323063
30341522
30364642
30365079
30404864
30405773
30447692
30450855
30509497
30558506
30674073
30690791
30692598
30723155
30756509
30805937
30825002
30875657
30896082
30913006
30926812
30998609
30999814
31020703
31030663
31103063
31185248
31213486
31257059
31299386
31305788
31356809
31358066
31452690
31489935
31512238
31582804
31582965
31602242
31636474
31689765
31689877
31718352
31724937
31782053
31785260
31799196
31858550
31886199
31900623
31912153
31935487
31949853
31968132
32009419
32011099
32068029
32088641
32165291
32195293
32201670
32205857
32218732
32301035
32307830
32361708
32369212
32472701
32493400
32525771
32529806
32531778
32600368
32617660
32627121
32633368
32741376
32757296
32822773
32896021
32907622
33026174
33058920
33139146
33140323
33189914
33195246
33209423
33283877
33452817
33484703
33618074
33735116
33747179
33807552
33946738
33954290
34002485
34009051
34023542
34078411
34100378
34121204
34425652
34456188
34458510
34502498
34545072
34647572
34657551
34666560
34722541
34759273
34819873
34887903
34897418
34936186
35004673
35180326
35275697
35395473
35481425
35603707
35675541
35738543
35809318
35851082
35863746
35881419
35969160
36004351
36056132
36153002
36157448
36215026
36232736
36396825
36595228
36619232
36697060
36827869
36873675
36891752
36893429
37001295
37004832
37064339
37277619
37317788
37353383
37396524
37464094
37614308
37640899
37651108
37658228
37736721
37840014
37914154
38099414
38105830
38171557
38278051
38305787
38340578
38407813
38470510
38536562
38917529
39049630
39121475
39126373
39175775
39227908
39273283
39386291
39428718
39495367
39503185
39574688
39602902
39666293
39780405
39885534
40025242
40089003
