8951051
9099960
9545553
9824203
11449391
11605001
11712082
11840514
14533014
15034714
15048648
15900580
16621466
17098737
17386109
17436276
17454147
17943183
18302287
18600204
18949017
19444628
19686689
19781198
19857041
19895723
20018874
20107203
20159597
20492734
20570247
20729080
20856675
21474991
21672941
21674728
21704027
21771809
21855350
22146296
22489561
22517624
22522212
22696613
23322712
23348226
23746249
23843235
24398121
25010066
25100010
25232495
25596533
25643727
25731618
26045984
26116230
26235626
26484565
27199447
27211212
27432753
27513465
27622936
28553956
28627774
28656880
28665975
28709873
29062608
29109390
29152149
29890129
30127872
30191337
30212944
30246051
30303745
30352852
30589396
30594543
30619457
30791958
30935692
31468733
31479176
31497214
31504670
31667643
31783581
32323790
32711579
32766155
32779546
32983993
33155209
33224221
33397440
33635004
33692094
33927285
34158093
34274970
34333859
34375306
34425198
34438059
34477243
34666560
34706758
34862305
34901211
34911029
35037695
35168106
35785492
35929139
36056026
36220068
36560845
36676139
36908326
37107647
37374338
37497597
37634009
38267432
38612240
38697448
39028901
39068999
39362212
39435428
39577785
39616478
40074345
