8244403
8307586
9441749
10431240
11335111
11604997
11786923
11788904
12011973
12569130
12952185
14623818
14872406
14991707
15588944
15754041
16289026
17436276
17575106
18028899
18313787
18403408
19452545
19686688
19815336
20039315
21576458
21746862
21789800
22070884
22475147
22922600
23071104
23085236
23552403
23771630
23991581
24052941
24303070
24344732
24463115
24852367
25640183
25907228
26105184
26108805
26245956
26395493
26505415
27012467
27226528
27390525
27463143
27622936
27630294
27651098
27766889
28337662
28586038
29064078
29125885
29227539
29269485
29510649
29565490
29567480
29662193
30090211
30355643
30431120
30659200
31155960
31632267
31694396
31803740
31851619
31974602
32271446
32392180
32501574
32548991
32949181
32997855
33236989
34124053
34275925
34608506
34738919
34868249
34944540
35732901
35837105
36015156
36040316
36371572
36464209
36503938
36576714
36597142
37631278
37864206
37918127
38432393
38711026
38727890
38994173
39929422
39944827
40102948
