7759542
7896292
8288227
9367869
9712518
9716023
9815976
10021340
11291850
11520664
11956659
12086864
12112461
12142021
12165812
12538525
12612606
12630946
12839624
12958364
14667502
15037319
15073149
15327998
15754042
15868903
16169547
16314637
16361544
16601243
16602827
16681649
16723543
16858420
17035633
17101698
17203201
17227781
17342334
17426020
17433286
17454147
17463182
17486081
17515859
17525119
17630957
17709179
17804197
17881570
17898001
17904105
17956663
17956667
17986005
17986384
17992121
18024799
18032022
18060047
18172252
18174455
18287027
18305003
18407462
18420933
18456733
18602094
18615587
18656562
18667433
18703641
18708054
18794093
18804104
18927149
18948417
18953410
18991062
19048125
19061910
19063862
19074888
19096028
19099260
19100728
19177143
19251946
19344510
19389372
19390486
19399181
19420254
19424602
19470740
19492056
19515925
19520808
19561643
19577541
19577771
19582886
19686099
19696445
19720827
19760930
19795512
19802008
19805103
19815336
19849855
19878652
19901340
19910923
19918918
19919840
19946729
20006014
20008136
20034610
20083703
20101234
20224554
20233865
20359892
20429785
20457807
20518933
20554957
20573686
20603606
20634318
20656336
20685861
20732301
20933051
20955350
21055947
21062992
21069266
21092292
21115903
21165581
21177867
21212964
21246660
21265088
21270611
21325536
21341271
21342370
21365928
21416313
21431850
21454669
21461571
21483795
21518267
21539518
21587258
21603229
21663658
21672426
21693582
21705075
21781500
21816908
21857966
21870110
21879290
21900680
21918189
21931076
21949508
21957192
22024319
22039506
22040971
22101459
22124122
22128168
22162112
22217152
22218904
22343533
22344299
22384081
22384249
22438823
22485170
22493546
22522911
22547701
22553398
22569553
22607321
22609204
22609948
22615126
22655072
22691362
22763043
22771246
22781592
22825874
22888005
22893789
22956684
22961180
23000758
23001722
23011131
23012420
23046419
23054609
23075330
23123500
23144322
23159080
23178630
23201222
23265959
23266365
23271023
23278988
23324743
23337931
23341970
23342259
23349696
23353182
23359789
23386589
23417837
23454479
23462101
23469623
23474397
23484019
23489428
23517131
23517308
23539626
23569434
23615002
23653377
23660959
23679576
23709620
23716599
23748645
23755735
23764752
23764954
23781137
23818454
23826406
23844260
23850867
23890137
23939973
23947922
23951481
23972517
24056908
24064566
24088568
24091015
24139281
24156409
24161848
24260410
24269653
24293407
24331994
24335906
24343257
24343269
24346141
24395444
24416340
24464650
24471468
24507677
24518599
24524196
24555447
24603290
24606488
24626628
24643512
24658098
24658506
24670389
24696716
24706725
24716670
24738716
24750404
24766647
24785108
24796738
24827906
24833087
24840810
24865425
24879894
24891513
24891614
24898696
24916655
24924122
24944588
24946135
24954857
24959224
24966909
24972966
24993819
24999479
25022753
25043182
25050997
25066400
25082826
25109262
25120137
25124193
25137561
25155797
25190059
25196330
25211363
25212236
25219536
25224731
25240054
25240110
25303486
25308364
25331176
25337253
25399587
25401518
25401739
25407936
25410658
25412793
25413872
25424568
25450290
25459554
25482987
25489842
25496533
25510849
25530821
25581355
25593127
25600632
25601649
25619716
25622531
25639058
25655430
25670877
25744836
25749876
25769722
25779663
25813538
25823923
25840108
25845934
25846497
25913759
25944911
25956683
25966835
26029828
26030277
26041736
26054690
26093292
26100214
26106419
26112214
26118187
26141167
26163991
26191253
26202350
26218875
26246285
26278011
26300257
26305508
26311509
26316480
26337801
26383574
26393652
26462870
26537990
26538547
26547443
26558991
26596412
26608372
26624524
26648282
26652024
26667040
26685160
26690702
26705055
26708300
26708384
26721633
26752351
26770375
26772170
26794322
26800561
26833564
26840931
26848218
26848991
26865089
26916252
26930594
26934938
26944438
26956615
26958939
26963616
26978652
26997628
27013470
27084312
27090862
27092434
27159116
27184424
27191257
27214384
27270428
27308558
27314207
27315538
27355180
27391920
27396722
27456852
27486054
27499692
27500936
27509137
27522468
27540134
27554815
27556044
27571105
27602114
27608847
27623766
27688298
27688915
27698769
27741242
27826714
27828711
27859213
27863244
27876017
27878554
27882132
27892464
27895148
27895670
27904138
27923152
27998927
28005837
28011620
28051879
28069946
28095260
28131747
28135710
28157427
28170184
28205531
28240050
28272483
28283587
28289332
28357477
28380463
28411232
28427201
28465528
28465529
28465645
28469167
28491097
28529460
28536612
28538104
28546512
28559016
28560060
28587781
28592632
28600110
28603941
28612550
28612551
28615692
28627675
28627699
28641961
28646196
28647646
28659356
28660073
28662348
28681111
28681925
28710108
28717346
28724439
28748258
28777797
28781662
28786525
28833807
28851071
28851822
28859077
28870803
28880717
28885975
28886116
29033786
29054966
29069720
29098008
29126155
29152652
29164146
29196093
29207169
29213214
29245976
29249801
29286164
29339085
29343435
29344118
29345412
29381686
29398709
29415994
29429030
29474941
29502342
29510185
29531296
29548910
29575631
29615464
29621187
29648538
29656141
29674475
29678828
29686674
29709351
29749985
29755657
29765514
29859475
29872501
29880710
29921325
29930766
29973222
30007964
30010727
30016620
30025083
30025875
30044642
30079293
30085132
30090106
30092145
30117016
30123291
30137542
30171384
30172652
30177057
30181770
30206971
30213634
30257711
30268495
30322948
30324689
30333225
30347193
30381602
30400013
30405404
30406314
30443902
30476907
30543046
30568170
30579603
30586764
30593464
30631148
30635974
30642634
30784283
30829316
30840293
30840655
30856079
30899591
30901906
30924074
30940800
30952711
30980110
31051333
31072629
31098409
31104668
31114334
31128440
31170826
31171711
31190784
31198984
31210281
31218332
31235551
31268162
31312872
31313518
31325181
31341413
31378782
31409670
31414525
31436250
31445018
31496749
31510045
31512787
31534019
31545269
31550480
31593304
31607001
31645416
31645525
31663014
31666627
31667337
31678514
31700026
31721364
31762801
31869240
31870051
31880857
31894282
31902091
31912879
31916281
31919573
31919867
31929186
31932454
31933934
31981630
32008170
32023086
32033033
32046118
32047936
32052562
32140070
32143829
32184820
32195251
32228612
32252152
32268875
32273724
32317758
32373501
32382110
32391621
32394892
32399022
32435939
32546756
32597829
32606756
32616667
32627881
32684844
32709613
32733887
32736336
32742496
32777532
32791453
32805371
32848333
32859680
32989402
33045677
33058830
33078208
33090702
33097837
33108333
33110311
33116025
33122903
33161527
33167868
33178184
33188773
33200805
33262126
33285209
33300054
33311637
33330641
33358830
33369809
33389683
33398377
33413752
33462195
33501488
33533530
33540373
33573682
33578293
33588909
33603066
33619796
33629967
33639039
33643710
33654199
33664738
33723319
33754039
33758546
33790866
33793074
33795747
33799999
33813201
33818249
33826094
33840648
33843153
33858426
33904122
33928018
33930365
33933678
33939286
33967051
33969605
33982816
33993983
34024119
34032267
34047466
34047951
34079083
34079452
34090485
34105258
34107066
34135125
34174014
34175688
34178988
34181234
34187584
34188250
34211463
34216280
34255394
34261152
34262748
34278509
34323412
34326694
34338758
34366316
34371968
34389322
34435038
34447270
34451852
34465271
34539845
34542891
34544974
34564708
34565024
34603445
34612146
34643063
34663428
34663475
34673409
34686423
34688134
34702444
34729936
34750320
34764023
34778897
34785924
34815757
34823012
34838920
34860323
34886684
34887658
34900719
34959028
34994166
34995928
35040478
35053353
35055107
35098406
35119069
35126528
35197983
35210425
35212778
35231301
35237028
35239776
35282771
35295855
35296211
35326158
35333703
35350980
35412951
35413536
35414102
35414140
35429397
35430703
35452100
35461010
35475491
35478181
35484165
35506262
35517407
35563622
35571400
35595735
35622188
35691272
35703178
35716767
35759137
35765527
35787431
35796028
35851083
35870714
35900969
35930737
36026468
36041209
36052989
36058797
36071475
36089446
36091060
36098461
36102318
36102736
36105066
36147604
36168614
36177743
36203006
36218220
36225328
36243383
36280189
36305473
36321182
36325991
36328429
36347039
36374171
36388451
36395958
36397699
36459995
36472447
36476423
36524356
36539575
36542853
36551563
36622276
36631010
36652744
36658268
36730647
36756710
36773339
36782048
36831113
36895963
36917402
36922327
36923925
36933307
36944183
36967195
36974998
37075931
37078761
37087052
37088036
37121564
37173306
37191968
37255814
37310653
37340863
37394057
37394756
37396938
37456848
37495091
37597256
37612272
37633479
37651938
37660968
37675882
37703992
37733692
37772431
37792529
37806072
37814183
37815464
37898598
37904612
37914721
37975126
37979429
37998393
38062395
38090309
38191909
38246584
38334461
38359266
38367191
38430698
38440852
38445662
38484663
38509522
38532410
38533226
38587578
38604345
38645498
38665223
38726275
38727165
38747285
38780011
38795301
38811962
38820928
38898476
38913943
38946717
38971901
38982896
39040931
39047413
39054546
39115369
39120298
39140737
39164966
39172791
39176352
39198250
39266573
39282283
39288944
39382316
39440046
39461575
39470064
39478025
39488007
39565502
39588578
39590352
39635121
39668514
39680245
39681409
39686437
39707064
39710088
39732180
39749571
39763297
39837875
39896347
39906523
39907042
39954066
39955824
39994845
40008536
40050872
40072748
40076587
40079114
40081928
40086502
40102900
