7585966
7697724
7896292
8893824
9161407
9806537
11070089
11232041
12239632
12857724
12889062
12937339
14550385
15070830
15242796
15756457
15880584
16759992
16826533
17174942
17201809
17588571
17988238
18230341
18538017
18567805
19099255
19159115
19309796
19497282
20470940
20501643
20503388
20530549
20589917
20845993
20949531
21271649
21344627
21508348
21670302
21716096
22177312
22179044
22232518
22294752
22313908
22403725
22677559
22723712
22987443
23056560
23185011
23266637
23290138
23304155
23321718
23612250
23629626
24287629
24502851
24711502
24803261
25030175
25174399
25632963
25653486
25705850
25728679
25978974
26277516
26473947
26777421
26838601
26911934
27195958
27638328
28165497
28337222
28342972
28640224
28803732
28855715
28858622
28872671
28917830
29107840
29285041
29510649
29548910
29549123
29763843
29853224
29864439
30006540
30055575
30065628
30361522
30367944
30410084
30478038
30635974
30747225
30782804
30867752
31061754
31144375
31225798
31228633
31271226
31511849
31852613
31886205
31949568
31949573
31949853
32055677
32174831
32192522
32319613
32436833
32458062
32491970
32554486
32949181
32991049
33020141
33150795
33174012
33262987
33791195
33846764
34239670
34325316
34689593
35117830
35517414
35552394
35649360
35762674
36096830
36318668
36328563
36420144
36525670
36872426
36878275
37001514
37024132
37344564
37541622
37694534
37917586
38147228
38246919
38306655
38328077
38754502
38947517
39576204
39602462
39702274
39710122
39869079
