1372108
1472050
7782088
7849702
8033104
8571952
8675009
8960128
8968100
9101292
9111200
9238033
9758621
9771713
9771945
9885814
9914510
9950243
9976742
9988553
10024882
10064601
10467415
10619408
10660593
10738106
10753184
10924514
11071939
11133811
11156600
11182546
11238179
11245433
11278765
11334141
11375896
11443545
11445587
11470747
11489761
11532866
11585917
11606376
11709541
11710928
11746743
11872635
11891028
11955452
11960912
12110342
12116233
12124811
12151350
12220217
12243508
12359753
12376500
12399122
12435843
12458209
12552590
12579497
12618330
12621078
12706296
12740916
12749816
12820975
12844488
12857822
14624713
14652287
14735199
14744728
15066937
15090466
15140544
15173214
15199548
15298945
15339847
15364127
15381366
15564288
15598760
15615908
15650764
15679883
15754315
15776433
15824159
15837542
15896456
15936590
15941969
15982307
15988019
16000577
16030112
16038584
16054657
16054878
16061005
16150943
16217922
16280050
16319991
16324877
16341770
16458430
16537383
16542436
16550608
16571649
16609180
16646069
16685590
16707649
16806697
16835333
16865671
16875604
16889696
16973432
17023576
17111423
17164360
17164380
17242676
17264068
17290401
17363013
17403617
17438703
17466626
17470448
17498557
17504986
17604576
17605237
17637462
17693188
17695467
17696747
17705814
17912469
17952468
18043991
18044339
18075460
18095557
18204222
18230301
18246963
18315909
18335219
18347182
18349268
18349297
18365755
18415712
18459458
18470933
18478337
18510924
18510925
18575735
18578568
18635523
18637129
18692601
18817897
18946634
19027756
19041121
19051060
19052983
19055600
19062744
19085937
19096231
19101034
19109787
19181109
19414392
19432884
19442249
19458053
19466538
19492231
19561388
19592152
19669592
19707883
19736055
19748351
19748362
19834688
19846926
19895736
19908066
19919686
19926538
19933257
19934020
19957595
20016270
20076476
20104979
20111903
20137776
20143185
20170971
20204500
20229274
20232359
20351547
20354818
20375340
20379402
20379847
20431719
20482310
20514470
20568454
20571908
20649433
20651612
20677654
20708344
20723346
20740714
20797633
20832885
20833695
20840796
20863780
20944642
20979431
21063329
21129812
21178723
21182808
21183201
21245954
21264535
21394217
21541661
21553048
21571596
21599457
21614524
21617750
21627375
21633601
21643959
21667112
21740187
21788800
21793320
21939244
21945240
21950097
21951951
22047709
22077100
22081108
22081374
22110223
22116596
22179996
22183071
22183307
22194171
22213390
22234153
22266871
22306120
22321329
22387547
22479369
22496165
22536360
22537351
22617342
22644997
22740138
22760492
22797977
22826098
22844363
22870145
22890093
22893750
22932335
22938424
22938460
22970032
22994751
23028453
23028604
23039039
23044807
23053267
23083890
23147699
23161045
23167354
23221806
23229387
23232694
23271362
23317245
23382212
23390054
23397959
23429196
23464476
23534729
23596707
23617284
23669291
23697391
23700156
23716550
23740134
23741615
23800062
23884229
23889280
23913414
23959014
23977265
24101192
24157118
24189466
24258710
24260311
24284041
24338567
24347488
24362511
24418926
24443924
24486506
24510389
24535265
24560558
24564106
24590266
24609361
24611140
24617002
24619222
24649009
24652592
24687779
24716840
24716924
24761895
24787743
24833529
24834240
24834255
24845027
24868140
24906341
24955348
25002996
25050067
25089939
25113251
25117088
25169498
25268380
25285569
25308691
25310768
25311495
25356096
25431422
25474887
25500814
25520091
25531380
25537294
25546681
25681444
25708921
25715450
25716912
25731027
25748732
25873778
25897079
25916209
25962431
25969448
26001533
26001739
26031757
26086338
26124006
26136996
26264262
26379851
26482462
26550341
26577220
26682510
26695931
26742000
26767006
26779634
26896802
26918371
26918827
27064873
27139774
27166553
27262611
27862069
28027876
28230823
28434254
28560653
28610405
28686330
28707579
28797198
28810155
28927037
29111564
29121049
29303489
29616226
29793654
29912899
29959982
30066234
30089098
30100919
30146633
30225185
30275440
30386247
30429230
30462913
30520735
30627419
30672443
30847299
30883948
31124634
31286393
31348825
31450912
31756062
32245994
32377720
32562175
32711437
32724423
33025549
33495403
33517857
33733458
33777931
33827099
33891266
33906167
34659643
34967559
34992428
35483790
35713557
35977011
36103153
36196709
36509145
36798221
37082048
37392287
37498063
37933861
38089451
38111195
38285784
38541232
38806694
38879503
39027127
39115699
39472562
39923044
40056231
