7559382
7596355
8197175
8626644
8660947
8887684
8960133
9013642
9261409
9472693
9525876
9579555
9722633
9862190
10320375
10413517
10479728
10882712
11008124
11095693
11141066
11160918
11336992
11790111
11953324
12202770
12509251
12571280
12675797
12679014
12679022
14690602
14729965
14734547
15095299
15336632
15591065
15719018
15932882
15936543
15944449
16034668
16076955
16084390
16142233
16314325
16338413
16550608
16584298
16678501
16762604
16806697
17055345
17118488
17130154
17669695
17682675
17900831
17912758
17948053
17962301
18006494
18020456
18192062
18396111
18514445
18518821
18541667
18547876
18691965
18812090
18812185
19181112
19214203
19713438
19723666
19805513
19936019
19956886
20008103
20062074
20221251
20372803
20406965
20418188
20518486
20658648
20846399
20944091
20976523
21123118
21227924
21424776
21452186
21612988
21632856
21737503
21771883
21839691
21867914
21875596
21896658
22007867
22186232
22212909
22457069
22460090
22483102
22483113
22547097
22609620
22768293
22771116
22941649
23166636
23182703
23568549
23580445
23595295
23619551
23623386
23623389
23874209
23901331
23909490
23982883
24158589
24412486
24709955
24726325
24726326
24737474
24802942
24861646
25019640
25293972
25337066
25342505
25421112
25535740
25538220
25730007
25956741
26025908
26045829
26074087
26085086
26146099
26318993
26321360
26427666
26453996
26681190
26779634
26888738
27294910
27542841
27650543
28028171
28130555
28292785
28368372
28486142
28607004
28659377
28686330
29325523
29416673
29440262
29462690
29497062
29544698
29710850
29739952
29741112
29795289
30059501
30165384
30400270
30418489
30498981
30527102
30563071
30566683
30658521
30797591
30843348
30941207
31040199
31143199
31153042
31369707
31392348
31493872
31495888
31497827
31828418
31891209
32034146
32099408
32111838
32271747
32271760
32683874
32692737
32738410
32847049
33067872
33347546
33399940
33407486
33422766
33440146
33551103
33827099
33918842
34039990
34200637
34416547
34592150
35238109
35372043
35941380
36070459
36184605
36435348
36996606
37121125
37296596
37364129
37939182
38279246
38541204
38541232
38644609
39051064
39520092
39593746
39769376
39878858
40118290
