7590748
7651464
7657672
7799936
7951246
7989298
8088806
8090225
8206890
8626644
8632779
8652557
8660947
8703115
9034344
9096355
9188507
9305916
9346928
9678065
9864391
9927729
10024877
10026181
10395909
10517877
10786832
11104904
11141066
11259578
11266544
11336992
11436315
11439121
11841555
12110180
12494477
12644470
12869423
12943923
14726017
15082767
15328203
15572672
15590680
15792960
16167068
16246722
16329169
16536785
16550608
16584298
16646069
17000769
17164380
17179216
17208056
17452369
17466619
17466625
17893230
17900831
18077223
18079701
18204222
18478970
19096231
19157633
19181113
19289372
19414392
19693700
19748547
20233728
20460046
20868484
21287534
21424776
21452186
21558802
21670956
21711735
21874251
21912202
22108238
22197612
22213216
22371296
22771116
22781116
22954786
23211746
23246108
23255472
23330005
23370536
23619551
23621222
24061640
24298055
24326185
24353624
24353725
24615519
24702031
24737519
24802942
25231183
25268735
25299392
25311495
25332048
25483071
25550928
25722380
25729984
25987016
26131294
26149386
26658142
26779634
26812207
26820236
26833090
26887052
27019310
27228234
27323134
27323149
27323165
27588464
27698911
27929383
28251620
28314991
28416771
28704715
28749109
28796034
28832189
28881835
29049208
29148016
29205966
29416673
29581776
29732643
29779017
30066234
30139812
30245011
30255276
30522358
30527102
30588297
30672443
30885940
30899401
31299084
31450912
31558863
32522879
32683874
32821917
33393424
33551103
33907465
34039990
34205418
35230528
35596054
35691022
35763183
35802638
36037675
36477609
37082048
38285784
38541204
38541232
39335146
