9755161
10050047
10523319
10639332
10825193
16916550
18306389
18573877
19525230
21750575
23034282
23373539
23530499
23752175
23970380
24113472
24159164
24431073
24766216
24911659
25030088
25057921
25284315
25377562
25579209
25589658
25716206
25878333
25948791
26120835
26340096
26398108
26536918
26603256
26654943
26918731
26991404
27114368
27211268
27312795
27323910
27358488
27468087
27487856
27533791
27557643
27634897
27649553
27680702
27733172
27757501
27806331
27863053
28196522
28344316
28819023
29137251
29155058
29299164
29610030
29765539
29773601
29866745
29950445
30029878
30337641
30349650
30450161
30510142
30596398
30817003
30976603
30987380
31026569
31052304
31088931
31113936
31183193
31257621
31326389
31332020
31337858
31382411
31465861
31544310
31569391
31570982
31752970
31768947
31789821
31870117
31905765
32487143
32499298
32545904
32612949
32691208
32790071
32826328
33007990
33017560
33054040
33054049
33091396
33117284
33145612
33148342
33173198
33235326
33325634
33414399
33451349
33493586
33526437
33559690
33563902
33580200
33745946
33887086
33975179
34012430
34107420
34284202
34384466
34482103
34584169
34627293
34669417
34699936
34815254
34975332
35058899
35116322
35355406
35367710
35458742
35489384
35501995
35573474
35660848
35668193
35721113
35833267
35882999
35941226
36037515
36087493
36180918
36200270
36370692
36589683
36671496
36700404
36722323
36731340
36738306
36746437
36791564
36824761
37047788
37082728
37094850
37335774
37440910
37442763
37473530
37528310
37580908
37608630
37801604
37899423
37902414
37954586
38049328
38131168
38262581
38422768
38496553
38519605
38607071
38653804
38773631
38806549
38908542
38957783
39005064
39050773
39103668
39177040
39178254
39354146
39416201
39443736
39484542
39513105
39533979
39652777
39682167
39708554
39708768
39729162
39731209
39766285
39778762
39806439
39882192
39888288
39899539
39911820
40001478
40007039
40014082
40044035
