1525853
2060792
2542125
3151185
7565103
8082194
8107671
8226890
8313910
8535522
9341149
9373181
9469820
10102370
10347154
10497208
10673398
10794174
10903515
11013218
11115121
11431467
11527213
11754479
12446208
12582119
12743123
14514673
14556853
15135069
15318225
15367692
15656669
15691737
15706081
16200522
17087494
17187783
17561102
17707237
17889659
17980593
18086556
18280240
18439143
18725387
18795957
19106090
19252120
19502579
19589070
19878874
19952108
20372091
20538604
20632943
20676140
20677011
20842732
20971184
21106074
21118971
21148207
21187284
21205635
21289630
21376238
21390040
21454516
21478431
21521736
21610251
21783616
21844193
21854579
21856745
22009669
22075429
22308401
22363786
22411986
22433435
22499345
22558212
22707721
22750190
22909133
22939869
22948661
23146134
23160371
23245941
23275380
23340296
23607301
23685355
23737213
23791527
23793623
23850265
23912082
24101467
24141783
24223879
24303784
24356001
24366813
24381103
24439549
24462371
24486411
24491818
24511017
24598795
24605912
24621512
24643316
24703331
24726915
24810048
24810989
24813251
24831012
24837480
24906622
24954535
24954536
24993351
24993889
24995973
25056702
25087979
25147754
25218593
25257311
25266986
25313964
25356557
25388162
25436413
25445311
25473897
25479159
25601544
25628125
25668240
25680571
25707626
25739674
25743273
25754111
25846731
25966090
25973055
26023140
26056182
26058078
26063801
26163939
26263504
26287745
26295846
26316081
26335201
26389527
26390969
26426694
26443705
26458763
26695440
26699479
26699994
26716514
26731713
26876920
26894857
26917425
26923596
27000077
27013234
27058752
27125505
27173191
27215660
27223073
27239437
27239957
27267789
27270433
27307755
27308358
27321186
27325246
27359056
27418196
27428284
27432214
27500472
27543826
27556512
27705928
27706608
27734924
27780825
27793648
27832779
27832783
27835600
27838435
27854329
27901498
27905400
27911857
28060864
28079802
28087810
28098159
28120182
28123852
28230103
28239148
28253715
28274310
28293931
28346423
28357216
28376152
28376174
28381174
28381547
28418643
28433598
28435452
28438716
28483529
28504812
28608501
28616262
28624413
28627687
28677425
28677785
28745364
28796324
28801591
28827520
28848049
28861609
28892790
28915618
28923553
28951205
28961951
28972170
29061667
29088741
29109792
29113304
29131252
29136404
29154888
29157094
29163769
29167315
29179447
29180467
29212185
29228705
29283341
29285076
29312609
29329575
29340043
29358670
29367737
29372107
29383141
29416778
29416926
29429755
29432919
29435131
29449692
29452146
29479307
29487002
29488331
29490948
29496737
29507618
29511023
29535422
29649630
29674272
29680477
29696628
29700328
29731861
29754994
29755126
29758331
29762852
29770434
29775782
29780169
29845281
29850494
29859190
29872721
29888108
29909276
29956757
30009411
30017188
30025855
30025992
30037330
30099342
30106445
30111512
30126960
30127619
30142336
30156429
30188689
30214681
30234141
30237435
30246434
30249278
30279684
30297104
30312684
30323965
30336780
30344759
30349368
30353028
30362561
30382078
30449705
30456802
30496783
30504771
30511395
30531836
30555746
30561326
30563933
30618072
30631543
30639391
30644438
30685130
30755404
30771899
30774374
30805937
30820148
30859486
30863496
30868052
30898787
30907227
30909436
30918126
30931936
30934860
30964169
31006663
31038457
31042703
31068306
31085100
31099044
31107558
31125466
31142482
31142542
31145543
31145701
31167392
31175271
31179326
31199671
31215292
31216773
31288817
31297878
31313295
31318098
31341686
31349968
31352078
31376393
31383722
31393050
31397922
31412903
31413738
31444221
31448276
31455378
31461199
31477715
31485767
31487690
31489619
31518341
31524599
31528691
31541170
31543507
31557131
31560173
31575084
31592798
31613226
31641231
31642068
31645895
31672841
31692299
31692816
31709617
31717606
31730860
31731190
31732616
31733305
31734728
31747590
31748248
31756359
31789387
31796534
31810603
31817810
31827075
31833156
31835563
31841877
31848326
31851786
31869662
31873172
31877302
31880317
31883523
31894297
31896574
31897120
31897243
31899508
31900393
31913156
31914395
31923353
31927328
31933743
31933860
31949690
31949692
31957872
31958058
32042551
32046779
32054505
32066485
32066878
32099397
32141101
32150685
32154166
32160412
32169080
32175692
32186512
32190742
32193376
32206709
32209309
32216937
32218280
32223016
32226522
32289431
32292505
32293349
32296329
32297697
32308108
32313141
32313226
32345613
32354737
32365528
32368396
32369015
32376689
32379984
32389287
32390875
32404936
32436169
32445454
32452550
32461620
32483624
32488048
32504288
32514249
32516736
32521879
32528231
32538668
32541093
32541644
32544876
32547082
32561323
32564679
32567955
32606777
32623336
32623586
32626943
32654106
32675324
32678516
32690652
32698004
32706072
32716083
32721553
32721616
32748312
32757412
32760212
32761300
32763976
32768931
32799541
32823612
32827244
32839917
32841663
32848851
32849826
32863772
32894161
32898639
32914480
32915925
32929352
32934314
32945353
32958778
32967092
32985498
32988861
32991341
32997793
33011388
33020176
33023613
33042447
33046796
33057010
33059240
33074854
33085740
33088447
33108271
33111745
33123286
33145450
33146386
33146712
33149682
33153490
33165436
33173331
33190006
33194025
33197895
33216617
33218358
33222286
33232717
33237585
33240680
33242831
33248321
33262782
33293831
33294283
33326143
33336871
33359177
33359469
33363619
33415007
33421513
33428889
33436041
33452020
33480048
33489890
33495421
33495462
33495483
33504879
33510357
33517828
33526450
33537822
33547198
33552968
33568044
33604630
33611811
33613118
33664454
33688355
33704800
33712605
33713822
33730553
33737493
33739783
33741138
33753119
33753923
33754062
33763375
33777675
33795657
33803512
33827857
33833274
33834001
33834618
33880946
33888871
33899786
33926919
33951538
33970925
33975517
33988471
33993470
33994171
33994367
33996543
34003553
34004031
34012099
34035458
34035851
34036899
34038520
34038745
34060624
34078092
34082184
34082774
34090052
34094936
34096368
34112239
34118488
34122631
34131398
34146553
34148063
34150844
34156713
34160112
34192826
34196131
34199594
34206989
34233187
34257617
34260541
34280359
34289205
34293352
34301937
34306398
34314754
34323359
34326657
34344015
34349347
34351699
34354947
34364705
34381186
34394353
34411462
34431104
34445421
34471235
34480084
34480788
34506076
34512774
34520676
34530822
34532114
34533050
34544621
34550712
34550713
34562605
34575778
34631281
34632051
34651186
34659495
34660259
34663879
34666783
34669997
34691176
34693980
34715859
34716303
34732527
34733729
34743733
34771636
34784939
34791601
34808462
34816392
34826200
34874592
34880368
34888112
34893955
34916222
34931757
34944872
34968530
34990589
35006410
35014181
35017464
35026515
35031966
35039611
35053353
35059315
35063126
35072899
35073587
35084661
35102250
35102644
35110552
35116999
35117097
35122073
35123133
35129398
35147702
35170430
35173533
35176940
35177244
35182550
35220277
35234193
35251924
35252132
35252214
35262527
35264157
35264657
35274813
35284307
35307376
35318441
35318877
35328074
35345340
35346789
35350840
35351855
35358489
35366044
35385229
35396533
35407556
35409428
35421669
35435804
35449153
35452623
35459264
35459269
35500936
35533255
35546636
35550144
35563622
35586495
35598201
35598770
35601153
35616366
35619099
35635436
35642057
35648375
35656547
35665684
35665951
35667255
35672802
35689194
35703534
35705032
35705994
35713503
35718982
35734511
35753219
35761037
35762906
35773411
35782968
35798875
35810157
35818732
35819082
35822241
35836803
35838172
35840017
35844783
35850645
35864972
35868058
35869763
35880618
35884992
35891704
35930163
35936904
35937460
35952318
35954207
35961703
35961957
35979359
35983734
35986369
35986430
35989368
36001393
36008139
36008392
36015285
36031286
36035287
36037042
36052869
36054428
36068393
36100154
36103754
36121500
36147462
36150241
36157479
36180487
36182901
36182943
36187124
36193770
36198275
36198276
36206100
36210463
36223034
36238137
36247309
36254631
36276651
36285644
36292056
36309401
36326001
36330199
36336232
36341908
36346653
36367157
36368032
36373776
36377833
36399659
36418715
36428672
36457696
36463108
36468767
36473310
36479120
36498853
36504777
36526938
36539815
36555348
36562471
36562717
36576358
36596852
36608777
36610120
36617905
36622276
36633714
36635430
36640330
36643034
36653190
36682055
36693491
36698433
36707859
36719743
36720791
36723803
36727737
36732630
36736094
36753744
36774716
36775059
36779581
36787863
36788097
36791486
36794976
36804538
36815553
36823643
36828627
36835366
36853792
36860929
36863160
36920288
36928361
36934588
36944987
36979713
37005481
37016382
37027967
37030332
37031206
37047312
37062801
37071897
37078301
37083045
37111146
37119608
37121958
37142789
37143164
37147639
37165917
37175796
37184153
37190023
37213233
37215986
37234669
37246732
37269960
37271360
37275516
37285474
37287755
37295962
37304971
37314551
37318258
37335082
37335840
37370765
37379354
37383164
37386838
37388902
37416775
37416779
37429790
37454211
37467061
37489594
37498061
37500770
37503387
37507527
37525215
37525964
37537569
37546745
37549826
37558679
37559682
37565303
37577227
37587136
37587912
37592763
37593048
37606201
37628996
37655443
37665055
37679528
37706312
37731696
37737279
37741944
37744228
37748664
37752152
37762638
37773303
37779294
37781601
37781614
37793774
37806457
37810219
37818078
37838732
37843781
37879209
37884520
37894401
37918254
37929446
37930731
37934103
37949382
37950623
37957015
37968341
37974224
37983931
37986681
38012141
38017132
38020290
38040893
38041044
38044289
38048326
38050650
38056280
38070059
38088454
38100596
38113333
38125162
38169595
38180245
38184268
38219531
38237887
38240105
38242267
38263746
38277019
38287009
38292420
38308096
38308184
38322174
38328141
38336456
38341068
38346978
38364717
38383698
38392560
38407929
38416461
38428146
38441112
38442839
38444829
38447873
38462175
38467828
38481347
38486751
38488622
38491479
38493426
38496413
38496663
38499266
38505381
38516704
38516763
38517039
38526774
38537632
38540020
38540274
38550587
38571483
38572594
38575733
38581034
38583649
38596793
38602536
38622793
38631407
38657333
38657867
38659080
38670954
38677273
38685786
38691847
38714933
38730506
38735135
38754347
38754557
38766130
38773253
38782965
38785315
38844032
38849737
38850328
38853929
38857191
38874283
38886960
38895189
38909534
38920017
38924128
38925840
38934185
38943285
38945958
38955313
38955714
38958503
38960037
38967794
38972212
38975722
38977889
38982727
38992453
39005234
39026825
39027514
39027975
39030638
39034412
39038871
39047223
39051998
39054719
39091212
39091581
39092548
39093426
39096416
39102301
39115605
39128717
39137404
39150543
39154499
39155534
39178981
39179170
39189975
39190466
39198883
39208455
39220798
39222124
39247829
39248565
39260668
39263025
39270822
39271776
39283755
39293571
39298503
39301650
39308919
39309801
39314862
39327855
39347951
39369248
39385107
39397390
39398344
39400418
39413576
39424416
39442189
39458993
39460738
39460766
39495769
39501569
39502361
39503541
39513600
39523731
39531326
39540392
39560705
39563370
39566337
39579985
39584009
39598791
39603381
39608245
39613231
39615227
39617260
39624011
39624057
39630608
39636090
39636316
39641785
39642207
39647834
39659446
39660279
39671393
39674114
39675091
39707364
39715773
39718433
39751663
39754006
39778277
39786663
39788148
39815670
39820521
39827153
39846191
39851570
39868035
39875048
39883520
39889369
39896494
39897028
39897564
39902812
39914989
39917623
39928140
39937832
39951493
39955423
39968498
39974377
39985924
39991662
40008228
40012953
40024019
40027190
40032423
40035556
40051494
40057131
40060472
40071582
40080499
40080864
40080865
40108109
40111564
40119181
