20713358
21369783
23160378
23449390
23672612
24211838
24349210
25497084
25957686
25959498
25980435
26289635
26318844
26498684
26779809
27384875
27466996
27667193
28035913
28077578
28107702
28302118
28400280
28428004
29024700
29029484
29073095
29113949
29180470
29289594
29478751
29669758
29712925
29973960
30135188
30286788
30419346
30470227
30647855
31105852
31106003
31180040
31191002
31358880
31440087
31481087
31495785
31713447
31879363
32015133
32161513
32165621
32178290
32216017
32300640
32340273
32561752
32585856
32587247
32606929
32619070
32792512
32884349
32929382
32985589
33144579
33150667
33194034
33239784
33247987
33278865
33285300
33312753
33361760
33377748
33505972
33763698
33767152
33951538
33976741
34079797
34082012
34131399
34218256
34266873
34364882
34395290
34465866
34509526
34533860
34709966
34753494
34758833
34766549
34965997
34976785
34991621
35109938
35116338
35151240
35195911
35255737
35278854
35292781
35387975
35410432
35508543
35541917
35637952
35692750
35727431
35837295
35904175
35917517
35929633
36028903
36139684
36397101
36512307
36576700
36591611
36600625
36642732
36645549
36651723
36697392
36747515
36754932
36805592
36922675
36936386
36943004
36949044
36961927
37059588
37118998
37161388
37211699
37253771
37324942
37339496
37345125
37370092
37378715
37459535
37471641
37489617
37500615
37540752
37554848
37563362
37589417
37611648
37685922
37779176
37907737
37929660
37966628
37993085
38003209
38003589
38038145
38104157
38182573
38214357
38246397
38253057
38254206
38340257
38357781
38364962
38378679
38385749
38424195
38436697
38448368
38520004
38524149
38538658
38575607
38628755
38676365
38688048
38692507
38769664
38844963
38847599
38877478
38880223
38919529
38954741
38965605
38967349
38987564
38993677
39038813
39043648
39048916
39114035
39155295
39168971
39216548
39291396
39398252
39400789
39406278
39406480
39506849
39559757
39565541
39595099
39611865
39625183
39694225
39696520
39727969
39745458
39754207
39829794
39862920
39864779
39874728
39903676
39954256
39976088
39977336
39984921
39988696
39992162
40035757
40045484
40082414
40083711
40083923
40083936
40088428
40118929
