17907153
18482847
18801742
19471103
19723341
20336405
23727861
23774644
23911422
25184678
25995384
26404754
26455326
26713860
26968532
27252013
27282567
28242196
28701473
28789356
28881782
28927029
28942243
29207095
29296711
29610478
29699474
29764865
29813070
29975452
30251205
30265334
30285874
30753838
31271899
31309112
31385585
31444154
31645653
31715186
31823818
31998789
32083004
32115572
32166935
32348807
32393886
32410140
32525064
32753969
32755656
32965543
33061638
33167891
33292231
33627571
33812414
34014468
34304709
34403853
34515416
34592153
35266294
35501800
35911648
36155593
36221318
36243002
36596853
36626981
36878898
37011832
37013936
37065756
37066523
37205394
37490505
37498409
38896079
38981872
39197198
39490153
39570746
