19597491
19597492
20876357
21107608
24934715
24983873
25494715
25539802
25797214
26112950
26221345
26232227
26233892
26330387
26930642
27129249
27373158
27756245
28007413
28816086
29114518
29718741
30180182
30954439
30979864
31152485
31491374
31519324
32249212
32277050
32502225
32653938
33217982
33332716
33368532
34383984
34632336
34884836
34950514
34953044
35069262
35226388
36531173
36613756
36800142
36909510
37292950
37449401
37535755
37713040
38035881
38197134
38227369
38412861
38472396
38508705
38684900
38853072
38871709
38973251
39085428
39635987
40117332
