9671742
11245413
15476264
15756435
15897688
16149004
16203743
16793610
16940172
17130829
17160949
17259635
17266044
17572303
18425333
18625718
18661515
19242095
19403395
19556818
20159732
20429623
20661224
21059223
21475912
21483406
21908891
22139760
22560925
22593193
22728437
22815235
22843878
22966406
23375235
23436653
23879995
24336158
24615544
24962896
24973012
25031722
25202062
25281027
25621839
25729968
25824781
26198954
26431164
27007163
27090737
27267060
27519282
27590511
27768596
27792410
28207159
28607476
30248538
30740056
30898548
31191299
31454071
32721948
32741808
32742190
32801903
32999043
33332447
33426220
34234548
34277402
34354851
34403662
34632002
35121826
35528669
35668995
35809308
35987744
36356557
36551531
37080415
37477798
37648814
37653011
38134973
38259608
38505863
38852653
39354204
39770403
39877093
40083704
40093906
