19844207
20048749
20368704
20458322
20508826
20538430
20603450
20664580
20688871
20862696
20934520
20946959
20957649
21040459
21349497
21358713
21457757
21525856
21663974
21767209
21810628
21876541
21890790
21892778
21911029
21988329
21993378
22042765
22080834
22270476
22328493
22373944
22384243
22425527
22775511
22781169
22840435
22871346
22883350
22887939
22945618
22948380
23010486
23032874
23147122
23155182
23184487
23184508
23212061
23295962
23351715
23434502
23562677
23590871
23776546
23815973
24066410
24078172
24123948
24247043
24315717
24424391
24424392
24442852
24462263
24636489
24685285
24828433
24866414
25065377
25162540
25217366
25522715
25526981
25708696
25896933
25905630
25921517
25935703
26148198
26164821
26382569
26498712
26654932
26670283
26866941
26934312
26966642
27784192
27790829
27837918
28078547
28120939
28289284
28544350
28600059
28619252
28924186
28931092
29112096
29247760
29257977
29527501
29611035
29754893
30079586
30118824
30597088
30670685
30852803
30962687
31076262
31122238
31193559
31956006
31994908
32329304
32544854
32626976
32941385
33446247
33712377
33866919
34055077
34329479
34364876
34524581
34548792
35046850
35082850
35447233
35728455
35786202
35796825
38216065
38279611
38702695
